1 0.414062 0.352539 0.009375 0.00976562 0.253662
4 0.532812 0.34375 0.015625 0.03125 0.333252
1 0.328125 0.358398 0.0125 0.0136719 0.352295
1 0.385156 0.352539 0.0078125 0.00976562 0.423828
1 0.377344 0.353516 0.0078125 0.0117188 0.452393
1 0.355469 0.355469 0.0109375 0.0117188 0.597168
1 0.321875 0.356445 0.0125 0.0136719 0.601562
1 0.367969 0.354492 0.0109375 0.0136719 0.644531
1 0.984375 0.578125 0.03125 0.34375 0.693848
1 0.341406 0.354492 0.0171875 0.0175781 0.700195
1 0.503906 0.348633 0.0140625 0.0136719 0.741211
1 0.489062 0.354492 0.015625 0.0175781 0.834961
1 0.307031 0.361328 0.0203125 0.0195312 0.847656
1 0.26875 0.363281 0.01875 0.015625 0.858398
1 0.207031 0.364258 0.0265625 0.0253906 0.864746
1 0.603125 0.356445 0.04375 0.0488281 0.893555
1 0.542188 0.360352 0.03125 0.0292969 0.894531
1 0.185937 0.37207 0.040625 0.0292969 0.900391
1 0.145313 0.365234 0.053125 0.0507812 0.910156
