0 0.409375 0.457031 0.00625 0.015625 0.261963
1 0.342969 0.464844 0.0265625 0.0234375 0.299561
1 0.607031 0.450195 0.0265625 0.0253906 0.311523
1 0.560156 0.462891 0.0328125 0.0273438 0.39209
1 0.664844 0.47168 0.0328125 0.0722656 0.416748
8 0.382031 0.383789 0.0140625 0.0214844 0.598633
1 0.632812 0.452148 0.028125 0.0292969 0.67041
0 0.202344 0.475586 0.0078125 0.0410156 0.75293
1 0.521875 0.453125 0.01875 0.0195312 0.772949
1 0.646875 0.470703 0.03125 0.0664062 0.790039
0 0.41875 0.462891 0.0125 0.0351562 0.810059
0 0.2875 0.470703 0.01875 0.0507812 0.816406
0 0.304688 0.47168 0.021875 0.0449219 0.830566
8 0.925 0.34082 0.03125 0.0566406 0.835449
0 0.1875 0.474609 0.0125 0.0390625 0.893066
1 0.7125 0.472656 0.096875 0.117188 0.897949
1 0.760156 0.498047 0.120312 0.132812 0.935547
1 0.923437 0.606445 0.153125 0.322266 0.966309
1 0.838281 0.533203 0.189063 0.1875 0.967285
