1 0.217187 0.385742 0.021875 0.0253906 0.252686
2 0.561719 0.376953 0.0171875 0.0273438 0.299805
1 0.513281 0.361328 0.0140625 0.0195312 0.313965
2 0.870313 0.499023 0.165625 0.185547 0.337158
8 0.934375 0.245117 0.084375 0.0488281 0.3479
8 0.939062 0.194336 0.078125 0.0214844 0.366699
6 0.426562 0.208984 0.0125 0.0351562 0.413574
8 0.434375 0.208008 0.028125 0.0371094 0.414795
1 0.265625 0.374023 0.028125 0.0253906 0.422607
8 0.88125 0.263672 0.03125 0.046875 0.438721
3 0.232812 0.388672 0.021875 0.0351562 0.452637
1 0.242188 0.378906 0.021875 0.03125 0.488037
1 0.519531 0.365234 0.0171875 0.0273438 0.493164
1 0.49375 0.364258 0.0125 0.0253906 0.527832
6 0.448438 0.208984 0.009375 0.0351562 0.563477
3 0.785937 0.463867 0.15 0.150391 0.564941
1 0.505469 0.358398 0.0171875 0.0214844 0.566895
0 0.160156 0.375977 0.0109375 0.0332031 0.60498
1 0.532812 0.366211 0.034375 0.0292969 0.62793
1 0.446094 0.361328 0.0203125 0.0234375 0.675781
1 0.321094 0.371094 0.0296875 0.0234375 0.720215
1 0.370313 0.368164 0.028125 0.0332031 0.753418
8 0.915625 0.296875 0.03125 0.0507812 0.777344
0 0.5625 0.364258 0.015625 0.0449219 0.786621
0 0.64375 0.361328 0.0125 0.0507812 0.788574
0 0.6125 0.368164 0.0125 0.0527344 0.798828
1 0.426562 0.364258 0.021875 0.0292969 0.811035
1 0.351562 0.363281 0.025 0.03125 0.825684
0 0.675 0.366211 0.0125 0.0449219 0.860352
3 0.870313 0.495117 0.165625 0.189453 0.861328
8 0.333594 0.205078 0.0234375 0.03125 0.880859
1 0.475781 0.368164 0.0359375 0.0371094 0.886719
1 0.403125 0.373047 0.04375 0.0429688 0.893555
1 0.0265625 0.453125 0.053125 0.195312 0.900879
