0 0.1125 0.375977 0.0125 0.0136719 0.255859
8 0.985937 0.229492 0.028125 0.0527344 0.259766
1 0.460938 0.367188 0.0125 0.0234375 0.27417
1 0.263281 0.384766 0.0234375 0.0273438 0.275391
8 0.949219 0.197266 0.0578125 0.0273438 0.29834
1 0.224219 0.388672 0.0328125 0.0273438 0.395508
1 0.527344 0.369141 0.0171875 0.0273438 0.461914
1 0.5125 0.366211 0.015625 0.0214844 0.476562
1 0.286719 0.376953 0.0265625 0.03125 0.489746
3 0.0195312 0.427734 0.0390625 0.0585938 0.498535
6 0.260156 0.133789 0.0359375 0.0488281 0.518555
0 0.598437 0.375977 0.015625 0.0644531 0.5625
1 0.501562 0.373047 0.015625 0.03125 0.583008
1 0.5375 0.375 0.01875 0.03125 0.615234
1 0.446875 0.370117 0.025 0.0292969 0.621582
0 0.0671875 0.390625 0.0125 0.0390625 0.658203
3 0.2625 0.390625 0.021875 0.03125 0.733887
6 0.408594 0.148438 0.0203125 0.0507812 0.760742
8 0.260938 0.133789 0.0375 0.0527344 0.767578
6 0.439844 0.146484 0.0171875 0.0507812 0.779785
1 0.427344 0.375 0.0265625 0.0390625 0.796387
1 0.559375 0.37793 0.04375 0.0371094 0.806641
1 0.363281 0.373047 0.0328125 0.0429688 0.807129
0 0.757031 0.381836 0.0171875 0.0683594 0.810547
0 0.675 0.383789 0.01875 0.0761719 0.857422
0 0.715625 0.374023 0.01875 0.0683594 0.876953
1 0.483594 0.375977 0.0359375 0.0371094 0.888672
1 0.16875 0.397461 0.05625 0.0449219 0.908691
1 0.400781 0.382812 0.0484375 0.046875 0.912598
1 0.325781 0.380859 0.0546875 0.0546875 0.923828
