8 0.167187 0.0429688 0.053125 0.0703125 0.251953
0 0.0820312 0.398438 0.0140625 0.0546875 0.255859
6 0.167187 0.0439453 0.053125 0.0722656 0.340576
0 0.0257812 0.395508 0.0109375 0.0175781 0.384766
1 0.517187 0.363281 0.015625 0.0234375 0.440674
1 0.460938 0.361328 0.015625 0.0195312 0.442383
1 0.296875 0.364258 0.01875 0.0292969 0.465576
0 0.05 0.381836 0.009375 0.0175781 0.481445
1 0.502344 0.370117 0.0171875 0.0332031 0.492188
1 0.447656 0.364258 0.0234375 0.0332031 0.495117
1 0.532812 0.366211 0.01875 0.0292969 0.560059
1 0.554688 0.375 0.01875 0.0390625 0.61084
1 0.54375 0.373047 0.01875 0.0351562 0.635254
1 0.1875 0.396484 0.053125 0.0429688 0.714355
6 0.389844 0.0673828 0.0453125 0.0761719 0.77002
1 0.424219 0.373047 0.0234375 0.0390625 0.803711
6 0.425 0.0664062 0.01875 0.0703125 0.811523
0 0.733594 0.386719 0.0234375 0.0976562 0.815918
1 0.578125 0.37793 0.05 0.0488281 0.820312
0 0.626562 0.375 0.01875 0.078125 0.82373
0 0.83125 0.383789 0.025 0.0839844 0.864746
1 0.325781 0.375 0.0484375 0.0546875 0.866211
0 0.785937 0.376953 0.021875 0.09375 0.888672
1 0.11875 0.404297 0.0625 0.0546875 0.903809
1 0.485156 0.374023 0.0390625 0.0410156 0.916504
1 0.394531 0.381836 0.0546875 0.0527344 0.921387
1 0.2625 0.390625 0.08125 0.0820312 0.944336
