8 0.667188 0.428711 0.0125 0.0292969 0.490234
0 0.39375 0.475586 0.009375 0.0136719 0.59082
1 0.401563 0.507812 0.046875 0.0507812 0.819824
1 0.340625 0.489258 0.053125 0.0527344 0.837402
1 0.367188 0.503906 0.046875 0.046875 0.885254
1 0.2 0.490234 0.03125 0.0390625 0.895996
0 0.253125 0.487305 0.015625 0.0410156 0.918945
1 0.440625 0.513672 0.0625 0.0625 0.929199
1 0.13125 0.525391 0.125 0.160156 0.959961
1 0.504687 0.522461 0.121875 0.0800781 0.960449
1 0.692187 0.538086 0.203125 0.146484 0.969238
