8 0.88125 0.263672 0.025 0.03125 0.328369
6 0.842969 0.262695 0.0140625 0.0410156 0.446533
1 0.009375 0.498047 0.01875 0.128906 0.485352
1 0.303125 0.426758 0.05 0.0214844 0.487305
8 0.0429688 0.335938 0.0359375 0.078125 0.548828
0 0.511719 0.44043 0.0109375 0.0371094 0.563477
6 0.628125 0.305664 0.009375 0.0292969 0.687012
6 0.822656 0.268555 0.0140625 0.0410156 0.730469
8 0.694531 0.316406 0.0421875 0.015625 0.802734
1 0.0671875 0.490234 0.134375 0.113281 0.822754
1 0.401563 0.449219 0.05625 0.046875 0.859375
0 0.600781 0.443359 0.0109375 0.0429688 0.903809
1 0.480469 0.442383 0.0671875 0.0449219 0.908203
1 0.326562 0.494141 0.13125 0.125 0.95752
1 0.225781 0.540039 0.214062 0.150391 0.973633
