0 0.23125 0.356445 0.00625 0.0136719 0.275879
1 0.2625 0.361328 0.015625 0.0234375 0.28418
0 0.300781 0.34668 0.0078125 0.0175781 0.306641
0 0.114063 0.355469 0.009375 0.0195312 0.337158
1 0.44375 0.34668 0.034375 0.0332031 0.372803
0 0.417188 0.355469 0.009375 0.0351562 0.387939
0 0.214844 0.345703 0.0078125 0.0117188 0.416504
1 0.321094 0.34375 0.0265625 0.015625 0.458984
1 0.409375 0.353516 0.028125 0.0390625 0.672852
1 0.51875 0.352539 0.025 0.0332031 0.695312
0 0.714844 0.364258 0.0140625 0.0488281 0.716309
1 0.558594 0.367188 0.0296875 0.046875 0.725098
1 0.495313 0.357422 0.034375 0.0390625 0.750488
1 0.220313 0.368164 0.046875 0.0371094 0.769043
1 0.545313 0.356445 0.028125 0.0410156 0.771973
1 0.176563 0.374023 0.05625 0.0449219 0.810547
0 0.926562 0.449219 0.053125 0.257812 0.82959
1 0.58125 0.376953 0.040625 0.0585938 0.838867
1 0.0328125 0.392578 0.065625 0.136719 0.860352
1 0.607031 0.386719 0.0421875 0.0703125 0.883301
1 0.386719 0.367188 0.0515625 0.0546875 0.904297
1 0.476562 0.368164 0.05 0.0527344 0.933105
1 0.659375 0.400391 0.103125 0.0976562 0.943848
1 0.330469 0.387695 0.0921875 0.0839844 0.949707
