1 0.953125 0.515625 0.090625 0.125 0.25293
0 0.232031 0.369141 0.0109375 0.03125 0.270264
0 0.236719 0.369141 0.0140625 0.0351562 0.319336
0 0.113281 0.357422 0.0109375 0.0195312 0.355469
0 0.2625 0.363281 0.0125 0.0234375 0.37915
1 0.320312 0.345703 0.028125 0.015625 0.409668
0 0.417188 0.358398 0.009375 0.0371094 0.425781
1 0.410156 0.355469 0.0296875 0.0390625 0.605469
1 0.442969 0.349609 0.0359375 0.0351562 0.630859
1 0.496094 0.359375 0.0328125 0.0390625 0.638672
0 0.214844 0.348633 0.0078125 0.0136719 0.655762
1 0.520312 0.354492 0.025 0.0332031 0.686035
1 0.54375 0.358398 0.025 0.0410156 0.710449
1 0.559375 0.366211 0.03125 0.0488281 0.734863
0 0.934375 0.448242 0.05 0.259766 0.770996
1 0.214062 0.371094 0.040625 0.0390625 0.794922
1 0.0273438 0.401367 0.0546875 0.111328 0.812988
0 0.716406 0.364258 0.0140625 0.0488281 0.827148
1 0.582812 0.376953 0.04375 0.0585938 0.85791
1 0.610937 0.387695 0.046875 0.0722656 0.875
1 0.175 0.376953 0.05625 0.0429688 0.885254
1 0.386719 0.368164 0.0515625 0.0527344 0.911621
1 0.477344 0.369141 0.0515625 0.0507812 0.93457
1 0.329688 0.389648 0.09375 0.0839844 0.946777
1 0.660937 0.40332 0.103125 0.0996094 0.950195
