1 0.517187 0.359375 0.009375 0.0117188 0.284668
0 0.604688 0.365234 0.009375 0.0234375 0.445801
1 0.4875 0.361328 0.009375 0.0117188 0.603516
1 0.28125 0.383789 0.03125 0.0292969 0.652344
1 0.499219 0.361328 0.0109375 0.0117188 0.713379
1 0.307813 0.380859 0.028125 0.03125 0.731934
1 0.326562 0.37793 0.028125 0.0292969 0.768555
1 0.345313 0.375 0.021875 0.0273438 0.768555
1 0.0320312 0.413086 0.0640625 0.142578 0.828125
0 0.858594 0.361328 0.0234375 0.0429688 0.856445
1 0.532031 0.370117 0.0203125 0.0253906 0.875
0 0.684375 0.374023 0.015625 0.0449219 0.885742
0 0.665625 0.370117 0.015625 0.0488281 0.900879
1 0.460938 0.37793 0.046875 0.0410156 0.905273
1 0.395312 0.394531 0.071875 0.0703125 0.939453
1 0.228906 0.401367 0.0921875 0.0839844 0.946289
1 0.872656 0.490234 0.254687 0.214844 0.979004
