0 0.35625 0.363281 0.00625 0.015625 0.253906
0 0.0109375 0.397461 0.0125 0.0175781 0.271973
3 0.174219 0.400391 0.0453125 0.046875 0.272705
1 0.517969 0.367188 0.0171875 0.0273438 0.315674
1 0.446875 0.368164 0.025 0.0292969 0.355713
1 0.504687 0.37207 0.015625 0.0332031 0.442627
1 0.172656 0.398438 0.0453125 0.046875 0.494141
6 0.142969 0.0302734 0.0578125 0.0605469 0.498291
0 0.06875 0.401367 0.01875 0.0605469 0.503418
1 0.55625 0.378906 0.01875 0.0390625 0.503906
0 0.0765625 0.397461 0.015625 0.0566406 0.512207
6 0.39375 0.0478516 0.034375 0.0800781 0.528809
1 0.283594 0.366211 0.0234375 0.0292969 0.563965
1 0.534375 0.371094 0.01875 0.03125 0.679199
1 0.546875 0.37793 0.021875 0.0371094 0.732422
6 0.370313 0.0517578 0.021875 0.0761719 0.746094
1 0.421094 0.375977 0.0234375 0.0371094 0.790039
6 0.41875 0.0488281 0.025 0.0742188 0.79834
0 0.634375 0.381836 0.021875 0.0800781 0.816406
0 0.85 0.390625 0.025 0.0859375 0.818848
1 0.58125 0.383789 0.05 0.0488281 0.831055
0 0.747656 0.394531 0.0265625 0.101562 0.842285
0 0.803906 0.388672 0.0265625 0.105469 0.883301
1 0.107031 0.408203 0.0671875 0.0585938 0.898926
1 0.485938 0.378906 0.040625 0.0429688 0.899414
1 0.315625 0.379883 0.05625 0.0566406 0.909668
1 0.391406 0.385742 0.0546875 0.0566406 0.929688
1 0.242969 0.395508 0.0921875 0.0839844 0.952148
