2 0.901563 0.985352 0.040625 0.0292969 0.288574
1 0.344531 0.375 0.0140625 0.0234375 0.293945
1 0.297656 0.374023 0.0328125 0.0175781 0.309082
1 0.515625 0.371094 0.01875 0.0273438 0.393311
6 0.450781 0.238281 0.0078125 0.0273438 0.423584
1 0.507031 0.368164 0.0140625 0.0253906 0.564941
2 0.698438 0.442383 0.090625 0.0878906 0.570312
0 0.198437 0.37793 0.009375 0.0292969 0.606934
8 0.439844 0.238281 0.0265625 0.03125 0.608398
1 0.488281 0.369141 0.0140625 0.0273438 0.630859
0 0.589844 0.373047 0.0109375 0.046875 0.660645
1 0.330469 0.375 0.0296875 0.0234375 0.676758
3 0.698438 0.443359 0.090625 0.0859375 0.70459
1 0.364844 0.368164 0.0234375 0.0292969 0.711914
0 0.0757812 0.391602 0.0140625 0.0410156 0.718262
1 0.524219 0.37207 0.0359375 0.0292969 0.78125
1 0.44375 0.367188 0.021875 0.0234375 0.787109
0 0.642969 0.370117 0.0109375 0.0371094 0.806641
1 0.382812 0.370117 0.021875 0.0292969 0.812988
0 0.615625 0.370117 0.0125 0.0449219 0.816406
0 0.0625 0.393555 0.01875 0.0449219 0.819336
0 0.553906 0.370117 0.0140625 0.0371094 0.83252
1 0.967188 0.564453 0.065625 0.324219 0.84375
1 0.425 0.371094 0.025 0.0273438 0.848145
3 0.875 0.488281 0.19375 0.15625 0.848633
0 0.820312 0.380859 0.015625 0.0664062 0.887695
1 0.401563 0.379883 0.040625 0.0410156 0.898438
1 0.471875 0.375977 0.034375 0.0371094 0.899414
8 0.354688 0.236328 0.01875 0.0273438 0.90918
1 0.0234375 0.436523 0.046875 0.0957031 0.932129
1 0.242969 0.395508 0.0859375 0.0761719 0.953125
