1 0.417969 0.350586 0.0109375 0.00976562 0.279541
4 0.532812 0.34082 0.015625 0.0253906 0.335449
1 0.0117188 0.387695 0.0234375 0.0449219 0.346436
5 0.345313 0.351562 0.015625 0.0195312 0.39917
1 0.432813 0.350586 0.009375 0.00585938 0.409912
1 0.414062 0.350586 0.009375 0.00976562 0.46582
1 0.344531 0.351562 0.0171875 0.0195312 0.517578
1 0.215625 0.363281 0.025 0.0234375 0.529297
1 0.403906 0.350586 0.0109375 0.0136719 0.615723
1 0.505469 0.348633 0.0109375 0.0136719 0.68457
1 0.364062 0.354492 0.01875 0.0136719 0.714844
1 0.390625 0.351562 0.0125 0.0117188 0.715332
1 0.491406 0.353516 0.0171875 0.0195312 0.78418
1 0.267969 0.356445 0.0296875 0.0292969 0.835938
5 0.235156 0.347656 0.0640625 0.0546875 0.85791
1 0.31875 0.357422 0.01875 0.015625 0.862793
1 0.544531 0.361328 0.0296875 0.0273438 0.896484
1 0.610156 0.356445 0.0453125 0.0488281 0.901855
1 0.175 0.371094 0.040625 0.03125 0.913574
1 0.873438 0.476562 0.253125 0.3125 0.967285
