1 0.45625 0.361328 0.0125 0.0234375 0.263672
1 0.385156 0.357422 0.0203125 0.0234375 0.263672
0 0.122656 0.375977 0.0078125 0.0175781 0.265625
2 0.56875 0.375977 0.01875 0.0292969 0.272217
0 0.165625 0.368164 0.0125 0.0175781 0.299805
1 0.496094 0.363281 0.0140625 0.0273438 0.304688
1 0.321875 0.368164 0.015625 0.0175781 0.389893
8 0.432813 0.191406 0.01875 0.0390625 0.396973
1 0.441406 0.363281 0.0140625 0.0273438 0.413086
8 0.447656 0.192383 0.0109375 0.0371094 0.415527
1 0.254687 0.375977 0.03125 0.0253906 0.420654
3 0.192188 0.395508 0.028125 0.0371094 0.429199
2 0.90625 0.516602 0.1875 0.205078 0.457031
1 0.51875 0.363281 0.0125 0.0234375 0.478516
1 0.310156 0.369141 0.0203125 0.0195312 0.559082
1 0.449219 0.361328 0.0203125 0.0234375 0.560059
1 0.542969 0.367188 0.0328125 0.03125 0.616699
6 0.447656 0.192383 0.0109375 0.0371094 0.645996
1 0.507031 0.359375 0.0171875 0.0195312 0.694336
6 0.421094 0.193359 0.0109375 0.0390625 0.695801
1 0.342969 0.365234 0.0234375 0.0351562 0.700195
1 0.529688 0.365234 0.021875 0.0273438 0.724121
0 0.628125 0.370117 0.015625 0.0605469 0.788574
1 0.360156 0.374023 0.0296875 0.0253906 0.803711
0 0.965625 0.381836 0.028125 0.0839844 0.819336
0 0.139062 0.375 0.0125 0.0273438 0.819824
0 0.56875 0.364258 0.01875 0.0488281 0.829102
1 0.428125 0.365234 0.025 0.03125 0.830078
0 0.694531 0.366211 0.0140625 0.0488281 0.833008
1 0.219531 0.383789 0.0390625 0.0371094 0.834961
3 0.907812 0.508789 0.184375 0.224609 0.835449
0 0.661719 0.365234 0.0140625 0.0585938 0.874512
8 0.317969 0.186523 0.0265625 0.0332031 0.892578
1 0.478906 0.368164 0.0359375 0.0371094 0.900879
1 0.403125 0.374023 0.04375 0.0449219 0.912109
