1 0.497656 0.443359 0.0109375 0.0195312 0.273438
2 0.496875 0.447266 0.009375 0.0195312 0.279053
0 0.496875 0.442383 0.00625 0.0253906 0.346436
6 0.330469 0.392578 0.0109375 0.015625 0.346924
3 0.377344 0.458984 0.0234375 0.0273438 0.359619
6 0.0695312 0.413086 0.0109375 0.0371094 0.379883
8 0.54375 0.320312 0.0125 0.0195312 0.536133
0 0.145313 0.467773 0.0125 0.0410156 0.584473
0 0.223438 0.469727 0.025 0.0644531 0.636719
0 0.25 0.467773 0.025 0.0722656 0.702637
8 0.3375 0.353516 0.01875 0.0234375 0.771484
0 0.444531 0.458984 0.0171875 0.046875 0.84668
1 0.524219 0.44043 0.0203125 0.0214844 0.853516
0 0.0992187 0.477539 0.0171875 0.0566406 0.871094
0 0.270312 0.467773 0.021875 0.0722656 0.883789
1 0.652344 0.443359 0.0359375 0.0351562 0.890137
1 0.7625 0.480469 0.096875 0.148438 0.929199
1 0.889063 0.501953 0.215625 0.269531 0.932617
1 0.709375 0.477539 0.065625 0.111328 0.94873
