1 0.428906 0.364258 0.0203125 0.0214844 0.309082
0 0.242969 0.380859 0.0109375 0.0390625 0.326416
1 0.246875 0.379883 0.021875 0.0371094 0.328369
2 0.882031 0.496094 0.192188 0.164062 0.395508
1 0.48125 0.359375 0.0125 0.015625 0.408936
1 0.358594 0.370117 0.0171875 0.0253906 0.52002
1 0.496875 0.359375 0.009375 0.0117188 0.629395
1 0.325781 0.376953 0.0234375 0.0273438 0.652344
1 0.509375 0.358398 0.0125 0.0136719 0.682617
1 0.339844 0.375977 0.0265625 0.0292969 0.699219
3 0.882812 0.493164 0.190625 0.169922 0.776367
1 0.539844 0.370117 0.0203125 0.0253906 0.794922
0 0.825 0.357422 0.01875 0.0351562 0.802734
0 0.803125 0.357422 0.0125 0.03125 0.827637
3 0.933594 0.53125 0.132812 0.171875 0.852051
0 0.675 0.371094 0.015625 0.0429688 0.876953
0 0.65625 0.368164 0.0125 0.0488281 0.896484
1 0.463281 0.376953 0.0453125 0.0429688 0.913574
1 0.284375 0.389648 0.071875 0.0683594 0.925781
1 0.4 0.391602 0.075 0.0683594 0.932617
1 0.792969 0.451172 0.189063 0.160156 0.944824
1 0.0984375 0.398438 0.128125 0.117188 0.958008
