4 0.515625 0.339844 0.0125 0.015625 0.292236
1 0.207813 0.349609 0.025 0.0195312 0.296387
1 0.40625 0.342773 0.009375 0.00976562 0.317383
1 0.375 0.342773 0.0125 0.00976562 0.403564
1 0.359375 0.34082 0.009375 0.00976562 0.516602
1 0.389062 0.341797 0.0125 0.0117188 0.532227
1 0.515625 0.339844 0.0125 0.015625 0.547363
1 0.309375 0.345703 0.009375 0.0078125 0.5625
1 0.502344 0.342773 0.0109375 0.00976562 0.590332
1 0.338281 0.341797 0.0140625 0.0117188 0.652832
1 0.29375 0.34375 0.01875 0.015625 0.766602
5 0.226562 0.337891 0.05625 0.0429688 0.810547
1 0.489062 0.34668 0.015625 0.0175781 0.814453
1 0.275 0.34668 0.01875 0.0136719 0.82373
1 0.585938 0.348633 0.0375 0.0449219 0.899902
1 0.0773437 0.362305 0.0484375 0.0292969 0.904785
1 0.532812 0.350586 0.028125 0.0292969 0.910156
