1 0.40625 0.344727 0.009375 0.00976562 0.262207
1 0.396094 0.34668 0.0140625 0.0136719 0.295654
1 0.528125 0.34375 0.0125 0.0117188 0.302002
1 0.525 0.345703 0.00625 0.0078125 0.31543
4 0.530469 0.333984 0.0140625 0.0234375 0.344727
1 0.409375 0.344727 0.009375 0.00976562 0.365479
1 0.419531 0.341797 0.0078125 0.0078125 0.398438
8 0.53125 0.333008 0.0125 0.0214844 0.418213
1 0.378906 0.341797 0.0109375 0.0117188 0.422852
1 0.389062 0.34668 0.009375 0.00976562 0.435059
5 0.103125 0.34375 0.1 0.0507812 0.449951
1 0.503906 0.341797 0.0109375 0.0117188 0.587891
1 0.0828125 0.37207 0.034375 0.0371094 0.737793
1 0.369531 0.34668 0.0109375 0.0136719 0.753418
1 0.348437 0.345703 0.01875 0.0195312 0.826172
1 0.491406 0.347656 0.0140625 0.015625 0.833496
1 0.320312 0.349609 0.01875 0.0195312 0.860352
1 0.257812 0.356445 0.034375 0.0253906 0.873535
1 0.6125 0.351562 0.046875 0.0507812 0.878418
1 0.19375 0.362305 0.03125 0.0253906 0.890625
1 0.54375 0.354492 0.03125 0.0292969 0.907715
1 0.040625 0.37793 0.075 0.0566406 0.922363
1 0.823438 0.43457 0.265625 0.232422 0.983398
