1 0.325 0.369141 0.01875 0.0234375 0.253662
0 0.878125 0.378906 0.01875 0.0390625 0.254395
1 0.454688 0.355469 0.015625 0.015625 0.279053
1 0.516406 0.354492 0.0109375 0.0136719 0.303223
0 0.902344 0.374023 0.0171875 0.0332031 0.303711
1 0.451562 0.353516 0.009375 0.0117188 0.312012
3 0.671875 0.416992 0.075 0.0800781 0.365479
0 0.860937 0.388672 0.028125 0.0664062 0.413086
0 0.225781 0.370117 0.0078125 0.0253906 0.429688
1 0.490625 0.355469 0.0125 0.0117188 0.526367
1 0.335938 0.368164 0.01875 0.0253906 0.52832
1 0.504687 0.355469 0.015625 0.015625 0.657715
1 0.308594 0.371094 0.0234375 0.0273438 0.693359
1 0.475781 0.353516 0.0140625 0.015625 0.700195
3 0.975781 0.640625 0.0484375 0.179688 0.737793
0 0.573438 0.361328 0.009375 0.0390625 0.742676
0 0.957812 0.393555 0.034375 0.0566406 0.769531
0 0.597656 0.365234 0.0140625 0.0351562 0.775879
1 0.670313 0.417969 0.071875 0.078125 0.805176
1 0.0164062 0.386719 0.0328125 0.0429688 0.808594
0 0.715625 0.364258 0.01875 0.0449219 0.814941
1 0.528906 0.365234 0.0203125 0.0234375 0.829102
3 0.834375 0.480469 0.18125 0.171875 0.852539
0 0.826563 0.355469 0.03125 0.0546875 0.855469
1 0.639844 0.399414 0.0765625 0.0839844 0.875488
1 0.26875 0.369141 0.059375 0.0625 0.883789
1 0.4375 0.368164 0.040625 0.0410156 0.886719
1 0.360938 0.369141 0.034375 0.0429688 0.891602
3 0.924219 0.532227 0.148438 0.208984 0.896973
1 0.769531 0.444336 0.173438 0.146484 0.945312
1 0.396875 0.382812 0.065625 0.0625 0.946777
