0 0.192188 0.37793 0.0125 0.0292969 0.266113
1 0.373437 0.363281 0.009375 0.015625 0.357422
0 0.271875 0.365234 0.00625 0.0195312 0.370361
0 0.0351562 0.383789 0.0171875 0.0449219 0.441406
0 0.0164062 0.390625 0.0203125 0.0546875 0.461914
1 0.395312 0.364258 0.015625 0.0214844 0.467773
1 0.380469 0.363281 0.0140625 0.015625 0.488281
1 0.560938 0.383789 0.028125 0.0566406 0.668945
8 0.101562 0.317383 0.01875 0.0253906 0.684082
1 0.551562 0.379883 0.028125 0.0449219 0.685059
1 0.592188 0.384766 0.05625 0.0742188 0.698242
1 0.326562 0.364258 0.025 0.0253906 0.733398
1 0.534375 0.373047 0.025 0.0351562 0.751465
1 0.454688 0.366211 0.04375 0.0253906 0.811035
1 0.49375 0.366211 0.021875 0.0253906 0.827637
1 0.353125 0.362305 0.03125 0.0332031 0.864746
1 0.410156 0.373047 0.0421875 0.0429688 0.900879
1 0.621094 0.397461 0.0859375 0.0917969 0.909668
1 0.698438 0.431641 0.134375 0.125 0.958496
1 0.09375 0.421875 0.153125 0.132812 0.967285
