8 0.457031 0.266602 0.0203125 0.0253906 0.260986
0 0.569531 0.371094 0.0078125 0.0351562 0.343018
1 0.495313 0.368164 0.015625 0.0253906 0.439697
0 0.590625 0.362305 0.009375 0.0292969 0.453125
1 0.508594 0.367188 0.0140625 0.0234375 0.478516
0 0.153906 0.370117 0.0109375 0.0175781 0.486328
1 0.0242187 0.417969 0.0453125 0.046875 0.518066
1 0.394531 0.360352 0.0140625 0.0175781 0.521973
1 0.352344 0.368164 0.0171875 0.0214844 0.583984
1 0.521094 0.368164 0.0265625 0.0253906 0.647949
1 0.279687 0.380859 0.021875 0.0390625 0.76123
3 0.845312 0.495117 0.20625 0.169922 0.762207
1 0.453125 0.364258 0.01875 0.0253906 0.770996
0 0.541406 0.367188 0.0078125 0.03125 0.774414
3 0.763281 0.450195 0.107813 0.138672 0.78125
1 0.929688 0.607422 0.140625 0.339844 0.807129
1 0.436719 0.368164 0.0234375 0.0253906 0.836914
1 0.476562 0.373047 0.034375 0.0351562 0.858398
1 0.734375 0.432617 0.1375 0.142578 0.871094
1 0.376563 0.369141 0.034375 0.0351562 0.890137
1 0.309375 0.378906 0.0625 0.0585938 0.918945
1 0.413281 0.37793 0.0421875 0.0410156 0.918945
1 0.660937 0.40918 0.084375 0.115234 0.926758
1 0.182812 0.395508 0.0625 0.0605469 0.937988
1 0.103906 0.426758 0.135937 0.107422 0.965332
