6 0.810938 0.366211 0.009375 0.0214844 0.253174
1 0.502344 0.446289 0.0265625 0.0214844 0.475586
1 0.385156 0.456055 0.0203125 0.0253906 0.527344
8 0.20625 0.334961 0.021875 0.0214844 0.583984
8 0.71875 0.280273 0.059375 0.0214844 0.600586
1 0.335156 0.461914 0.0265625 0.0332031 0.661133
1 0.523438 0.448242 0.021875 0.0175781 0.719238
8 0.204688 0.306641 0.028125 0.0351562 0.864746
0 0.864062 0.446289 0.021875 0.0644531 0.875977
1 0.264062 0.473633 0.08125 0.0605469 0.87793
0 0.642187 0.476562 0.034375 0.078125 0.890625
0 0.0242187 0.522461 0.0484375 0.158203 0.911621
0 0.892187 0.46875 0.021875 0.0859375 0.914062
1 0.694531 0.449219 0.0484375 0.046875 0.922363
0 0.0625 0.547852 0.05625 0.205078 0.923828
0 0.121875 0.544922 0.05625 0.199219 0.934082
