1 0.504687 0.369141 0.015625 0.0273438 0.252441
6 0.430469 0.239258 0.0078125 0.0292969 0.264404
6 0.44375 0.239258 0.01875 0.0292969 0.355225
3 0.682031 0.4375 0.101562 0.0859375 0.520508
8 0.440625 0.239258 0.025 0.0292969 0.536133
1 0.30625 0.373047 0.028125 0.0195312 0.542969
2 0.682031 0.438477 0.101562 0.0839844 0.549805
1 0.488281 0.370117 0.0140625 0.0253906 0.583984
0 0.201562 0.376953 0.009375 0.0273438 0.700195
0 0.589063 0.37207 0.009375 0.0449219 0.711914
1 0.942187 0.569336 0.115625 0.423828 0.757324
0 0.08125 0.392578 0.0125 0.0429688 0.772949
1 0.332031 0.375 0.0296875 0.0234375 0.786621
0 0.553125 0.368164 0.0125 0.0371094 0.795898
1 0.523438 0.371094 0.034375 0.0273438 0.800293
1 0.442187 0.367188 0.021875 0.0234375 0.801758
0 0.639844 0.368164 0.0109375 0.0371094 0.805176
1 0.385156 0.370117 0.0203125 0.0292969 0.818848
0 0.065625 0.386719 0.015625 0.0351562 0.822266
1 0.365625 0.368164 0.025 0.0292969 0.827637
1 0.425781 0.371094 0.0265625 0.0273438 0.859375
0 0.614062 0.368164 0.0125 0.0449219 0.861328
1 0.402344 0.380859 0.0421875 0.0429688 0.895996
1 0.470313 0.375 0.034375 0.0390625 0.903809
3 0.825781 0.480469 0.135937 0.140625 0.905273
8 0.357031 0.237305 0.0171875 0.0253906 0.911133
0 0.809375 0.381836 0.01875 0.0683594 0.914062
1 0.0398437 0.429688 0.0796875 0.0898438 0.944336
1 0.258594 0.391602 0.0765625 0.0722656 0.954102
