1 0.0695312 0.515625 0.117188 0.0703125 0.258789
6 0.0648438 0.432617 0.0140625 0.0527344 0.260742
6 0.910937 0.431641 0.015625 0.0234375 0.29126
0 0.0140625 0.59375 0.025 0.242188 0.314697
1 0.378125 0.479492 0.01875 0.0214844 0.332764
8 0.910937 0.431641 0.015625 0.0234375 0.392822
6 0.81875 0.382812 0.009375 0.015625 0.418701
6 0.167187 0.391602 0.01875 0.0292969 0.422607
6 0.696094 0.421875 0.0078125 0.0234375 0.452148
8 0.729688 0.292969 0.065625 0.0234375 0.495605
1 0.173438 0.505859 0.065625 0.0625 0.584961
0 0.799219 0.49707 0.0265625 0.0839844 0.76123
0 0.815625 0.476562 0.025 0.0742188 0.784668
1 0.3 0.489258 0.046875 0.0371094 0.784668
1 0.10625 0.507812 0.053125 0.0625 0.80127
1 0.239844 0.496094 0.0609375 0.0585938 0.855957
8 0.178906 0.318359 0.0296875 0.0390625 0.873535
0 0.06875 0.554688 0.05 0.195312 0.887207
1 0.701563 0.47168 0.053125 0.0488281 0.913574
0 0.865625 0.491211 0.025 0.0800781 0.918945
1 0.496094 0.491211 0.0921875 0.0566406 0.955078
