1 0.50625 0.349609 0.0125 0.015625 0.250244
1 0.370313 0.351562 0.028125 0.0195312 0.27124
1 0.397656 0.345703 0.0203125 0.0195312 0.36084
1 0.546094 0.348633 0.0234375 0.0214844 0.411133
1 0.440625 0.34668 0.0125 0.0136719 0.414795
1 0.429688 0.351562 0.015625 0.0234375 0.492188
0 0.1375 0.365234 0.0125 0.03125 0.512207
6 0.401563 0.110352 0.021875 0.0644531 0.532715
1 0.525781 0.349609 0.0171875 0.015625 0.572754
0 0.09375 0.376953 0.01875 0.0390625 0.59082
1 0.4875 0.349609 0.025 0.0195312 0.750488
6 0.425781 0.110352 0.0203125 0.0644531 0.804199
6 0.380469 0.111328 0.0203125 0.0664062 0.806152
1 0.464063 0.349609 0.021875 0.0234375 0.8125
1 0.175 0.373047 0.06875 0.0546875 0.862793
1 0.411719 0.362305 0.0453125 0.0410156 0.874512
0 0.904688 0.384766 0.028125 0.101562 0.880371
0 0.973437 0.412109 0.028125 0.128906 0.904297
0 0.878125 0.389648 0.028125 0.0996094 0.913574
1 0.247656 0.37793 0.0921875 0.0878906 0.945801
1 0.357812 0.381836 0.08125 0.0761719 0.945801
1 0.517187 0.443359 0.178125 0.175781 0.972656
