3 0.951563 0.579102 0.096875 0.248047 0.258789
1 0.503125 0.366211 0.0125 0.0214844 0.283203
1 0.230469 0.371094 0.0234375 0.0195312 0.322266
0 0.570312 0.370117 0.009375 0.0371094 0.330811
1 0.348437 0.367188 0.015625 0.0195312 0.418213
1 0.508594 0.367188 0.0140625 0.0234375 0.451416
0 0.590625 0.362305 0.0125 0.0332031 0.483887
1 0.492969 0.368164 0.0171875 0.0253906 0.530273
3 0.803125 0.459961 0.13125 0.177734 0.601562
1 0.451562 0.363281 0.01875 0.0234375 0.684082
1 0.332031 0.371094 0.0234375 0.0273438 0.686035
1 0.521094 0.368164 0.0296875 0.0253906 0.698242
1 0.390625 0.359375 0.015625 0.015625 0.700195
1 0.971875 0.618164 0.05625 0.314453 0.744629
3 0.901563 0.510742 0.190625 0.189453 0.762207
0 0.541406 0.365234 0.0078125 0.03125 0.782715
1 0.475781 0.373047 0.0359375 0.0351562 0.855957
1 0.435937 0.367188 0.021875 0.0273438 0.858887
1 0.766406 0.441406 0.170312 0.160156 0.888184
1 0.4125 0.375977 0.040625 0.0410156 0.900391
1 0.370313 0.370117 0.034375 0.0371094 0.904785
1 0.677344 0.413086 0.101562 0.123047 0.91748
1 0.289062 0.380859 0.071875 0.0664062 0.93457
1 0.145313 0.399414 0.08125 0.0683594 0.945312
1 0.0554687 0.44043 0.110937 0.126953 0.963379
