1 0.520312 0.34668 0.009375 0.00976562 0.278809
5 0.325 0.339844 0.01875 0.03125 0.287354
1 0.421094 0.34375 0.0078125 0.0078125 0.366455
1 0.359375 0.347656 0.0125 0.015625 0.42041
4 0.321094 0.348633 0.0140625 0.0214844 0.458008
1 0.319531 0.350586 0.0140625 0.0175781 0.466309
1 0.391406 0.34668 0.0078125 0.00976562 0.504883
1 0.401563 0.344727 0.009375 0.00976562 0.539062
1 0.3625 0.347656 0.009375 0.0117188 0.556641
4 0.524219 0.337891 0.0140625 0.0273438 0.648438
1 0.503125 0.344727 0.009375 0.00976562 0.669922
1 0.353125 0.348633 0.0125 0.0136719 0.746582
1 0.332812 0.351562 0.015625 0.015625 0.79834
1 0.38125 0.34668 0.0125 0.0136719 0.800293
1 0.490625 0.349609 0.01875 0.0195312 0.84668
1 0.539062 0.354492 0.03125 0.0332031 0.910645
1 0.617969 0.354492 0.0484375 0.0566406 0.926758
1 0.186719 0.366211 0.0390625 0.0292969 0.930176
1 0.691406 0.394531 0.142188 0.136719 0.96875
