1 0.5 0.348633 0.009375 0.00976562 0.263428
1 0.508594 0.347656 0.0109375 0.015625 0.268799
4 0.510156 0.345703 0.0109375 0.015625 0.287842
1 0.402344 0.350586 0.0078125 0.00976562 0.319824
4 0.529688 0.341797 0.015625 0.03125 0.431641
1 0.385156 0.351562 0.0109375 0.0117188 0.459961
1 0.36875 0.352539 0.0125 0.0136719 0.562988
1 0.321875 0.351562 0.0125 0.0117188 0.580566
1 0.175 0.367188 0.025 0.03125 0.595215
1 0.311719 0.355469 0.0140625 0.0117188 0.691406
1 0.339844 0.351562 0.0109375 0.0117188 0.693848
1 0.483594 0.355469 0.0171875 0.0195312 0.801758
1 0.285937 0.360352 0.01875 0.0175781 0.822266
1 0.269531 0.361328 0.0171875 0.0195312 0.847656
1 0.536719 0.358398 0.0296875 0.0292969 0.879395
1 0.592188 0.355469 0.040625 0.046875 0.894043
1 0.195312 0.364258 0.059375 0.0371094 0.899902
1 0.03125 0.390625 0.0625 0.046875 0.933594
