3 0.973437 0.59668 0.053125 0.169922 0.298584
1 0.507031 0.363281 0.0140625 0.0195312 0.307373
1 0.499219 0.364258 0.0109375 0.0214844 0.312012
1 0.267969 0.37793 0.0265625 0.0253906 0.339844
6 0.439063 0.222656 0.028125 0.03125 0.37085
1 0.5125 0.365234 0.015625 0.0234375 0.37207
2 0.764063 0.466797 0.125 0.125 0.453613
1 0.275781 0.375 0.0234375 0.0234375 0.524414
1 0.485938 0.366211 0.021875 0.0292969 0.57373
1 0.520312 0.368164 0.021875 0.0253906 0.606934
1 0.295312 0.37207 0.025 0.0214844 0.608398
2 0.971875 0.611328 0.05625 0.144531 0.674316
1 0.444531 0.365234 0.0234375 0.0273438 0.689453
0 0.0484375 0.391602 0.015625 0.0410156 0.717285
1 0.323438 0.37207 0.03125 0.0253906 0.76123
0 0.600781 0.37207 0.0140625 0.0527344 0.786621
8 0.439063 0.223633 0.028125 0.0332031 0.803223
1 0.239844 0.382812 0.0359375 0.0351562 0.821777
0 0.034375 0.391602 0.015625 0.0488281 0.824707
1 0.376563 0.368164 0.025 0.0332031 0.825684
0 0.629687 0.367188 0.015625 0.0507812 0.827148
1 0.357812 0.365234 0.025 0.03125 0.829102
1 0.425781 0.368164 0.0265625 0.0292969 0.842285
3 0.765625 0.466797 0.125 0.125 0.848633
0 0.657812 0.368164 0.009375 0.0410156 0.850586
0 0.55625 0.365234 0.015625 0.0390625 0.851074
8 0.344531 0.220703 0.0203125 0.0273438 0.883789
1 0.402344 0.376953 0.0421875 0.0429688 0.893555
1 0.473437 0.371094 0.034375 0.0351562 0.907715
0 0.857813 0.387695 0.021875 0.0878906 0.942383
1 0.141406 0.412109 0.129688 0.113281 0.964355
