1 0.39375 0.354492 0.00625 0.00976562 0.253906
4 0.584375 0.359375 0.0375 0.0429688 0.277344
4 0.539062 0.344727 0.015625 0.0332031 0.2854
4 0.514844 0.350586 0.0109375 0.0175781 0.286377
8 0.0226563 0.349609 0.0453125 0.0625 0.287354
1 0.360156 0.353516 0.0109375 0.0117188 0.298584
1 0.35 0.354492 0.015625 0.00976562 0.356201
1 0.405469 0.352539 0.0109375 0.00976562 0.455811
5 0.021875 0.348633 0.04375 0.0644531 0.462402
1 0.254687 0.359375 0.015625 0.015625 0.491455
1 0.373437 0.355469 0.009375 0.0078125 0.589844
1 0.500781 0.353516 0.0109375 0.0117188 0.629883
1 0.383594 0.355469 0.0109375 0.0117188 0.648926
1 0.31875 0.356445 0.0125 0.00976562 0.651855
1 0.239063 0.359375 0.03125 0.0195312 0.740234
1 0.488281 0.358398 0.0171875 0.0175781 0.79248
1 0.290625 0.355469 0.021875 0.015625 0.812012
1 0.208594 0.364258 0.0234375 0.0136719 0.823242
1 0.584375 0.359375 0.0375 0.0429688 0.843262
1 0.053125 0.375 0.040625 0.03125 0.845703
1 0.0960938 0.369141 0.0515625 0.03125 0.86084
1 0.530469 0.362305 0.0296875 0.0292969 0.915039
