8 0.985156 0.216797 0.0296875 0.0390625 0.257812
1 0.203906 0.387695 0.0234375 0.0292969 0.32373
1 0.457031 0.361328 0.0203125 0.0195312 0.352295
1 0.513281 0.363281 0.0140625 0.0234375 0.35498
1 0.221875 0.386719 0.028125 0.0273438 0.393066
0 0.125781 0.383789 0.0171875 0.0410156 0.398682
1 0.501562 0.368164 0.015625 0.0332031 0.581543
1 0.528125 0.365234 0.01875 0.0273438 0.587891
6 0.415625 0.124023 0.025 0.0605469 0.597656
6 0.399219 0.125 0.0171875 0.0585938 0.619141
3 0.247656 0.390625 0.0234375 0.03125 0.672852
6 0.240625 0.108398 0.040625 0.0566406 0.685059
1 0.538281 0.371094 0.0203125 0.03125 0.694336
0 0.0460938 0.386719 0.0140625 0.0390625 0.746582
1 0.425 0.371094 0.025 0.0390625 0.74707
8 0.240625 0.109375 0.040625 0.0546875 0.747559
1 0.564062 0.376953 0.046875 0.0429688 0.794922
6 0.436719 0.123047 0.0171875 0.0585938 0.799805
0 0.775 0.380859 0.01875 0.0742188 0.820801
1 0.354688 0.371094 0.0375 0.046875 0.822754
0 0.689062 0.381836 0.01875 0.0800781 0.844727
0 0.604688 0.373047 0.015625 0.0664062 0.854492
0 0.733594 0.378906 0.0203125 0.0859375 0.888184
1 0.4 0.378906 0.05 0.0507812 0.897461
1 0.484375 0.373047 0.0375 0.0429688 0.913574
1 0.155469 0.394531 0.0578125 0.046875 0.921875
1 0.310937 0.378906 0.0625 0.0585938 0.932617
