1 0.336719 0.351562 0.0109375 0.0117188 0.270264
1 0.446875 0.352539 0.0125 0.0136719 0.274902
4 0.59375 0.354492 0.04375 0.0488281 0.330078
1 0.379687 0.351562 0.009375 0.0078125 0.332031
1 0.392969 0.350586 0.0109375 0.00976562 0.499023
4 0.530469 0.341797 0.0171875 0.0351562 0.529297
1 0.333594 0.353516 0.0171875 0.0117188 0.589355
1 0.352344 0.351562 0.0109375 0.0078125 0.60791
1 0.310937 0.358398 0.015625 0.0136719 0.724609
1 0.485156 0.355469 0.0171875 0.0195312 0.831055
1 0.296875 0.359375 0.015625 0.015625 0.84082
1 0.116406 0.375 0.0265625 0.0273438 0.843262
1 0.59375 0.355469 0.04375 0.046875 0.851562
1 0.226562 0.362305 0.021875 0.0253906 0.865234
1 0.5375 0.358398 0.028125 0.0292969 0.874023
1 0.252344 0.360352 0.0328125 0.0292969 0.904297
1 0.142188 0.375977 0.046875 0.0332031 0.904297
