8 0.53125 0.329102 0.0125 0.0175781 0.262939
1 0.396094 0.344727 0.0109375 0.0136719 0.264893
1 0.525 0.342773 0.009375 0.00976562 0.277832
4 0.529688 0.334961 0.015625 0.0253906 0.28125
1 0.528906 0.34082 0.0140625 0.0136719 0.356201
1 0.428125 0.34082 0.00625 0.00585938 0.369141
5 0.530469 0.334961 0.0140625 0.0253906 0.369385
1 0.389062 0.34375 0.009375 0.0117188 0.371094
1 0.407031 0.342773 0.0109375 0.00976562 0.430176
1 0.419531 0.34082 0.0078125 0.00976562 0.441162
1 0.146094 0.354492 0.0171875 0.0175781 0.515137
1 0.378125 0.34082 0.0125 0.0136719 0.533203
1 0.504687 0.338867 0.009375 0.0136719 0.641602
1 0.367969 0.345703 0.0109375 0.0117188 0.705566
5 0.084375 0.34668 0.10625 0.0644531 0.764648
1 0.346875 0.344727 0.01875 0.0214844 0.79541
1 0.315625 0.348633 0.01875 0.0175781 0.834961
1 0.492188 0.344727 0.015625 0.0175781 0.850098
1 0.0546875 0.373047 0.046875 0.0429688 0.858887
1 0.544531 0.350586 0.0296875 0.0292969 0.896484
1 0.0210938 0.378906 0.0421875 0.0585938 0.899414
1 0.248437 0.354492 0.034375 0.0253906 0.900391
1 0.182031 0.361328 0.0328125 0.0273438 0.904785
1 0.6125 0.347656 0.046875 0.0546875 0.932129
1 0.829687 0.432617 0.271875 0.236328 0.979004
