0 0.252344 0.355469 0.0078125 0.015625 0.33252
1 0.467187 0.354492 0.0125 0.0175781 0.356689
0 0.265625 0.356445 0.009375 0.0175781 0.374512
0 0.132031 0.378906 0.0078125 0.0234375 0.397705
0 0.269531 0.355469 0.0078125 0.015625 0.458984
0 0.160938 0.376953 0.0125 0.0273438 0.473389
0 0.590625 0.356445 0.00625 0.0214844 0.479248
1 0.453125 0.356445 0.01875 0.0214844 0.549805
1 0.376563 0.359375 0.015625 0.015625 0.626465
1 0.496875 0.352539 0.021875 0.0136719 0.630859
1 0.222656 0.375 0.0421875 0.0429688 0.677246
1 0.435937 0.358398 0.015625 0.0175781 0.686035
1 0.41875 0.358398 0.021875 0.0253906 0.706543
0 0.189063 0.368164 0.009375 0.0332031 0.728027
6 0.413281 0.19043 0.0140625 0.0449219 0.765625
1 0.555469 0.371094 0.0390625 0.0429688 0.776855
6 0.444531 0.189453 0.0140625 0.0429688 0.802246
0 0.772656 0.386719 0.0171875 0.0703125 0.854004
1 0.4 0.374023 0.053125 0.0488281 0.86084
1 0.346875 0.366211 0.025 0.0332031 0.873535
1 0.314063 0.371094 0.053125 0.0546875 0.880371
0 0.732813 0.37207 0.021875 0.0683594 0.893066
0 0.753125 0.371094 0.01875 0.0664062 0.907227
1 0.496094 0.40918 0.107813 0.103516 0.961426
1 0.271875 0.420898 0.1375 0.115234 0.96582
1 0.879687 0.483398 0.240625 0.279297 0.974121
