1 0.373437 0.358398 0.009375 0.0214844 0.361328
0 0.485938 0.355469 0.009375 0.03125 0.406738
2 0.485156 0.364258 0.0109375 0.0214844 0.416992
1 0.314063 0.360352 0.01875 0.0253906 0.484131
0 0.0109375 0.378906 0.0125 0.046875 0.500977
0 0.199219 0.362305 0.0078125 0.0292969 0.569336
0 0.214062 0.361328 0.009375 0.03125 0.594238
8 0.00703125 0.306641 0.0140625 0.0351562 0.599121
0 0.259375 0.362305 0.00625 0.0214844 0.608887
1 0.388281 0.359375 0.0171875 0.0273438 0.619629
0 0.0304688 0.376953 0.0109375 0.0507812 0.636719
1 0.557031 0.370117 0.0328125 0.0449219 0.6875
1 0.363281 0.360352 0.0140625 0.0214844 0.717773
1 0.338281 0.356445 0.0359375 0.0371094 0.719238
1 0.598437 0.382812 0.065625 0.0664062 0.740723
1 0.428125 0.362305 0.01875 0.0332031 0.759766
1 0.442187 0.354492 0.015625 0.0175781 0.765625
1 0.467969 0.348633 0.0203125 0.0175781 0.814453
0 0.0570313 0.381836 0.0171875 0.0488281 0.871094
1 0.517969 0.359375 0.0578125 0.03125 0.886719
1 0.667188 0.396484 0.090625 0.128906 0.912109
1 0.407813 0.368164 0.046875 0.0449219 0.912598
1 0.915625 0.558594 0.16875 0.328125 0.944336
1 0.757812 0.426758 0.190625 0.181641 0.948242
