0 0.108594 0.370117 0.0109375 0.0175781 0.260986
0 0.120312 0.376953 0.0125 0.0351562 0.290771
0 0.00859375 0.387695 0.0109375 0.0410156 0.329834
0 0.374219 0.370117 0.0046875 0.0175781 0.348389
8 0.138281 0.324219 0.0171875 0.0234375 0.366943
0 0.0789063 0.391602 0.0171875 0.0449219 0.395752
0 0.108594 0.381836 0.0140625 0.0410156 0.396973
1 0.388281 0.370117 0.0109375 0.0214844 0.420654
0 0.0179687 0.388672 0.0109375 0.0429688 0.49585
1 0.432813 0.370117 0.015625 0.0214844 0.505859
0 0.129688 0.375977 0.0125 0.0371094 0.571777
1 0.442969 0.373047 0.0140625 0.015625 0.630859
0 0.660937 0.361328 0.0125 0.0234375 0.651855
1 0.4625 0.365234 0.0125 0.015625 0.664551
1 0.539062 0.382812 0.025 0.0429688 0.678223
1 0.567969 0.383789 0.0484375 0.0644531 0.704102
0 0.0578125 0.392578 0.015625 0.0507812 0.714844
1 0.357031 0.365234 0.0234375 0.0273438 0.73584
1 0.523438 0.375977 0.021875 0.0332031 0.744629
1 0.332031 0.370117 0.0234375 0.0214844 0.773926
0 0.16875 0.376953 0.0125 0.0351562 0.779297
1 0.489062 0.370117 0.021875 0.0253906 0.84082
1 0.589063 0.393555 0.065625 0.0761719 0.858398
1 0.410937 0.37793 0.040625 0.0410156 0.911621
1 0.639844 0.416992 0.0984375 0.0917969 0.943359
1 0.217969 0.401367 0.0953125 0.0878906 0.94873
