0 0.101562 0.375 0.009375 0.0390625 0.28833
8 0.120312 0.317383 0.01875 0.0214844 0.296387
0 0.275 0.363281 0.00625 0.0195312 0.338135
1 0.392969 0.363281 0.0140625 0.0234375 0.354004
1 0.373437 0.362305 0.009375 0.0175781 0.414795
0 0.003125 0.389648 0.00625 0.0605469 0.427734
0 0.1125 0.373047 0.0125 0.0429688 0.506348
1 0.463281 0.355469 0.0171875 0.015625 0.518066
0 0.0710938 0.385742 0.0109375 0.0371094 0.585449
1 0.569531 0.378906 0.0359375 0.0664062 0.632324
1 0.382812 0.363281 0.0125 0.015625 0.685059
1 0.529688 0.368164 0.021875 0.0292969 0.714844
0 0.0882813 0.378906 0.0109375 0.0390625 0.716309
0 0.0578125 0.388672 0.0125 0.046875 0.722168
0 0.0367187 0.391602 0.0140625 0.0527344 0.75293
1 0.544531 0.37793 0.0265625 0.0488281 0.770508
1 0.445312 0.363281 0.034375 0.0273438 0.80127
1 0.35625 0.359375 0.028125 0.03125 0.812988
1 0.329688 0.365234 0.025 0.0234375 0.816895
1 0.491406 0.362305 0.0234375 0.0253906 0.867676
1 0.410937 0.371094 0.040625 0.0429688 0.89502
1 0.603906 0.388672 0.0734375 0.0820312 0.909668
1 0.665625 0.416016 0.115625 0.105469 0.953613
1 0.164062 0.40625 0.11875 0.105469 0.958984
