0 0.0515625 0.374023 0.015625 0.0488281 0.256836
1 0.571875 0.345703 0.04375 0.0195312 0.305664
1 0.386719 0.337891 0.0296875 0.0117188 0.310547
0 0.0640625 0.380859 0.015625 0.0429688 0.343018
1 0.3625 0.348633 0.0125 0.0175781 0.35498
8 0.238281 0.311523 0.0140625 0.0175781 0.361816
8 0.95 0.244141 0.1 0.078125 0.374023
0 0.995313 0.375977 0.009375 0.0644531 0.428955
6 0.380469 0.0654297 0.0265625 0.0800781 0.442383
1 0.45625 0.34375 0.0125 0.0234375 0.600586
0 0.976562 0.395508 0.034375 0.107422 0.655273
1 0.467969 0.341797 0.0140625 0.0195312 0.659668
6 0.410156 0.0654297 0.0265625 0.0761719 0.833496
1 0.485938 0.347656 0.028125 0.03125 0.844238
6 0.357812 0.0673828 0.025 0.0722656 0.845215
1 0.421094 0.354492 0.0328125 0.0371094 0.896973
1 0.15 0.383789 0.05625 0.0683594 0.909668
1 0.3875 0.366211 0.059375 0.0605469 0.923828
1 0.340625 0.358398 0.040625 0.0410156 0.929199
1 0.213281 0.379883 0.104687 0.0996094 0.958008
1 0.553125 0.450195 0.215625 0.201172 0.970215
