6 0.264062 0.432617 0.00625 0.0175781 0.259277
6 0.264844 0.361328 0.0140625 0.0195312 0.268311
8 0.870313 0.291016 0.021875 0.0273438 0.468018
1 0.309375 0.449219 0.040625 0.0234375 0.555664
8 0.285937 0.394531 0.015625 0.0234375 0.561035
8 0.0835937 0.370117 0.0359375 0.0644531 0.69043
6 0.832812 0.287109 0.015625 0.0390625 0.714355
1 0.403125 0.470703 0.05625 0.0429688 0.716309
1 0.478906 0.463867 0.0609375 0.0410156 0.731934
6 0.626562 0.331055 0.009375 0.0292969 0.733887
6 0.814062 0.293945 0.0125 0.0371094 0.746582
1 0.0765625 0.512695 0.153125 0.123047 0.812012
0 0.513281 0.462891 0.0109375 0.0390625 0.814941
1 0.0328125 0.651367 0.065625 0.318359 0.890137
0 0.600781 0.464844 0.0109375 0.0429688 0.894531
8 0.691406 0.34082 0.0390625 0.0175781 0.904297
1 0.339844 0.511719 0.120312 0.117188 0.953125
1 0.252344 0.554688 0.192188 0.140625 0.97998
