0 0.353906 0.366211 0.0078125 0.0175781 0.26001
0 0.0609375 0.40625 0.025 0.0625 0.292725
6 0.125 0.0253906 0.059375 0.0507812 0.325195
1 0.446875 0.37207 0.025 0.0292969 0.407959
1 0.427344 0.373047 0.0203125 0.0351562 0.411621
1 0.517969 0.369141 0.0140625 0.0234375 0.425293
6 0.3875 0.0419922 0.034375 0.0800781 0.446533
1 0.277344 0.382812 0.0296875 0.0546875 0.512695
1 0.498437 0.374023 0.025 0.0371094 0.555664
1 0.170312 0.404297 0.05 0.0507812 0.636719
1 0.559375 0.382812 0.021875 0.0429688 0.64502
1 0.534375 0.371094 0.01875 0.03125 0.722656
1 0.546875 0.379883 0.021875 0.0371094 0.775391
6 0.3625 0.0419922 0.021875 0.0800781 0.790527
6 0.416406 0.0390625 0.0265625 0.078125 0.810547
1 0.41875 0.381836 0.025 0.0410156 0.820312
1 0.582812 0.386719 0.053125 0.0507812 0.828613
0 0.75625 0.398438 0.025 0.105469 0.853027
0 0.6375 0.385742 0.021875 0.0839844 0.854492
0 0.813281 0.390625 0.0265625 0.105469 0.865234
0 0.860937 0.392578 0.025 0.0820312 0.873047
1 0.310156 0.383789 0.0546875 0.0605469 0.890625
1 0.484375 0.380859 0.040625 0.0429688 0.896484
1 0.0992187 0.414062 0.0703125 0.0585938 0.910645
1 0.389844 0.389648 0.0546875 0.0566406 0.932617
1 0.23125 0.401367 0.096875 0.0917969 0.947754
