1 0.446875 0.368164 0.028125 0.0214844 0.342529
0 0.182031 0.376953 0.0078125 0.0234375 0.34668
0 0.185937 0.37793 0.015625 0.0253906 0.389404
1 0.422656 0.369141 0.0234375 0.03125 0.397949
1 0.366406 0.366211 0.0109375 0.0214844 0.49707
0 0.26875 0.368164 0.00625 0.0214844 0.502441
1 0.39375 0.365234 0.0125 0.0234375 0.519043
1 0.49375 0.370117 0.021875 0.0214844 0.525391
1 0.373437 0.364258 0.0125 0.0175781 0.527832
1 0.592969 0.389648 0.0453125 0.0761719 0.544922
1 0.56875 0.391602 0.03125 0.0605469 0.60498
1 0.467187 0.368164 0.059375 0.0253906 0.637207
0 0.0921875 0.361328 0.009375 0.015625 0.655273
1 0.55625 0.385742 0.03125 0.0527344 0.662109
1 0.351562 0.365234 0.028125 0.03125 0.684082
1 0.326562 0.368164 0.025 0.0253906 0.687012
8 0.0882813 0.318359 0.0203125 0.0273438 0.709961
1 0.5375 0.375977 0.025 0.0332031 0.75
0 0.125 0.379883 0.0125 0.0449219 0.812988
0 0.6875 0.363281 0.015625 0.03125 0.816895
1 0.410156 0.375977 0.0421875 0.0410156 0.900391
1 0.635156 0.40332 0.0953125 0.103516 0.919922
1 0.059375 0.433594 0.11875 0.152344 0.955078
1 0.725781 0.446289 0.157813 0.142578 0.974609
