1 0.00703125 0.449219 0.0140625 0.148438 0.252686
0 0.175 0.37207 0.01875 0.0292969 0.271973
1 0.372656 0.358398 0.0078125 0.0175781 0.380127
1 0.364062 0.359375 0.009375 0.0195312 0.458496
0 0.0539063 0.370117 0.0140625 0.0449219 0.504395
1 0.464844 0.359375 0.0234375 0.0234375 0.546875
1 0.323438 0.360352 0.025 0.0253906 0.604004
1 0.425781 0.362305 0.0171875 0.0332031 0.627441
0 0.0304688 0.375977 0.0171875 0.0449219 0.631836
1 0.446094 0.354492 0.0171875 0.0175781 0.654785
1 0.392188 0.358398 0.015625 0.0253906 0.692871
0 0.0726563 0.368164 0.0109375 0.0449219 0.702637
1 0.494531 0.359375 0.0484375 0.0273438 0.713867
1 0.560938 0.376953 0.028125 0.0507812 0.72168
1 0.578125 0.383789 0.0375 0.0644531 0.734863
1 0.344531 0.354492 0.0296875 0.0332031 0.741699
8 0.0648438 0.307617 0.0203125 0.0292969 0.748047
1 0.542188 0.368164 0.028125 0.0410156 0.764648
1 0.610937 0.385742 0.0625 0.0878906 0.835938
0 0.105469 0.37207 0.0140625 0.0449219 0.876953
1 0.407813 0.367188 0.040625 0.0429688 0.908203
1 0.661719 0.399414 0.114063 0.115234 0.9375
1 0.780469 0.457031 0.195312 0.171875 0.959473
