0 0.408594 0.460938 0.0078125 0.0234375 0.282959
0 0.5 0.452148 0.00625 0.0253906 0.403809
1 0.560156 0.461914 0.0296875 0.0253906 0.44751
1 0.667188 0.472656 0.034375 0.078125 0.49292
8 0.382031 0.383789 0.0140625 0.0214844 0.60498
1 0.63125 0.453125 0.025 0.03125 0.691895
1 0.522656 0.451172 0.0171875 0.0195312 0.75
0 0.41875 0.462891 0.015625 0.0390625 0.822754
8 0.930469 0.337891 0.0328125 0.0585938 0.83252
1 0.646875 0.470703 0.03125 0.0664062 0.833008
0 0.303906 0.470703 0.0234375 0.046875 0.863281
0 0.185937 0.473633 0.0125 0.0371094 0.880371
0 0.285937 0.470703 0.021875 0.0507812 0.893555
1 0.714844 0.47168 0.0984375 0.119141 0.897949
1 0.764063 0.499023 0.121875 0.134766 0.914551
1 0.928906 0.612305 0.142188 0.333984 0.954102
1 0.84375 0.53418 0.19375 0.193359 0.969727
