8 0.0992187 0.333984 0.0234375 0.0273438 0.259521
1 0.457812 0.359375 0.009375 0.0078125 0.260254
0 0.028125 0.396484 0.0125 0.0351562 0.307373
0 0.778906 0.370117 0.0171875 0.0566406 0.352783
0 0.235938 0.375 0.00625 0.0234375 0.354248
3 0.772656 0.450195 0.120312 0.130859 0.425781
0 0.839063 0.383789 0.021875 0.0449219 0.485352
0 0.771094 0.375977 0.0203125 0.0527344 0.489258
3 0.821875 0.477539 0.184375 0.177734 0.528809
1 0.344531 0.375 0.0203125 0.0234375 0.536133
0 0.877344 0.387695 0.0234375 0.0449219 0.547852
1 0.514844 0.364258 0.0109375 0.0175781 0.569824
1 0.448438 0.361328 0.009375 0.0117188 0.57373
0 0.798437 0.378906 0.015625 0.0351562 0.595703
1 0.33125 0.376953 0.021875 0.0234375 0.602051
1 0.485938 0.362305 0.009375 0.0136719 0.62207
0 0.166406 0.375 0.0109375 0.03125 0.634766
1 0.0367187 0.389648 0.0515625 0.0332031 0.660156
1 0.627344 0.40918 0.0484375 0.0644531 0.702637
0 0.177344 0.376953 0.0109375 0.0351562 0.70752
1 0.502344 0.362305 0.0140625 0.0175781 0.708008
0 0.660156 0.362305 0.0109375 0.0332031 0.721191
1 0.471094 0.361328 0.0140625 0.015625 0.73584
0 0.56875 0.37207 0.0125 0.0332031 0.742188
0 0.747656 0.359375 0.0203125 0.046875 0.772949
1 0.524219 0.371094 0.0203125 0.0234375 0.776855
3 0.720312 0.449219 0.115625 0.109375 0.780273
1 0.604688 0.395508 0.053125 0.0644531 0.798828
1 0.935938 0.553711 0.128125 0.408203 0.80127
0 0.546094 0.369141 0.0171875 0.0351562 0.821289
0 0.684375 0.359375 0.015625 0.0234375 0.831543
1 0.372656 0.375977 0.0296875 0.0371094 0.845215
1 0.432031 0.375977 0.0359375 0.0410156 0.854492
1 0.296094 0.373047 0.0515625 0.0546875 0.891602
1 0.692969 0.420898 0.120312 0.0996094 0.903809
1 0.399219 0.388672 0.0578125 0.0546875 0.940918
