1 0.414062 0.375 0.01875 0.0234375 0.283691
8 0.884375 0.290039 0.05 0.0683594 0.468018
1 0.51875 0.378906 0.01875 0.0273438 0.569824
1 0.541406 0.382812 0.0265625 0.0390625 0.694336
1 0.254687 0.390625 0.028125 0.03125 0.694336
1 0.496094 0.383789 0.0296875 0.0371094 0.730469
1 0.444531 0.378906 0.0359375 0.0351562 0.778809
1 0.234375 0.395508 0.021875 0.0371094 0.782227
1 0.580469 0.399414 0.0359375 0.0527344 0.794434
0 0.95625 0.451172 0.03125 0.183594 0.800781
0 0.934375 0.450195 0.0375 0.177734 0.808105
1 0.560938 0.394531 0.028125 0.046875 0.810547
1 0.0140625 0.426758 0.028125 0.0878906 0.813477
1 0.323438 0.379883 0.0375 0.0332031 0.865234
0 0.720312 0.414062 0.03125 0.136719 0.885742
1 0.4 0.391602 0.0375 0.0488281 0.887695
1 0.6125 0.407227 0.06875 0.0644531 0.909668
1 0.479688 0.391602 0.046875 0.0488281 0.925293
1 0.167969 0.410156 0.117188 0.113281 0.933594
1 0.363281 0.40332 0.0703125 0.0683594 0.935059
