1 0.829687 0.648438 0.028125 0.0234375 0.258301
8 0.907812 0.588867 0.015625 0.00976562 0.310547
8 0.40625 0.548828 0.01875 0.0195312 0.317383
1 0.660937 0.623047 0.015625 0.015625 0.474609
1 0.530469 0.607422 0.0109375 0.0117188 0.525391
1 0.716406 0.631836 0.0171875 0.0175781 0.538086
8 0.405469 0.529297 0.0234375 0.0195312 0.577637
1 0.691406 0.625977 0.0265625 0.0292969 0.728027
8 0.404687 0.503906 0.025 0.03125 0.779297
1 0.515625 0.615234 0.01875 0.0195312 0.790039
1 0.489062 0.62207 0.03125 0.0371094 0.897949
1 0.457812 0.628906 0.04375 0.0390625 0.920898
