1 0.979688 0.353516 0.040625 0.09375 0.260254
1 0.221875 0.401367 0.01875 0.0332031 0.260986
8 0.789844 0.90332 0.0234375 0.0214844 0.282959
0 0.101562 0.389648 0.015625 0.0214844 0.322998
0 0.217187 0.395508 0.009375 0.0253906 0.44043
0 0.203906 0.379883 0.0078125 0.0136719 0.491211
0 0.250781 0.395508 0.0109375 0.0253906 0.554688
1 0.499219 0.387695 0.0234375 0.0371094 0.597656
1 0.445312 0.375 0.03125 0.03125 0.67334
1 0.407031 0.382812 0.0296875 0.0390625 0.715332
1 0.567187 0.400391 0.034375 0.0507812 0.746094
1 0.552344 0.385742 0.0328125 0.0449219 0.775879
1 0.196094 0.40332 0.0390625 0.0410156 0.796387
1 0.163281 0.411133 0.0359375 0.0449219 0.802734
1 0.521094 0.383789 0.0265625 0.0332031 0.84668
1 0.59375 0.408203 0.053125 0.0664062 0.865723
1 0.634375 0.421875 0.0625 0.0859375 0.893066
1 0.38125 0.397461 0.059375 0.0527344 0.919434
1 0.476562 0.398438 0.053125 0.0546875 0.922363
1 0.311719 0.426758 0.104687 0.0957031 0.961426
1 0.696875 0.44043 0.125 0.119141 0.965332
