8 0.440625 0.421875 0.00625 0.0117188 0.258057
1 0.360938 0.462891 0.0625 0.0351562 0.672363
1 0.315625 0.461914 0.04375 0.0332031 0.695801
6 0.948438 0.217773 0.021875 0.0566406 0.805176
6 0.909375 0.236328 0.01875 0.0507812 0.825195
6 0.638281 0.293945 0.0109375 0.0371094 0.841309
0 0.600781 0.46875 0.0140625 0.0546875 0.888184
1 0.907812 0.669922 0.184375 0.375 0.907715
8 0.721875 0.30957 0.053125 0.0214844 0.918945
1 0.229687 0.463867 0.06875 0.0644531 0.919434
1 0.450781 0.462891 0.0796875 0.0507812 0.941895
1 0.1125 0.589844 0.225 0.273438 0.96875
