1 0.204688 0.364258 0.025 0.0136719 0.305664
1 0.386719 0.350586 0.0078125 0.00585938 0.329102
5 0.35 0.345703 0.021875 0.0234375 0.342529
4 0.535937 0.339844 0.01875 0.0273438 0.390625
1 0.377344 0.351562 0.0078125 0.0078125 0.439209
1 0.517187 0.347656 0.009375 0.015625 0.475098
1 0.333594 0.354492 0.0109375 0.00976562 0.506836
1 0.122656 0.37207 0.0421875 0.0214844 0.561035
1 0.504687 0.350586 0.009375 0.00976562 0.617188
1 0.301562 0.357422 0.0125 0.0117188 0.645508
1 0.254687 0.359375 0.03125 0.015625 0.688477
1 0.485938 0.354492 0.015625 0.0175781 0.834961
1 0.538281 0.359375 0.0296875 0.03125 0.870117
1 0.589844 0.358398 0.0390625 0.0449219 0.894043
