1 0.546094 0.370117 0.0171875 0.0371094 0.324219
1 0.271875 0.375977 0.015625 0.0292969 0.435303
0 0.985937 0.412109 0.028125 0.152344 0.468994
1 0.414062 0.355469 0.01875 0.0234375 0.509766
0 0.675 0.366211 0.0125 0.0371094 0.54834
1 0.517969 0.361328 0.0203125 0.03125 0.59375
0 0.901563 0.421875 0.034375 0.164062 0.637695
1 0.499219 0.368164 0.0234375 0.0371094 0.651367
1 0.25625 0.37793 0.025 0.0332031 0.755859
1 0.55625 0.375 0.028125 0.0429688 0.762207
0 0.91875 0.423828 0.0375 0.167969 0.771973
1 0.5375 0.363281 0.025 0.0390625 0.779785
1 0.44375 0.361328 0.034375 0.0351562 0.780762
1 0.575 0.381836 0.03125 0.0566406 0.799316
0 0.705469 0.392578 0.0296875 0.121094 0.824707
1 0.021875 0.453125 0.04375 0.207031 0.838379
1 0.607813 0.388672 0.06875 0.0664062 0.861816
1 0.322656 0.364258 0.0390625 0.0292969 0.866699
1 0.403906 0.375 0.0359375 0.046875 0.893555
1 0.366406 0.385742 0.0671875 0.0683594 0.916016
1 0.480469 0.375 0.0453125 0.046875 0.927734
1 0.192188 0.390625 0.109375 0.105469 0.942871
