1 0.292188 0.352539 0.0125 0.0175781 0.252197
8 0.528906 0.333984 0.0140625 0.0234375 0.253418
1 0.282031 0.349609 0.0265625 0.0273438 0.273193
4 0.282031 0.348633 0.0265625 0.0292969 0.294922
1 0.523438 0.345703 0.009375 0.0078125 0.381104
4 0.528906 0.335938 0.0140625 0.0234375 0.48999
1 0.392969 0.344727 0.0109375 0.0136719 0.512695
5 0.282031 0.348633 0.0265625 0.0253906 0.537109
1 0.378906 0.345703 0.0140625 0.0117188 0.552734
1 0.404687 0.345703 0.0125 0.0117188 0.602051
1 0.504687 0.342773 0.009375 0.00976562 0.691406
1 0.360938 0.34668 0.0125 0.0136719 0.706543
1 0.347656 0.347656 0.0109375 0.0117188 0.773438
1 0.326562 0.348633 0.0125 0.0136719 0.780762
1 0.204688 0.363281 0.034375 0.0273438 0.819824
1 0.310937 0.349609 0.021875 0.0195312 0.833984
1 0.492188 0.348633 0.015625 0.0175781 0.847656
1 0.0953125 0.375977 0.053125 0.0371094 0.891602
5 0.196875 0.344727 0.078125 0.0644531 0.905762
1 0.614844 0.352539 0.0484375 0.0527344 0.916992
1 0.542188 0.354492 0.03125 0.0292969 0.92334
1 0.741406 0.408203 0.192188 0.175781 0.975586
