1 0.517187 0.360352 0.009375 0.00976562 0.300781
1 0.43125 0.365234 0.021875 0.0195312 0.365723
1 0.296875 0.383789 0.028125 0.0332031 0.464844
1 0.490625 0.361328 0.009375 0.0117188 0.52002
1 0.350781 0.374023 0.0234375 0.0253906 0.570312
1 0.503125 0.361328 0.0125 0.0117188 0.638184
1 0.314063 0.380859 0.028125 0.03125 0.698242
1 0.332031 0.378906 0.0234375 0.0273438 0.700684
2 0.939062 0.558594 0.121875 0.203125 0.748047
1 0.534375 0.371094 0.021875 0.0234375 0.82373
0 0.829687 0.359375 0.0125 0.0390625 0.833496
0 0.847656 0.361328 0.0234375 0.0351562 0.867188
0 0.664844 0.37207 0.0140625 0.0488281 0.883789
0 0.682031 0.375 0.0171875 0.0429688 0.891602
1 0.4625 0.37793 0.046875 0.0410156 0.896484
1 0.397656 0.394531 0.0734375 0.0703125 0.938965
1 0.0484375 0.411133 0.096875 0.138672 0.946289
1 0.247656 0.397461 0.0859375 0.0800781 0.95166
1 0.861719 0.477539 0.264062 0.193359 0.96582
