1 0.221094 0.388672 0.0359375 0.03125 0.345703
1 0.461719 0.363281 0.0140625 0.015625 0.345703
6 0.417188 0.128906 0.021875 0.0585938 0.362305
1 0.513281 0.364258 0.0140625 0.0214844 0.36377
0 0.0976562 0.374023 0.0109375 0.0136719 0.373535
0 0.128125 0.385742 0.015625 0.0449219 0.466553
1 0.502344 0.370117 0.0140625 0.0332031 0.486328
1 0.528125 0.366211 0.01875 0.0292969 0.57666
3 0.25 0.390625 0.021875 0.03125 0.631348
8 0.24375 0.113281 0.0375 0.0546875 0.657227
1 0.426562 0.37207 0.021875 0.0371094 0.692871
1 0.539062 0.37207 0.01875 0.0332031 0.720215
6 0.242969 0.112305 0.0390625 0.0527344 0.72998
6 0.400781 0.128906 0.0171875 0.0546875 0.754395
1 0.35625 0.370117 0.0375 0.0449219 0.756836
0 0.6875 0.382812 0.01875 0.078125 0.788086
0 0.0492188 0.387695 0.0140625 0.0371094 0.791016
6 0.4375 0.12793 0.01875 0.0566406 0.815918
0 0.772656 0.379883 0.0171875 0.0683594 0.82373
1 0.564062 0.376953 0.046875 0.0429688 0.851074
0 0.603125 0.374023 0.01875 0.0644531 0.866699
0 0.73125 0.375977 0.01875 0.0800781 0.874512
1 0.4 0.379883 0.05 0.0488281 0.893066
1 0.158594 0.395508 0.0578125 0.0449219 0.894531
1 0.484375 0.373047 0.0375 0.0429688 0.911621
1 0.313281 0.378906 0.0578125 0.0585938 0.932617
