8 0.0460938 0.400391 0.0203125 0.0195312 0.308838
1 0.300781 0.457031 0.0265625 0.03125 0.354736
1 0.0421875 0.472656 0.084375 0.0859375 0.361816
6 0.990625 0.0966797 0.01875 0.158203 0.547363
6 0.634375 0.305664 0.009375 0.0332031 0.620117
6 0.905469 0.243164 0.0171875 0.0488281 0.780273
1 0.333594 0.458984 0.0421875 0.03125 0.787109
6 0.873438 0.256836 0.015625 0.0449219 0.798828
1 0.928125 0.712891 0.14375 0.449219 0.805176
8 0.710938 0.318359 0.05 0.0195312 0.841309
1 0.257031 0.457031 0.0671875 0.0546875 0.854004
1 0.375 0.460938 0.0625 0.0351562 0.856445
8 0.9625 0.243164 0.0375 0.0449219 0.871094
0 0.600781 0.463867 0.0140625 0.0527344 0.910156
1 0.461719 0.460938 0.0734375 0.0507812 0.943848
1 0.0828125 0.641602 0.165625 0.291016 0.967285
1 0.186719 0.542969 0.239063 0.195312 0.981934
