8 0.115625 0.321289 0.01875 0.0214844 0.270264
1 0.422656 0.368164 0.0203125 0.0292969 0.272461
1 0.374219 0.366211 0.0078125 0.0175781 0.291992
0 0.670313 0.363281 0.0125 0.015625 0.365479
0 0.107031 0.369141 0.0109375 0.0273438 0.371826
0 0.0492188 0.392578 0.0171875 0.046875 0.481934
1 0.573438 0.382812 0.034375 0.0664062 0.506836
0 0.0984375 0.374023 0.0125 0.0292969 0.549316
0 0.0679687 0.390625 0.0171875 0.0429688 0.564453
0 0.0828125 0.384766 0.0125 0.0429688 0.689453
1 0.382031 0.367188 0.0109375 0.015625 0.697754
0 0.0296875 0.391602 0.015625 0.0488281 0.701172
1 0.530469 0.374023 0.0234375 0.0371094 0.730469
1 0.547656 0.378906 0.0265625 0.046875 0.75293
1 0.328906 0.367188 0.0234375 0.0234375 0.779785
1 0.449219 0.368164 0.0421875 0.0292969 0.791992
1 0.355469 0.364258 0.0296875 0.0332031 0.847168
1 0.492969 0.365234 0.0234375 0.0273438 0.864746
1 0.410937 0.374023 0.040625 0.0410156 0.884277
1 0.608594 0.394531 0.0765625 0.0859375 0.897949
1 0.676562 0.423828 0.11875 0.109375 0.959961
1 0.142969 0.415039 0.129688 0.115234 0.961914
