1 0.524219 0.358398 0.0109375 0.00976562 0.263916
0 0.605469 0.361328 0.0078125 0.015625 0.281982
0 0.584375 0.362305 0.00625 0.0175781 0.282715
0 0.577344 0.362305 0.0046875 0.0175781 0.308838
2 0.909375 0.512695 0.175 0.193359 0.459229
1 0.495313 0.360352 0.009375 0.0136719 0.591309
1 0.3375 0.376953 0.025 0.0273438 0.674805
1 0.354688 0.373047 0.021875 0.0273438 0.686035
1 0.50625 0.360352 0.0125 0.0136719 0.70459
3 0.95625 0.546875 0.0875 0.199219 0.72998
1 0.538281 0.370117 0.0203125 0.0214844 0.805664
1 0.320312 0.37793 0.028125 0.0292969 0.814453
0 0.678125 0.374023 0.015625 0.0449219 0.847168
3 0.910937 0.511719 0.175 0.195312 0.86377
0 0.814062 0.358398 0.015625 0.0332031 0.867676
0 0.834375 0.360352 0.01875 0.0332031 0.87793
1 0.464063 0.376953 0.046875 0.0429688 0.90918
0 0.660937 0.370117 0.015625 0.0488281 0.90918
1 0.399219 0.393555 0.0734375 0.0683594 0.934082
1 0.270312 0.392578 0.08125 0.0742188 0.950684
1 0.0671875 0.404297 0.134375 0.128906 0.951172
1 0.814062 0.459961 0.209375 0.173828 0.958008
