1 0.334375 0.458008 0.03125 0.0332031 0.292236
8 0.709375 0.285156 0.05625 0.0195312 0.470703
1 0.502344 0.442383 0.0265625 0.0214844 0.638672
1 0.267969 0.457031 0.0296875 0.0351562 0.641602
0 0.871875 0.439453 0.015625 0.0625 0.678223
0 0.6 0.46875 0.01875 0.0703125 0.701172
1 0.192188 0.485352 0.075 0.0761719 0.754395
1 0.303906 0.458984 0.0328125 0.0351562 0.766113
1 0.690625 0.447266 0.05 0.046875 0.78125
1 0.525 0.443359 0.021875 0.0195312 0.794434
1 0.392188 0.450195 0.025 0.0253906 0.801758
1 0.247656 0.47168 0.0453125 0.0527344 0.838379
0 0.882812 0.460938 0.025 0.0859375 0.86377
8 0.217969 0.30957 0.0265625 0.0332031 0.891602
0 0.128125 0.529297 0.040625 0.183594 0.90332
0 0.192188 0.525391 0.053125 0.171875 0.909668
0 0.021875 0.509766 0.040625 0.144531 0.910156
