0 0.677344 0.352539 0.0078125 0.0214844 0.251953
0 0.638281 0.356445 0.0078125 0.0175781 0.279785
1 0.551562 0.379883 0.028125 0.0488281 0.283936
0 0.654688 0.356445 0.009375 0.0175781 0.29248
0 0.275 0.363281 0.00625 0.0195312 0.321777
8 0.122656 0.318359 0.0171875 0.0234375 0.36377
1 0.373437 0.362305 0.009375 0.0175781 0.372803
0 0.104687 0.375977 0.009375 0.0410156 0.384521
0 0.114844 0.373047 0.0109375 0.0429688 0.394043
0 0.0515625 0.389648 0.009375 0.0410156 0.427002
1 0.39375 0.362305 0.015625 0.0253906 0.518555
1 0.567969 0.37793 0.0453125 0.0644531 0.527344
0 0.003125 0.390625 0.00625 0.0546875 0.561523
0 0.0726563 0.385742 0.0109375 0.0410156 0.589844
1 0.464063 0.355469 0.0125 0.015625 0.592773
1 0.383594 0.363281 0.0109375 0.015625 0.595703
0 0.090625 0.376953 0.0125 0.0390625 0.664551
0 0.0609375 0.389648 0.0125 0.0449219 0.728027
1 0.528125 0.367188 0.021875 0.03125 0.739258
1 0.54375 0.374023 0.028125 0.0449219 0.750488
1 0.44375 0.362305 0.034375 0.0253906 0.777344
1 0.35625 0.359375 0.028125 0.03125 0.78418
1 0.330469 0.364258 0.0234375 0.0214844 0.811523
0 0.0398437 0.388672 0.0140625 0.0507812 0.843262
1 0.491406 0.362305 0.0234375 0.0253906 0.853027
1 0.602344 0.388672 0.0734375 0.0820312 0.886719
1 0.410937 0.371094 0.040625 0.0429688 0.909668
1 0.661719 0.414062 0.110937 0.101562 0.953125
1 0.171094 0.404297 0.117188 0.105469 0.956543
