5 0.339063 0.349609 0.01875 0.0195312 0.26123
1 0.432813 0.349609 0.009375 0.0078125 0.285889
1 0.423438 0.349609 0.00625 0.0078125 0.290771
1 0.4125 0.348633 0.009375 0.00976562 0.391357
8 0.563281 0.336914 0.0078125 0.00976562 0.426758
1 0.528125 0.348633 0.0125 0.00976562 0.487305
1 0.400781 0.348633 0.0109375 0.0136719 0.549805
1 0.191406 0.364258 0.0265625 0.0292969 0.575195
4 0.532812 0.339844 0.015625 0.0273438 0.581055
1 0.352344 0.352539 0.0109375 0.0136719 0.610352
1 0.505469 0.345703 0.0109375 0.015625 0.675781
1 0.3625 0.351562 0.0125 0.0117188 0.695801
1 0.3875 0.349609 0.0125 0.0117188 0.725098
1 0.492188 0.352539 0.015625 0.0175781 0.780762
1 0.338281 0.349609 0.0171875 0.0195312 0.790039
5 0.216406 0.344727 0.0703125 0.0605469 0.855957
1 0.249219 0.357422 0.0328125 0.03125 0.868652
1 0.307031 0.356445 0.0203125 0.0175781 0.87207
1 0.544531 0.358398 0.0328125 0.0292969 0.883789
1 0.134375 0.375 0.046875 0.0351562 0.913574
1 0.610156 0.354492 0.0453125 0.0488281 0.92334
1 0.878906 0.481445 0.242188 0.326172 0.977539
