1 0.267969 0.455078 0.0296875 0.03125 0.540039
1 0.502344 0.442383 0.0265625 0.0214844 0.583984
1 0.302344 0.460938 0.0328125 0.03125 0.698242
0 0.871094 0.438477 0.0203125 0.0644531 0.70459
1 0.391406 0.450195 0.0234375 0.0253906 0.740723
0 0.601562 0.46875 0.01875 0.0703125 0.750977
1 0.1875 0.486328 0.075 0.0742188 0.759766
1 0.525781 0.443359 0.0203125 0.0195312 0.775391
1 0.691406 0.447266 0.0515625 0.046875 0.806152
1 0.248437 0.47168 0.046875 0.0527344 0.824219
0 0.882812 0.459961 0.028125 0.0878906 0.836426
0 0.185156 0.526367 0.0453125 0.177734 0.872559
8 0.217187 0.308594 0.028125 0.03125 0.877441
0 0.126563 0.529297 0.04375 0.183594 0.893066
0 0.0242187 0.510742 0.0453125 0.142578 0.928711
