1 0.344531 0.375 0.0140625 0.0234375 0.321045
1 0.174219 0.378906 0.0265625 0.0234375 0.390381
1 0.505469 0.368164 0.0140625 0.0253906 0.438721
6 0.450781 0.239258 0.0078125 0.0292969 0.460205
2 0.697656 0.442383 0.0796875 0.0878906 0.484619
3 0.7 0.444336 0.08125 0.0839844 0.495361
1 0.3 0.373047 0.028125 0.0195312 0.514648
8 0.439844 0.238281 0.0265625 0.03125 0.522949
1 0.488281 0.369141 0.0140625 0.0273438 0.572754
0 0.589844 0.373047 0.0109375 0.046875 0.649902
0 0.198437 0.37793 0.009375 0.0292969 0.662109
1 0.957031 0.548828 0.0859375 0.328125 0.711914
1 0.329688 0.375 0.028125 0.0234375 0.716797
1 0.365625 0.368164 0.021875 0.0292969 0.745117
0 0.641406 0.370117 0.0109375 0.0371094 0.777832
0 0.078125 0.391602 0.0125 0.0410156 0.779297
1 0.44375 0.367188 0.021875 0.0234375 0.800781
1 0.524219 0.37207 0.0359375 0.0292969 0.80127
1 0.383594 0.370117 0.0203125 0.0292969 0.813477
0 0.553906 0.370117 0.0140625 0.0371094 0.813477
0 0.615625 0.370117 0.0125 0.0449219 0.841309
0 0.0640625 0.392578 0.01875 0.046875 0.84375
1 0.425781 0.37207 0.0265625 0.0292969 0.860352
3 0.844531 0.488281 0.148438 0.148438 0.871582
0 0.816406 0.379883 0.0171875 0.0644531 0.885742
1 0.401563 0.379883 0.040625 0.0449219 0.891113
1 0.471875 0.374023 0.034375 0.0371094 0.900879
8 0.35625 0.237305 0.01875 0.0253906 0.90332
1 0.0296875 0.43457 0.059375 0.0957031 0.943848
1 0.25 0.394531 0.08125 0.078125 0.945801
