1 0.452344 0.362305 0.0140625 0.0253906 0.270996
8 0.895312 0.260742 0.034375 0.0488281 0.336914
1 0.265625 0.37207 0.028125 0.0214844 0.342529
1 0.290625 0.369141 0.021875 0.015625 0.349609
1 0.516406 0.363281 0.0140625 0.0234375 0.362061
1 0.226562 0.384766 0.040625 0.03125 0.370605
1 0.494531 0.364258 0.0140625 0.0253906 0.394287
2 0.9 0.515625 0.1875 0.191406 0.408691
0 0.203125 0.375 0.0125 0.0351562 0.412598
1 0.239063 0.381836 0.021875 0.0332031 0.437988
1 0.536719 0.367188 0.0390625 0.03125 0.555664
1 0.504687 0.360352 0.015625 0.0214844 0.556641
1 0.445312 0.361328 0.021875 0.0273438 0.609375
1 0.523438 0.365234 0.01875 0.0273438 0.625
6 0.424219 0.208008 0.0109375 0.0332031 0.630371
6 0.448438 0.207031 0.009375 0.0351562 0.631348
8 0.939062 0.295898 0.034375 0.0488281 0.632812
0 0.15625 0.37793 0.0125 0.0332031 0.654785
0 0.0179687 0.395508 0.0140625 0.0488281 0.709473
0 0.646875 0.365234 0.0125 0.0546875 0.77832
3 0.803906 0.463867 0.157813 0.158203 0.782227
0 0.911719 0.378906 0.0171875 0.0703125 0.785156
1 0.35 0.364258 0.025 0.0332031 0.80127
3 0.905469 0.515625 0.176563 0.195312 0.801758
1 0.316406 0.371094 0.0265625 0.0234375 0.805176
0 0.615625 0.370117 0.015625 0.0566406 0.822754
0 0.678125 0.367188 0.0125 0.046875 0.824219
1 0.427344 0.366211 0.0234375 0.0292969 0.829102
0 0.0046875 0.398438 0.009375 0.0585938 0.839355
1 0.367188 0.373047 0.028125 0.0273438 0.853027
0 0.564062 0.364258 0.015625 0.0449219 0.868652
8 0.330469 0.202148 0.0234375 0.0332031 0.872559
1 0.477344 0.369141 0.0359375 0.0351562 0.88916
1 0.403125 0.373047 0.04375 0.0429688 0.895996
