0 0.484375 0.354492 0.009375 0.0332031 0.272949
1 0.373437 0.357422 0.009375 0.0195312 0.382568
0 0.146094 0.375977 0.0171875 0.0332031 0.412354
0 0.200781 0.361328 0.0078125 0.0273438 0.498779
0 0.215625 0.361328 0.009375 0.03125 0.509277
1 0.579687 0.37793 0.0375 0.0566406 0.552734
0 0.260938 0.360352 0.00625 0.0214844 0.601562
0 0.00390625 0.375977 0.0078125 0.0449219 0.637695
8 0.0101562 0.304688 0.0203125 0.03125 0.654297
0 0.034375 0.374023 0.009375 0.0488281 0.669922
1 0.390625 0.357422 0.01875 0.0273438 0.681641
1 0.363281 0.359375 0.0140625 0.0234375 0.697754
1 0.427344 0.360352 0.0203125 0.0332031 0.724121
1 0.314844 0.360352 0.0171875 0.0253906 0.724121
1 0.555469 0.368164 0.0328125 0.0410156 0.728027
1 0.603906 0.389648 0.0546875 0.0761719 0.770996
1 0.44375 0.353516 0.015625 0.015625 0.773926
0 0.015625 0.379883 0.0125 0.0527344 0.788086
1 0.339063 0.355469 0.034375 0.0390625 0.816406
1 0.469531 0.348633 0.0203125 0.0175781 0.82373
1 0.90625 0.549805 0.1875 0.318359 0.861816
0 0.0617188 0.378906 0.0171875 0.046875 0.866699
1 0.513281 0.358398 0.0609375 0.0292969 0.886719
1 0.659375 0.391602 0.0875 0.115234 0.89209
1 0.408594 0.367188 0.0453125 0.046875 0.898926
1 0.747656 0.423828 0.179688 0.175781 0.950195
