0 0.217187 0.385742 0.009375 0.0214844 0.27124
8 0.747656 0.87793 0.0140625 0.0292969 0.293457
0 0.251563 0.389648 0.009375 0.0253906 0.411621
0 0.417188 0.378906 0.009375 0.0351562 0.430176
8 0.947656 0.178711 0.0265625 0.0488281 0.482422
0 0.204688 0.37207 0.009375 0.0136719 0.492188
1 0.446094 0.369141 0.0265625 0.0273438 0.620117
1 0.158594 0.40332 0.0515625 0.0449219 0.665039
1 0.565625 0.386719 0.0375 0.0546875 0.67041
1 0.403125 0.375977 0.025 0.0371094 0.675293
1 0.546875 0.378906 0.025 0.0429688 0.737793
1 0.520312 0.375977 0.028125 0.0332031 0.766113
1 0.205469 0.395508 0.0515625 0.0371094 0.775391
1 0.49375 0.380859 0.03125 0.0429688 0.792969
1 0.594531 0.400391 0.0484375 0.0625 0.866699
1 0.476562 0.390625 0.053125 0.0546875 0.90625
1 0.628125 0.413086 0.05625 0.0800781 0.912598
1 0.38125 0.389648 0.059375 0.0527344 0.92041
1 0.313281 0.417969 0.104687 0.09375 0.958008
1 0.692187 0.431641 0.121875 0.117188 0.967773
