8 0.685938 0.277344 0.075 0.0507812 0.289551
8 0.113281 0.348633 0.0296875 0.0292969 0.310547
1 0.0101562 0.538086 0.0203125 0.0683594 0.348389
1 0.507812 0.482422 0.025 0.0195312 0.361816
1 0.242969 0.500977 0.0453125 0.0371094 0.364502
8 0.813281 0.338867 0.0265625 0.0410156 0.532715
1 0.907031 0.457031 0.0609375 0.03125 0.534668
6 0.096875 0.398438 0.021875 0.0351562 0.535156
1 0.155469 0.519531 0.0421875 0.046875 0.561523
1 0.375 0.493164 0.046875 0.0253906 0.674805
8 0.758594 0.279297 0.0734375 0.0273438 0.709473
1 0.0578125 0.538086 0.115625 0.0839844 0.770508
0 0.95625 0.511719 0.034375 0.101562 0.839355
8 0.109375 0.310547 0.034375 0.0429688 0.876953
0 0.84375 0.491211 0.03125 0.0800781 0.890137
0 0.871094 0.510742 0.0328125 0.0957031 0.895996
1 0.564062 0.498047 0.05 0.046875 0.902832
1 0.203906 0.516602 0.0734375 0.0527344 0.904785
1 0.715625 0.487305 0.05625 0.0566406 0.932617
