0 0.0984375 0.388672 0.01875 0.0507812 0.297119
3 0.197656 0.391602 0.0546875 0.0371094 0.351562
0 0.0375 0.389648 0.0125 0.0175781 0.380127
1 0.460938 0.357422 0.015625 0.0234375 0.478271
3 0.214062 0.391602 0.025 0.0371094 0.479492
1 0.516406 0.359375 0.0171875 0.0234375 0.485352
1 0.44375 0.360352 0.03125 0.0332031 0.590332
1 0.500781 0.366211 0.0203125 0.0371094 0.595703
1 0.195312 0.391602 0.053125 0.0371094 0.598633
1 0.554688 0.370117 0.021875 0.0371094 0.616211
6 0.402344 0.0800781 0.0328125 0.0703125 0.649414
1 0.578906 0.374023 0.0546875 0.0449219 0.662598
1 0.532812 0.360352 0.021875 0.0292969 0.678223
1 0.542969 0.368164 0.0171875 0.0332031 0.690918
0 0.0046875 0.387695 0.009375 0.0292969 0.71875
6 0.389844 0.0810547 0.0328125 0.0683594 0.724121
0 0.721875 0.380859 0.025 0.09375 0.744629
8 0.189063 0.0585938 0.05 0.0664062 0.754883
1 0.425 0.370117 0.025 0.0371094 0.789062
6 0.189063 0.0585938 0.05 0.0664062 0.803223
0 0.817969 0.378906 0.0203125 0.078125 0.811035
0 0.621875 0.37207 0.01875 0.0722656 0.819824
6 0.428906 0.0791016 0.0203125 0.0644531 0.837891
1 0.335156 0.370117 0.0453125 0.0527344 0.854492
0 0.771875 0.371094 0.025 0.0859375 0.90625
1 0.129688 0.399414 0.0625 0.0527344 0.91748
1 0.485938 0.371094 0.040625 0.0429688 0.927734
1 0.395312 0.37793 0.053125 0.0527344 0.939453
1 0.277344 0.382812 0.0765625 0.0742188 0.941895
