0 0.0820312 0.389648 0.0140625 0.0449219 0.264893
1 0.459375 0.361328 0.0125 0.0195312 0.298828
6 0.153906 0.0332031 0.0546875 0.0664062 0.34082
1 0.517969 0.367188 0.0171875 0.0273438 0.375732
1 0.2875 0.366211 0.025 0.0292969 0.411133
1 0.553125 0.37793 0.01875 0.0410156 0.419434
1 0.446875 0.367188 0.021875 0.0273438 0.424316
1 0.500781 0.371094 0.0203125 0.0351562 0.448486
0 0.071875 0.399414 0.01875 0.0566406 0.488037
1 0.534375 0.369141 0.01875 0.03125 0.499023
3 0.180469 0.399414 0.0484375 0.0449219 0.508301
6 0.372656 0.0605469 0.0203125 0.0703125 0.584473
6 0.396875 0.0556641 0.040625 0.0800781 0.585938
1 0.546094 0.375 0.0203125 0.0390625 0.677246
1 0.179688 0.398438 0.05 0.046875 0.751953
0 0.63125 0.378906 0.01875 0.078125 0.776367
6 0.423438 0.0556641 0.021875 0.0761719 0.810059
1 0.421875 0.376953 0.025 0.0390625 0.816895
1 0.579687 0.380859 0.053125 0.0507812 0.822754
0 0.74375 0.390625 0.025 0.101562 0.860352
1 0.485938 0.375977 0.040625 0.0410156 0.883789
0 0.796875 0.385742 0.025 0.103516 0.890625
0 0.84375 0.389648 0.025 0.0878906 0.894043
1 0.111719 0.405273 0.0671875 0.0566406 0.913086
1 0.320312 0.37793 0.05 0.0566406 0.914062
1 0.391406 0.383789 0.0546875 0.0527344 0.928711
1 0.250781 0.392578 0.0890625 0.0820312 0.938965
