2 0.960156 0.541992 0.0796875 0.189453 0.281494
1 0.524219 0.359375 0.0109375 0.0117188 0.318115
0 0.233594 0.373047 0.0078125 0.0195312 0.445557
3 0.960938 0.536133 0.078125 0.201172 0.496582
1 0.495313 0.361328 0.009375 0.0117188 0.546387
1 0.353906 0.373047 0.0203125 0.0273438 0.572754
1 0.336719 0.376953 0.0265625 0.0273438 0.679199
1 0.50625 0.360352 0.0125 0.0136719 0.683105
3 0.913281 0.510742 0.167187 0.205078 0.703125
1 0.31875 0.379883 0.03125 0.0292969 0.788574
1 0.536719 0.370117 0.0203125 0.0214844 0.806641
0 0.836719 0.359375 0.0203125 0.03125 0.810547
0 0.679688 0.373047 0.015625 0.0429688 0.849609
2 0.914844 0.513672 0.170312 0.199219 0.857422
0 0.817187 0.359375 0.015625 0.0351562 0.886719
1 0.464063 0.37793 0.046875 0.0410156 0.907227
0 0.661719 0.370117 0.0140625 0.0488281 0.919434
1 0.399219 0.393555 0.0734375 0.0683594 0.933594
1 0.0640625 0.404297 0.128125 0.128906 0.949707
1 0.26875 0.392578 0.08125 0.0742188 0.95166
1 0.819531 0.464844 0.214062 0.179688 0.957031
