8 0.428125 0.40918 0.00625 0.0136719 0.26416
0 0.239844 0.44043 0.0078125 0.0136719 0.266357
1 0.249219 0.459961 0.0390625 0.0332031 0.614258
1 0.220313 0.459961 0.034375 0.0332031 0.683594
6 0.682813 0.232422 0.015625 0.0507812 0.774414
1 0.286719 0.462891 0.0484375 0.0390625 0.842773
8 0.795313 0.25293 0.071875 0.0292969 0.867188
1 0.334375 0.463867 0.075 0.0449219 0.896973
0 0.632812 0.467773 0.021875 0.0722656 0.925293
1 0.160156 0.466797 0.0859375 0.0820312 0.946777
1 0.440625 0.463867 0.096875 0.0683594 0.957031
