5 0.0546875 0.361328 0.04375 0.0625 0.271729
1 0.434375 0.348633 0.009375 0.00976562 0.321289
1 0.427344 0.348633 0.0109375 0.00976562 0.352783
1 0.35625 0.352539 0.009375 0.00976562 0.385742
4 0.538281 0.34082 0.0171875 0.0332031 0.39624
1 0.402344 0.350586 0.0078125 0.00976562 0.402344
1 0.382812 0.351562 0.009375 0.0078125 0.491211
1 0.392969 0.350586 0.0109375 0.00976562 0.517578
1 0.516406 0.345703 0.0109375 0.015625 0.530273
1 0.366406 0.349609 0.0140625 0.0117188 0.554199
1 0.341406 0.351562 0.0109375 0.0117188 0.558105
1 0.414062 0.348633 0.009375 0.00976562 0.577637
1 0.502344 0.347656 0.0109375 0.0117188 0.595215
1 0.251563 0.358398 0.015625 0.00976562 0.640625
1 0.31875 0.350586 0.01875 0.0136719 0.673828
1 0.489062 0.352539 0.015625 0.0175781 0.81543
1 0.284375 0.353516 0.025 0.015625 0.818848
1 0.157813 0.365234 0.03125 0.0234375 0.844238
1 0.191406 0.360352 0.0359375 0.0253906 0.84668
1 0.585156 0.353516 0.0390625 0.0429688 0.879883
1 0.530469 0.357422 0.0296875 0.0273438 0.899414
5 0.0898438 0.354492 0.101562 0.0722656 0.901367
