0 0.261719 0.354492 0.0078125 0.0136719 0.253174
1 0.5 0.350586 0.028125 0.0136719 0.264404
6 0.43125 0.201172 0.01875 0.0429688 0.411621
0 0.2 0.363281 0.0125 0.0234375 0.459961
1 0.550781 0.367188 0.0390625 0.0390625 0.485107
1 0.453125 0.355469 0.01875 0.0234375 0.547852
1 0.423438 0.357422 0.015625 0.0234375 0.552734
1 0.4375 0.355469 0.0125 0.015625 0.586914
0 0.566406 0.349609 0.0078125 0.0195312 0.619141
6 0.448438 0.202148 0.0125 0.0410156 0.654297
1 0.242188 0.361328 0.046875 0.015625 0.658203
1 0.948438 0.546875 0.103125 0.355469 0.711914
0 0.273438 0.356445 0.009375 0.0175781 0.722656
6 0.41875 0.204102 0.0125 0.0410156 0.740234
0 0.733594 0.363281 0.0203125 0.0546875 0.785156
1 0.360938 0.364258 0.025 0.0292969 0.873535
0 0.709375 0.368164 0.01875 0.0644531 0.893555
1 0.4 0.373047 0.05625 0.0507812 0.915039
1 0.325 0.370117 0.053125 0.0566406 0.938477
1 0.490625 0.399414 0.09375 0.0917969 0.955078
1 0.248437 0.428711 0.146875 0.126953 0.969238
1 0.817969 0.442383 0.242188 0.205078 0.973633
