1 0.360938 0.364258 0.034375 0.0332031 0.290771
1 0.385156 0.361328 0.0203125 0.0273438 0.30249
8 0.765625 0.232422 0.0125 0.015625 0.313965
8 0.432031 0.192383 0.0203125 0.0410156 0.333252
2 0.56875 0.376953 0.01875 0.03125 0.349365
1 0.441406 0.363281 0.0140625 0.0273438 0.370117
1 0.496875 0.364258 0.0125 0.0292969 0.380859
1 0.323438 0.368164 0.015625 0.0175781 0.411865
1 0.255469 0.375977 0.0296875 0.0253906 0.416748
3 0.955469 0.575195 0.0890625 0.181641 0.458496
8 0.446875 0.192383 0.0125 0.0371094 0.511719
3 0.192969 0.395508 0.0265625 0.0371094 0.552246
1 0.51875 0.363281 0.0125 0.0234375 0.555664
6 0.447656 0.192383 0.0109375 0.0371094 0.568848
6 0.421094 0.194336 0.0109375 0.0371094 0.570312
1 0.342969 0.366211 0.0234375 0.0332031 0.594238
1 0.448438 0.362305 0.021875 0.0253906 0.603027
1 0.310156 0.370117 0.0203125 0.0214844 0.608398
1 0.542969 0.366211 0.0328125 0.0332031 0.643555
1 0.529688 0.365234 0.021875 0.0273438 0.695312
1 0.507812 0.359375 0.015625 0.0195312 0.705566
0 0.139844 0.375977 0.0109375 0.0292969 0.734375
0 0.626562 0.370117 0.015625 0.0605469 0.805176
1 0.360156 0.375 0.0296875 0.0234375 0.812988
0 0.56875 0.365234 0.01875 0.0507812 0.816406
3 0.905469 0.501953 0.185937 0.230469 0.817871
1 0.427344 0.366211 0.0265625 0.0332031 0.82373
0 0.692969 0.366211 0.0140625 0.0527344 0.842285
1 0.219531 0.383789 0.0390625 0.0371094 0.850586
0 0.964063 0.375 0.028125 0.0703125 0.87207
0 0.660937 0.366211 0.015625 0.0605469 0.875977
8 0.31875 0.1875 0.025 0.0351562 0.886719
1 0.478125 0.368164 0.034375 0.0371094 0.896484
1 0.403125 0.374023 0.04375 0.0449219 0.905762
