6 0.734375 0.195312 0.028125 0.0976562 0.260254
0 0.321875 0.417969 0.009375 0.0390625 0.27002
1 0.190625 0.496094 0.078125 0.078125 0.467529
6 0.626562 0.341797 0.009375 0.03125 0.480713
1 0.158594 0.505859 0.0734375 0.0703125 0.526367
1 0.315625 0.463867 0.05625 0.0488281 0.78418
8 0.6875 0.351562 0.0375 0.015625 0.785645
1 0.415625 0.473633 0.05 0.0410156 0.82373
1 0.484375 0.467773 0.059375 0.0410156 0.855469
0 0.6 0.470703 0.0125 0.0429688 0.875
0 0.51875 0.467773 0.009375 0.0371094 0.875977
1 0.3625 0.507812 0.10625 0.105469 0.941895
1 0.29375 0.544922 0.1625 0.121094 0.968262
1 0.0898438 0.640625 0.179688 0.375 0.969238
