4 0.504687 0.345703 0.0125 0.015625 0.284424
1 0.416406 0.347656 0.0078125 0.0078125 0.318359
1 0.432813 0.347656 0.009375 0.0078125 0.331055
1 0.419531 0.347656 0.0078125 0.0078125 0.346924
1 0.526563 0.349609 0.009375 0.0117188 0.351318
1 0.25 0.359375 0.01875 0.0234375 0.4729
1 0.407813 0.347656 0.009375 0.0078125 0.473389
1 0.367188 0.351562 0.009375 0.0117188 0.495605
4 0.532812 0.339844 0.015625 0.0273438 0.540039
1 0.375 0.352539 0.0125 0.0136719 0.665527
1 0.395312 0.349609 0.0125 0.0117188 0.710449
1 0.504687 0.34668 0.0125 0.0136719 0.716309
5 0.266406 0.345703 0.0515625 0.046875 0.752441
1 0.354688 0.349609 0.015625 0.015625 0.790039
1 0.491406 0.351562 0.0171875 0.0195312 0.807617
1 0.09375 0.375977 0.040625 0.0371094 0.832031
1 0.334375 0.354492 0.015625 0.0136719 0.853516
1 0.29375 0.354492 0.025 0.0253906 0.868164
1 0.610937 0.353516 0.046875 0.0507812 0.884766
1 0.54375 0.358398 0.03125 0.0292969 0.890137
1 0.227344 0.364258 0.0328125 0.0253906 0.893555
1 0.053125 0.380859 0.05625 0.0507812 0.913574
1 0.865625 0.464844 0.26875 0.289062 0.970703
