1 0.408594 0.34082 0.0234375 0.0214844 0.26001
0 0.104687 0.353516 0.0125 0.0234375 0.265869
0 0.416406 0.353516 0.0109375 0.0351562 0.285645
0 0.296094 0.345703 0.0078125 0.0195312 0.382812
0 0.266406 0.357422 0.0109375 0.0234375 0.391846
2 0.889063 0.482422 0.046875 0.136719 0.448975
1 0.323438 0.34082 0.028125 0.0136719 0.450195
0 0.220313 0.341797 0.009375 0.0117188 0.560547
0 0.120312 0.352539 0.009375 0.0214844 0.586914
1 0.408594 0.351562 0.0265625 0.0390625 0.614746
1 0.444531 0.34668 0.0359375 0.0292969 0.655762
0 0.889063 0.435547 0.046875 0.226562 0.666504
1 0.558594 0.364258 0.0296875 0.0449219 0.721191
1 0.545313 0.354492 0.028125 0.0410156 0.747559
1 0.496875 0.354492 0.03125 0.0371094 0.766113
0 0.710938 0.361328 0.015625 0.046875 0.783691
1 0.519531 0.349609 0.0234375 0.03125 0.803711
1 0.21875 0.366211 0.0375 0.0371094 0.813477
1 0.579687 0.373047 0.040625 0.0546875 0.844238
1 0.603906 0.382812 0.0421875 0.0703125 0.870117
1 0.182031 0.371094 0.0546875 0.0429688 0.881836
1 0.388281 0.364258 0.0515625 0.0527344 0.902344
1 0.478125 0.365234 0.05 0.0507812 0.907227
1 0.0476562 0.390625 0.0953125 0.128906 0.919434
1 0.653906 0.396484 0.0984375 0.0898438 0.927246
1 0.334375 0.383789 0.090625 0.0800781 0.958008
