0 0.161719 0.371094 0.0109375 0.015625 0.255127
3 0.30625 0.378906 0.021875 0.0273438 0.350098
8 0.782031 0.224609 0.0140625 0.015625 0.384033
1 0.441406 0.364258 0.0140625 0.0292969 0.397949
1 0.496094 0.364258 0.0140625 0.0292969 0.401123
1 0.31875 0.37207 0.0125 0.0214844 0.405029
1 0.305469 0.373047 0.0234375 0.0234375 0.419434
1 0.382812 0.361328 0.01875 0.0273438 0.456055
3 0.177344 0.398438 0.0328125 0.0429688 0.458008
1 0.519531 0.363281 0.0140625 0.0234375 0.458984
1 0.252344 0.37793 0.0328125 0.0253906 0.482422
2 0.93125 0.551758 0.1375 0.208984 0.563965
8 0.782812 0.243164 0.046875 0.0214844 0.597168
1 0.448438 0.362305 0.021875 0.0253906 0.599121
1 0.544531 0.367188 0.0328125 0.03125 0.600098
6 0.417969 0.188477 0.0109375 0.0371094 0.608398
1 0.507812 0.359375 0.015625 0.0195312 0.700684
1 0.530469 0.365234 0.0234375 0.0273438 0.702637
3 0.934375 0.551758 0.13125 0.208984 0.71875
1 0.339063 0.365234 0.025 0.0351562 0.742188
6 0.447656 0.188477 0.0109375 0.0371094 0.76123
0 0.13125 0.379883 0.0125 0.0292969 0.761719
1 0.428125 0.367188 0.025 0.03125 0.830566
1 0.359375 0.370117 0.0375 0.0410156 0.851074
0 0.700781 0.366211 0.0140625 0.0527344 0.853027
0 0.632812 0.370117 0.015625 0.0605469 0.854492
0 0.9875 0.384766 0.025 0.0820312 0.855957
0 0.571094 0.365234 0.0171875 0.0507812 0.865723
0 0.667969 0.364258 0.0140625 0.0605469 0.876953
8 0.311719 0.18457 0.0265625 0.0371094 0.87793
1 0.213281 0.386719 0.0453125 0.0390625 0.888184
1 0.479688 0.368164 0.034375 0.0371094 0.903809
1 0.403906 0.375 0.0453125 0.046875 0.909668
