1 0.396094 0.352539 0.0109375 0.00976562 0.271484
1 0.35625 0.351562 0.00625 0.0078125 0.302002
1 0.298438 0.355469 0.009375 0.0078125 0.311768
1 0.370313 0.350586 0.009375 0.00976562 0.399414
1 0.309375 0.355469 0.009375 0.0078125 0.401367
1 0.514844 0.347656 0.0109375 0.015625 0.407715
4 0.533594 0.341797 0.0171875 0.0351562 0.546875
1 0.504687 0.349609 0.009375 0.0117188 0.620605
1 0.328906 0.354492 0.0171875 0.0136719 0.65332
1 0.283594 0.356445 0.0171875 0.0136719 0.713867
1 0.147656 0.365234 0.0421875 0.0273438 0.80127
1 0.483594 0.353516 0.0171875 0.0195312 0.817383
1 0.21875 0.361328 0.025 0.0195312 0.82959
1 0.538281 0.359375 0.0296875 0.03125 0.880859
1 0.590625 0.355469 0.040625 0.046875 0.90918
1 0.028125 0.391602 0.05625 0.0488281 0.923828
