0 0.242188 0.37793 0.009375 0.0332031 0.297363
0 0.189063 0.380859 0.009375 0.0273438 0.343506
1 0.48125 0.360352 0.0125 0.0136719 0.431152
1 0.249219 0.379883 0.0234375 0.0371094 0.470703
1 0.358594 0.370117 0.0171875 0.0253906 0.509766
1 0.327344 0.375977 0.0234375 0.0292969 0.544922
1 0.496875 0.359375 0.009375 0.0117188 0.57959
1 0.338281 0.374023 0.0296875 0.0292969 0.630859
1 0.508594 0.358398 0.0109375 0.0136719 0.710938
0 0.821094 0.358398 0.0203125 0.0332031 0.738281
0 0.8 0.355469 0.0125 0.03125 0.789062
3 0.880469 0.487305 0.198437 0.166016 0.789551
1 0.539062 0.369141 0.021875 0.0234375 0.800781
3 0.930469 0.525391 0.139062 0.183594 0.85791
0 0.673437 0.37207 0.015625 0.0449219 0.871582
1 0.463281 0.375977 0.0453125 0.0410156 0.909668
0 0.655469 0.367188 0.0140625 0.046875 0.914551
1 0.288281 0.387695 0.0703125 0.0683594 0.918457
1 0.789844 0.449219 0.185937 0.15625 0.928223
1 0.4 0.391602 0.075 0.0683594 0.934082
1 0.10625 0.397461 0.125 0.115234 0.949707
