1 0.522656 0.338867 0.0140625 0.0214844 0.252441
8 0.523438 0.335938 0.0125 0.0234375 0.287598
5 0.350781 0.341797 0.0171875 0.0234375 0.370361
1 0.421094 0.341797 0.0078125 0.0078125 0.453125
1 0.4125 0.342773 0.009375 0.00976562 0.523926
4 0.524219 0.337891 0.0140625 0.0273438 0.573242
1 0.375781 0.345703 0.0140625 0.0117188 0.660645
1 0.35 0.344727 0.015625 0.0175781 0.671875
1 0.502344 0.341797 0.0109375 0.0117188 0.674316
1 0.364062 0.347656 0.009375 0.0117188 0.706543
1 0.396875 0.344727 0.015625 0.0136719 0.725098
1 0.489844 0.349609 0.0171875 0.0195312 0.871094
1 0.289062 0.353516 0.021875 0.0195312 0.896484
1 0.61875 0.354492 0.04375 0.0566406 0.907227
1 0.5375 0.355469 0.03125 0.03125 0.914551
1 0.0328125 0.381836 0.046875 0.0371094 0.915527
1 0.675 0.389648 0.13125 0.126953 0.97168
