2 0.0242187 0.415039 0.0421875 0.0332031 0.258789
0 0.0203125 0.396484 0.0125 0.0351562 0.26416
1 0.953906 0.56543 0.0921875 0.404297 0.499512
2 0.732813 0.455078 0.134375 0.121094 0.550293
0 0.889063 0.384766 0.021875 0.0351562 0.557617
0 0.807813 0.384766 0.015625 0.046875 0.562012
1 0.346094 0.373047 0.0171875 0.0234375 0.562988
0 0.849219 0.384766 0.0265625 0.046875 0.570801
1 0.448438 0.360352 0.009375 0.00976562 0.585938
1 0.0390625 0.388672 0.065625 0.0390625 0.618652
1 0.486719 0.361328 0.0109375 0.0117188 0.619141
3 0.735156 0.454102 0.139062 0.123047 0.621582
0 0.786719 0.37207 0.0234375 0.0605469 0.623047
0 0.174219 0.375977 0.0109375 0.0371094 0.628418
1 0.329688 0.375 0.021875 0.0234375 0.646973
1 0.503125 0.361328 0.015625 0.015625 0.693848
0 0.164844 0.375 0.0109375 0.0351562 0.718262
1 0.471875 0.361328 0.0125 0.015625 0.733887
0 0.550781 0.367188 0.0109375 0.0351562 0.749512
1 0.614844 0.390625 0.0671875 0.0546875 0.760742
0 0.689062 0.359375 0.015625 0.0273438 0.769043
3 0.861719 0.496094 0.204688 0.203125 0.775391
0 0.664062 0.365234 0.009375 0.0390625 0.806152
0 0.572656 0.370117 0.0109375 0.0332031 0.816406
0 0.757031 0.360352 0.0203125 0.0488281 0.833984
1 0.371875 0.374023 0.03125 0.0371094 0.835938
1 0.703125 0.417969 0.128125 0.09375 0.847656
1 0.524219 0.369141 0.0203125 0.0234375 0.850098
1 0.432813 0.374023 0.034375 0.0410156 0.851562
1 0.292969 0.37207 0.0546875 0.0566406 0.937012
1 0.399219 0.386719 0.0578125 0.0546875 0.945312
