1 0.610937 0.395508 0.05 0.0761719 0.339111
1 0.3125 0.361328 0.01875 0.0273438 0.368164
0 0.485938 0.356445 0.009375 0.0292969 0.369141
1 0.373437 0.359375 0.009375 0.0195312 0.432129
8 0.00625 0.306641 0.0125 0.0351562 0.434326
0 0.213281 0.361328 0.0078125 0.03125 0.480713
2 0.485156 0.363281 0.0109375 0.0234375 0.530273
0 0.259375 0.362305 0.00625 0.0214844 0.551758
0 0.199219 0.362305 0.0078125 0.0292969 0.591309
0 0.0101562 0.380859 0.0109375 0.0429688 0.617676
1 0.388281 0.359375 0.0171875 0.0273438 0.62793
1 0.557031 0.368164 0.0296875 0.0410156 0.695312
0 0.0289063 0.376953 0.0109375 0.0507812 0.70166
1 0.3375 0.356445 0.0375 0.0371094 0.724609
1 0.3625 0.361328 0.015625 0.0234375 0.725586
1 0.596875 0.382812 0.0625 0.0664062 0.763672
1 0.441406 0.354492 0.0140625 0.0175781 0.763672
1 0.428125 0.363281 0.01875 0.0351562 0.770996
1 0.466406 0.348633 0.0171875 0.0175781 0.811523
0 0.0554687 0.381836 0.0171875 0.0488281 0.856445
1 0.51875 0.361328 0.05625 0.03125 0.867188
1 0.407813 0.369141 0.046875 0.046875 0.909668
1 0.66875 0.394531 0.096875 0.128906 0.914062
1 0.758594 0.426758 0.192188 0.177734 0.954102
1 0.917188 0.564453 0.165625 0.339844 0.959473
