1 0.511719 0.347656 0.0109375 0.015625 0.33252
1 0.389062 0.351562 0.0125 0.0117188 0.360107
1 0.407813 0.352539 0.009375 0.00976562 0.448486
1 0.432813 0.358398 0.021875 0.0214844 0.497803
4 0.529688 0.34375 0.015625 0.03125 0.538574
1 0.367188 0.353516 0.015625 0.0117188 0.583984
1 0.502344 0.351562 0.0109375 0.0117188 0.59668
1 0.348437 0.354492 0.015625 0.0136719 0.651367
1 0.305469 0.354492 0.0140625 0.0136719 0.744141
1 0.278125 0.355469 0.01875 0.015625 0.77832
1 0.482031 0.357422 0.0171875 0.0195312 0.802734
1 0.251563 0.364258 0.025 0.0214844 0.81543
1 0.535937 0.361328 0.028125 0.0273438 0.854492
1 0.09375 0.37793 0.0375 0.0292969 0.877441
1 0.590625 0.358398 0.040625 0.0449219 0.890137
1 0.0171875 0.385742 0.034375 0.0644531 0.900879
1 0.192969 0.37207 0.0453125 0.0292969 0.933594
