1 0.677344 0.411133 0.0546875 0.0996094 0.291504
2 0.616406 0.402344 0.0703125 0.0546875 0.311279
1 0.248437 0.37207 0.03125 0.0332031 0.404053
6 0.447656 0.246094 0.0234375 0.0273438 0.454834
3 0.676562 0.415039 0.053125 0.0957031 0.46167
0 0.313281 0.366211 0.0078125 0.0292969 0.466064
0 0.261719 0.359375 0.0109375 0.015625 0.493164
1 0.507031 0.359375 0.0140625 0.0234375 0.503906
2 0.676562 0.415039 0.053125 0.0996094 0.541504
1 0.523438 0.361328 0.025 0.0273438 0.544922
0 0.622656 0.359375 0.0078125 0.03125 0.55127
0 0.128125 0.375 0.009375 0.0273438 0.558594
1 0.514063 0.360352 0.01875 0.0253906 0.567871
1 0.492188 0.361328 0.015625 0.0273438 0.598145
0 0.576563 0.362305 0.009375 0.0410156 0.618164
1 0.3625 0.361328 0.015625 0.0234375 0.625
1 0.446094 0.356445 0.0171875 0.0214844 0.680176
1 0.015625 0.412109 0.03125 0.0664062 0.741211
0 0.545313 0.358398 0.009375 0.0332031 0.774414
8 0.376563 0.246094 0.015625 0.0234375 0.786133
8 0.447656 0.246094 0.0234375 0.0273438 0.790527
0 0.113281 0.378906 0.0140625 0.0429688 0.827148
0 0.598437 0.356445 0.0125 0.0371094 0.829102
1 0.379687 0.357422 0.021875 0.0234375 0.84375
1 0.278125 0.371094 0.03125 0.03125 0.845215
1 0.43125 0.361328 0.021875 0.0273438 0.86084
1 0.898438 0.501953 0.2 0.28125 0.868164
1 0.407031 0.368164 0.0390625 0.0449219 0.897461
1 0.473437 0.365234 0.034375 0.0351562 0.917969
1 0.338281 0.369141 0.0453125 0.046875 0.929199
1 0.775781 0.430664 0.185937 0.177734 0.94873
1 0.177344 0.398438 0.123438 0.105469 0.964355
