0 0.21875 0.389648 0.009375 0.0332031 0.282959
0 0.204688 0.370117 0.009375 0.0136719 0.310303
0 0.0890625 0.383789 0.009375 0.0214844 0.32666
1 0.415625 0.374023 0.01875 0.0371094 0.35498
0 0.417188 0.376953 0.0125 0.0351562 0.388428
0 0.103906 0.378906 0.0140625 0.0234375 0.435303
1 0.573438 0.395508 0.025 0.0527344 0.484863
1 0.500781 0.379883 0.0203125 0.0371094 0.635254
1 0.403125 0.373047 0.021875 0.0351562 0.651367
1 0.548437 0.376953 0.028125 0.0429688 0.6875
1 0.564062 0.385742 0.03125 0.0527344 0.721191
1 0.445312 0.366211 0.028125 0.0292969 0.728027
1 0.198437 0.393555 0.0375 0.0371094 0.786133
1 0.519531 0.375 0.0234375 0.03125 0.788086
1 0.59375 0.397461 0.05 0.0644531 0.835938
1 0.154687 0.402344 0.059375 0.046875 0.851562
1 0.627344 0.412109 0.0546875 0.0820312 0.908203
1 0.476562 0.388672 0.053125 0.0546875 0.922852
1 0.38125 0.386719 0.05625 0.0546875 0.931641
1 0.313281 0.415039 0.104687 0.0957031 0.957031
1 0.690625 0.429688 0.11875 0.117188 0.964355
