0 0.598437 0.344727 0.00625 0.0175781 0.255127
1 0.572656 0.356445 0.0453125 0.0253906 0.315674
1 0.547656 0.348633 0.0265625 0.0214844 0.416748
1 0.525781 0.348633 0.0171875 0.0175781 0.476562
1 0.432031 0.349609 0.0140625 0.0234375 0.514648
6 0.399219 0.101562 0.0265625 0.0742188 0.556152
1 0.395312 0.34668 0.021875 0.0214844 0.63623
1 0.489062 0.347656 0.028125 0.0234375 0.775879
6 0.423438 0.100586 0.021875 0.0722656 0.816895
1 0.465625 0.347656 0.025 0.0273438 0.818848
6 0.376563 0.103516 0.01875 0.0664062 0.842285
0 0.894531 0.389648 0.0296875 0.107422 0.868652
1 0.167969 0.375 0.0609375 0.0546875 0.878906
1 0.413281 0.361328 0.0421875 0.0429688 0.900391
0 0.921875 0.386719 0.03125 0.105469 0.905762
0 0.989062 0.415039 0.021875 0.134766 0.924805
1 0.364844 0.379883 0.0765625 0.0722656 0.938477
1 0.241406 0.376953 0.0953125 0.0898438 0.953125
1 0.521094 0.444336 0.185937 0.181641 0.976562
