3 0.021875 0.433594 0.04375 0.078125 0.276855
0 0.114063 0.375977 0.0125 0.0136719 0.282227
0 0.0109375 0.413086 0.021875 0.0644531 0.306396
1 0.215625 0.391602 0.021875 0.0253906 0.396973
1 0.289062 0.37793 0.025 0.0292969 0.399658
1 0.460156 0.366211 0.0140625 0.0214844 0.416748
1 0.513281 0.367188 0.0140625 0.0234375 0.418701
1 0.528125 0.370117 0.015625 0.0253906 0.499023
1 0.5375 0.375977 0.01875 0.0332031 0.57666
1 0.500781 0.37207 0.0171875 0.0332031 0.587891
0 0.0679687 0.389648 0.0140625 0.0371094 0.685547
1 0.447656 0.370117 0.0234375 0.0292969 0.696777
3 0.264062 0.389648 0.021875 0.0292969 0.743164
6 0.407813 0.148438 0.01875 0.0507812 0.751953
0 0.597656 0.375 0.0203125 0.0625 0.780762
1 0.427344 0.375 0.0265625 0.0390625 0.788574
0 0.75625 0.380859 0.01875 0.0664062 0.794434
6 0.439844 0.147461 0.0171875 0.0527344 0.804199
8 0.261719 0.134766 0.0359375 0.0507812 0.81543
1 0.558594 0.37793 0.0421875 0.0371094 0.821777
1 0.363281 0.373047 0.0328125 0.0429688 0.822754
0 0.715625 0.376953 0.01875 0.0742188 0.858887
0 0.673437 0.383789 0.01875 0.0761719 0.861328
1 0.483594 0.375977 0.0359375 0.0371094 0.884766
1 0.400781 0.382812 0.0484375 0.046875 0.913574
1 0.170312 0.397461 0.05625 0.0449219 0.916992
1 0.325781 0.380859 0.0546875 0.0546875 0.920898
