1 0.423438 0.367188 0.021875 0.0351562 0.317383
1 0.367188 0.363281 0.009375 0.0195312 0.378418
1 0.392969 0.363281 0.0140625 0.0234375 0.412109
1 0.491406 0.363281 0.0265625 0.0234375 0.475342
1 0.374219 0.362305 0.0109375 0.0175781 0.486328
0 0.188281 0.376953 0.0171875 0.03125 0.490479
0 0.684375 0.364258 0.015625 0.0214844 0.610352
1 0.557031 0.37793 0.0359375 0.0449219 0.723145
1 0.534375 0.37207 0.025 0.0332031 0.75
1 0.464844 0.364258 0.0453125 0.0253906 0.775879
1 0.325781 0.365234 0.0234375 0.0234375 0.775879
8 0.0921875 0.316406 0.021875 0.0273438 0.805664
1 0.351562 0.360352 0.028125 0.0332031 0.813965
1 0.598437 0.383789 0.059375 0.0800781 0.81543
0 0.128906 0.373047 0.0140625 0.0351562 0.860352
1 0.410156 0.371094 0.0421875 0.0429688 0.910645
1 0.632812 0.397461 0.090625 0.0957031 0.927246
1 0.06875 0.429688 0.1375 0.148438 0.959961
1 0.717188 0.4375 0.146875 0.132812 0.967773
