1 0.501562 0.462891 0.028125 0.0585938 0.266846
6 0.275781 0.390625 0.0234375 0.015625 0.310547
6 0.294531 0.376953 0.0109375 0.0117188 0.321777
1 0.304688 0.461914 0.040625 0.0371094 0.348389
1 0.175781 0.47168 0.0390625 0.0371094 0.377197
8 0.540625 0.289062 0.015625 0.0234375 0.388672
0 0.125 0.486328 0.028125 0.09375 0.643555
1 0.08125 0.480469 0.0625 0.046875 0.836914
1 0.520312 0.442383 0.021875 0.0214844 0.838379
8 0.276563 0.330078 0.021875 0.0273438 0.849121
0 0.242188 0.483398 0.03125 0.107422 0.878418
0 0.501562 0.463867 0.028125 0.0605469 0.888672
1 0.669531 0.444336 0.0421875 0.0410156 0.893555
0 0.213281 0.485352 0.0421875 0.111328 0.913574
1 0.939844 0.586914 0.120312 0.318359 0.91748
1 0.861719 0.527344 0.192188 0.207031 0.958984
