0 0.604688 0.357422 0.009375 0.0234375 0.27002
0 0.229687 0.361328 0.009375 0.0273438 0.302002
1 0.49375 0.354492 0.025 0.0175781 0.365723
0 0.245312 0.358398 0.00625 0.0214844 0.394775
0 0.238281 0.362305 0.0078125 0.0292969 0.431885
1 0.541406 0.353516 0.0203125 0.0234375 0.44751
1 0.428906 0.358398 0.0171875 0.0253906 0.495117
1 0.472656 0.354492 0.0140625 0.0175781 0.508301
1 0.523438 0.355469 0.015625 0.015625 0.609375
1 0.459375 0.356445 0.01875 0.0214844 0.689941
1 0.38125 0.362305 0.021875 0.0253906 0.790039
1 0.564062 0.375977 0.04375 0.0527344 0.814453
6 0.434375 0.150391 0.01875 0.0546875 0.818359
6 0.396094 0.150391 0.0171875 0.0546875 0.825684
0 0.808594 0.380859 0.0234375 0.0820312 0.885254
1 0.407031 0.370117 0.0484375 0.0488281 0.893555
0 0.826563 0.379883 0.025 0.0839844 0.897949
0 0.879687 0.400391 0.028125 0.101562 0.908691
1 0.198437 0.378906 0.065625 0.0507812 0.910645
1 0.270312 0.379883 0.06875 0.0761719 0.929199
1 0.323438 0.402344 0.103125 0.09375 0.963867
1 0.505469 0.429688 0.148438 0.140625 0.969727
