1 0.426562 0.350586 0.009375 0.00976562 0.259033
4 0.530469 0.34375 0.0171875 0.0351562 0.262451
5 0.53125 0.342773 0.01875 0.0371094 0.272705
1 0.510938 0.348633 0.009375 0.0175781 0.348389
1 0.392969 0.352539 0.0078125 0.00976562 0.378174
1 0.407813 0.351562 0.009375 0.0078125 0.383789
1 0.436719 0.357422 0.0171875 0.0195312 0.574219
1 0.372656 0.352539 0.0109375 0.00976562 0.599121
1 0.354688 0.354492 0.015625 0.0136719 0.654785
1 0.315625 0.354492 0.0125 0.0136719 0.768555
1 0.535937 0.360352 0.028125 0.0292969 0.79834
1 0.291406 0.355469 0.0171875 0.015625 0.812012
1 0.270312 0.362305 0.021875 0.0175781 0.838379
1 0.482031 0.356445 0.0171875 0.0214844 0.85791
1 0.590625 0.356445 0.040625 0.0488281 0.860352
1 0.133594 0.375977 0.0328125 0.0253906 0.899902
1 0.220313 0.368164 0.040625 0.0253906 0.916992
1 0.0664062 0.379883 0.0734375 0.0566406 0.928711
