8 0.646875 0.423828 0.0125 0.0273438 0.547852
0 0.382031 0.46875 0.0109375 0.015625 0.632812
1 0.328125 0.484375 0.05 0.0507812 0.695312
0 0.24375 0.479492 0.0125 0.0410156 0.84668
1 0.355469 0.496094 0.0421875 0.046875 0.864746
1 0.386719 0.499023 0.0546875 0.0488281 0.878906
1 0.196875 0.481445 0.025 0.0410156 0.89209
1 0.427344 0.505859 0.0609375 0.0625 0.911621
1 0.132812 0.515625 0.121875 0.15625 0.949707
1 0.489844 0.512695 0.117188 0.0761719 0.955566
1 0.66875 0.527344 0.19375 0.140625 0.968262
