1 0.46875 0.34375 0.0125 0.0195312 0.281006
1 0.433594 0.34375 0.0109375 0.0195312 0.304443
1 0.503906 0.34375 0.0109375 0.015625 0.308838
1 0.389844 0.338867 0.0234375 0.0136719 0.322266
1 0.527344 0.34375 0.0203125 0.015625 0.325195
1 0.553906 0.342773 0.0328125 0.0253906 0.417725
1 0.572656 0.348633 0.0421875 0.0214844 0.424316
6 0.388281 0.0732422 0.0265625 0.0761719 0.515137
1 0.461719 0.34375 0.0203125 0.0234375 0.646973
1 0.149219 0.375 0.0578125 0.0625 0.775879
1 0.485938 0.349609 0.025 0.0273438 0.830078
6 0.364844 0.0761719 0.0234375 0.0742188 0.833008
6 0.414062 0.0732422 0.028125 0.0722656 0.858398
0 0.984375 0.385742 0.03125 0.115234 0.859375
0 0.954687 0.383789 0.0375 0.107422 0.877441
1 0.167969 0.380859 0.0421875 0.0585938 0.884277
1 0.345313 0.357422 0.034375 0.0390625 0.888184
1 0.41875 0.355469 0.034375 0.0390625 0.89502
1 0.38125 0.371094 0.0625 0.0625 0.92041
1 0.220313 0.378906 0.103125 0.0976562 0.958008
1 0.541406 0.449219 0.207813 0.195312 0.965332
