1 0.442187 0.368164 0.015625 0.0292969 0.274414
0 0.178906 0.380859 0.0140625 0.0351562 0.33252
1 0.499219 0.366211 0.0140625 0.0253906 0.362549
1 0.450781 0.363281 0.0234375 0.0273438 0.448486
1 0.332031 0.370117 0.0203125 0.0371094 0.454346
3 0.300781 0.382812 0.0171875 0.0273438 0.4646
8 0.815625 0.213867 0.0125 0.0175781 0.48291
1 0.245312 0.381836 0.034375 0.0292969 0.489258
0 0.117969 0.384766 0.0140625 0.0351562 0.491943
3 0.14375 0.404297 0.04375 0.046875 0.518066
1 0.309375 0.375 0.025 0.0234375 0.532715
1 0.378906 0.367188 0.0203125 0.03125 0.631836
1 0.529688 0.368164 0.015625 0.0292969 0.637695
6 0.301562 0.173828 0.028125 0.0390625 0.666016
8 0.814062 0.233398 0.046875 0.0214844 0.666992
1 0.5125 0.362305 0.01875 0.0214844 0.681641
1 0.549219 0.371094 0.0390625 0.0351562 0.728027
6 0.417188 0.180664 0.0125 0.0410156 0.729004
6 0.445312 0.179688 0.0125 0.0390625 0.77832
1 0.428906 0.369141 0.0234375 0.0351562 0.80127
0 0.580469 0.367188 0.0171875 0.0546875 0.824219
0 0.64375 0.37207 0.015625 0.0644531 0.840332
8 0.300781 0.173828 0.0296875 0.0390625 0.859863
0 0.714063 0.367188 0.015625 0.0546875 0.869141
1 0.353125 0.373047 0.04375 0.0429688 0.881836
0 0.677344 0.369141 0.0171875 0.0664062 0.888184
1 0.403906 0.375977 0.0453125 0.0488281 0.910156
1 0.482031 0.371094 0.0359375 0.0390625 0.923828
1 0.203906 0.390625 0.0515625 0.0390625 0.926758
