1 0.373437 0.360352 0.009375 0.0214844 0.29126
1 0.3125 0.363281 0.01875 0.0234375 0.356445
1 0.335938 0.359375 0.034375 0.0390625 0.396484
5 0.334375 0.357422 0.0375 0.0390625 0.397217
0 0.140625 0.37793 0.01875 0.0332031 0.424072
0 0.197656 0.364258 0.0078125 0.0292969 0.547363
1 0.3875 0.361328 0.015625 0.0273438 0.57959
0 0.259375 0.363281 0.00625 0.0195312 0.57959
0 0.00625 0.382812 0.0125 0.046875 0.623047
2 0.486719 0.365234 0.0109375 0.0234375 0.645508
1 0.584375 0.381836 0.0375 0.0605469 0.652344
0 0.0265625 0.37793 0.009375 0.0527344 0.663086
1 0.3625 0.362305 0.015625 0.0214844 0.664551
1 0.559375 0.371094 0.03125 0.0429688 0.700684
1 0.467187 0.350586 0.01875 0.0175781 0.771973
1 0.610156 0.393555 0.0515625 0.0800781 0.772949
1 0.441406 0.355469 0.0140625 0.015625 0.777344
1 0.428125 0.364258 0.01875 0.0371094 0.794922
1 0.521094 0.362305 0.0546875 0.0292969 0.847656
0 0.053125 0.383789 0.015625 0.0527344 0.881348
1 0.921875 0.582031 0.15625 0.371094 0.909668
1 0.407031 0.369141 0.0453125 0.046875 0.912598
1 0.671094 0.393555 0.104687 0.123047 0.922852
1 0.765625 0.430664 0.2 0.185547 0.962402
