1 0.525781 0.357422 0.0078125 0.0117188 0.26001
2 0.86875 0.483398 0.18125 0.169922 0.388184
1 0.48125 0.360352 0.0125 0.0136719 0.461914
0 0.190625 0.379883 0.009375 0.0292969 0.46875
1 0.326562 0.375977 0.01875 0.0292969 0.541992
1 0.360156 0.370117 0.0171875 0.0253906 0.555664
0 0.814062 0.357422 0.015625 0.0351562 0.588379
1 0.496875 0.359375 0.009375 0.0117188 0.630859
1 0.252344 0.379883 0.0265625 0.0332031 0.674805
1 0.342969 0.374023 0.0265625 0.0292969 0.719238
1 0.509375 0.358398 0.0125 0.0136719 0.720215
3 0.935156 0.53125 0.126563 0.171875 0.783203
3 0.875781 0.482422 0.201562 0.167969 0.799316
1 0.539844 0.371094 0.0203125 0.0234375 0.816895
0 0.671875 0.371094 0.015625 0.0429688 0.840332
0 0.795313 0.356445 0.015625 0.0332031 0.841797
0 0.653125 0.368164 0.0125 0.0449219 0.886719
1 0.4625 0.375 0.046875 0.0429688 0.912598
1 0.788281 0.447266 0.192188 0.15625 0.930176
1 0.4 0.391602 0.075 0.0683594 0.9375
1 0.117188 0.396484 0.134375 0.113281 0.940918
1 0.291406 0.387695 0.0703125 0.0683594 0.941895
