1 0.517187 0.360352 0.009375 0.00976562 0.287842
1 0.434375 0.363281 0.01875 0.015625 0.314941
1 0.296875 0.381836 0.03125 0.0292969 0.368408
1 0.489844 0.361328 0.0109375 0.0117188 0.469971
1 0.502344 0.362305 0.0109375 0.0136719 0.624023
1 0.349219 0.374023 0.0203125 0.0253906 0.639648
2 0.941406 0.558594 0.117188 0.234375 0.654785
1 0.3125 0.379883 0.025 0.0292969 0.709961
1 0.330469 0.37793 0.0234375 0.0292969 0.771973
0 0.85 0.360352 0.025 0.0371094 0.790527
0 0.832812 0.360352 0.0125 0.0410156 0.8125
1 0.533594 0.371094 0.0203125 0.0234375 0.852051
0 0.664844 0.37207 0.0140625 0.0488281 0.885742
0 0.682813 0.375 0.015625 0.0429688 0.888672
1 0.461719 0.378906 0.0453125 0.0390625 0.900879
1 0.397656 0.394531 0.0734375 0.0703125 0.94043
1 0.244531 0.397461 0.0890625 0.0800781 0.954102
1 0.0460938 0.413086 0.0921875 0.142578 0.957031
1 0.859375 0.478516 0.25625 0.195312 0.96875
