1 0.45625 0.364258 0.01875 0.0214844 0.305664
1 0.223438 0.387695 0.028125 0.0292969 0.341797
1 0.513281 0.363281 0.0140625 0.0195312 0.35498
0 0.126563 0.384766 0.015625 0.0429688 0.378906
1 0.551562 0.374023 0.021875 0.0371094 0.433105
1 0.501562 0.369141 0.015625 0.03125 0.461914
1 0.527344 0.365234 0.0171875 0.0273438 0.564941
3 0.248437 0.388672 0.021875 0.03125 0.629883
6 0.416406 0.125 0.0265625 0.0625 0.65918
1 0.539062 0.371094 0.01875 0.03125 0.669922
6 0.241406 0.109375 0.0390625 0.0546875 0.67334
6 0.4 0.126953 0.015625 0.0546875 0.721191
0 0.0476562 0.387695 0.0140625 0.0371094 0.738281
1 0.425 0.37207 0.025 0.0371094 0.74707
8 0.241406 0.109375 0.0390625 0.0546875 0.757324
1 0.354688 0.371094 0.034375 0.046875 0.762695
6 0.438281 0.125 0.0171875 0.0546875 0.788574
1 0.5625 0.375977 0.04375 0.0410156 0.794434
0 0.688281 0.382812 0.0203125 0.0820312 0.813477
0 0.775 0.379883 0.01875 0.0683594 0.816406
0 0.604688 0.373047 0.015625 0.0664062 0.848145
1 0.4 0.379883 0.05 0.0488281 0.897461
0 0.732813 0.378906 0.021875 0.0859375 0.902344
1 0.484375 0.373047 0.0375 0.0429688 0.90918
1 0.157031 0.395508 0.0578125 0.0449219 0.92334
1 0.311719 0.378906 0.0609375 0.0585938 0.932129
