1 0.400781 0.344727 0.0109375 0.00976562 0.314941
1 0.371875 0.345703 0.009375 0.0117188 0.371826
8 0.523438 0.334961 0.0125 0.0214844 0.400146
4 0.523438 0.336914 0.0125 0.0253906 0.450684
1 0.4125 0.342773 0.00625 0.00976562 0.57959
1 0.421875 0.341797 0.009375 0.0078125 0.588867
1 0.396875 0.344727 0.0125 0.0136719 0.631348
1 0.502344 0.342773 0.0109375 0.00976562 0.699707
1 0.348437 0.34668 0.015625 0.0175781 0.718262
1 0.3625 0.347656 0.0125 0.0117188 0.723633
1 0.375781 0.34668 0.0140625 0.0136719 0.737305
1 0.285937 0.354492 0.021875 0.0214844 0.868652
1 0.489844 0.349609 0.0171875 0.0195312 0.87207
1 0.025 0.382812 0.05 0.0390625 0.878906
1 0.617969 0.355469 0.0453125 0.0585938 0.909668
1 0.538281 0.356445 0.0328125 0.0332031 0.916504
1 0.676562 0.389648 0.13125 0.126953 0.97168
