4 0.532812 0.34082 0.015625 0.0253906 0.42627
1 0.335156 0.355469 0.0140625 0.0117188 0.433105
1 0.347656 0.355469 0.0109375 0.0117188 0.438477
8 0.56875 0.335938 0.009375 0.0117188 0.471436
1 0.428125 0.349609 0.009375 0.0078125 0.491943
5 0.534375 0.341797 0.015625 0.0273438 0.533203
5 0.31875 0.352539 0.021875 0.0253906 0.580566
1 0.40625 0.349609 0.009375 0.0078125 0.588867
1 0.317969 0.353516 0.0203125 0.0234375 0.632324
1 0.378125 0.351562 0.0125 0.0117188 0.689453
1 0.342187 0.355469 0.021875 0.015625 0.690918
1 0.392188 0.350586 0.0125 0.0136719 0.701172
1 0.50625 0.34668 0.0125 0.0136719 0.709473
1 0.491406 0.352539 0.0171875 0.0175781 0.820312
5 0.139062 0.353516 0.11875 0.0820312 0.855957
1 0.544531 0.359375 0.0296875 0.0273438 0.867676
1 0.175 0.365234 0.046875 0.0429688 0.868652
1 0.267188 0.363281 0.028125 0.0234375 0.900391
1 0.609375 0.355469 0.04375 0.046875 0.922363
1 0.894531 0.509766 0.210938 0.378906 0.971191
