0 0.107031 0.352539 0.0109375 0.0214844 0.254639
0 0.296875 0.345703 0.00625 0.0195312 0.272461
0 0.266406 0.359375 0.0109375 0.0234375 0.277344
0 0.121875 0.351562 0.009375 0.0195312 0.422607
1 0.325 0.34082 0.028125 0.0136719 0.494873
0 0.220313 0.341797 0.009375 0.0117188 0.553223
1 0.444531 0.345703 0.0328125 0.03125 0.652344
1 0.409375 0.351562 0.028125 0.0390625 0.66748
1 0.559375 0.364258 0.03125 0.0449219 0.719238
1 0.497656 0.355469 0.0296875 0.0390625 0.740234
1 0.542969 0.355469 0.0234375 0.0390625 0.744141
0 0.88125 0.4375 0.04375 0.226562 0.753418
1 0.519531 0.351562 0.0234375 0.03125 0.799316
0 0.709375 0.363281 0.015625 0.0507812 0.810059
1 0.217969 0.365234 0.0359375 0.0351562 0.816406
1 0.578906 0.373047 0.0390625 0.0546875 0.828613
1 0.602344 0.384766 0.0421875 0.0703125 0.860352
1 0.185156 0.371094 0.0515625 0.0429688 0.864746
1 0.388281 0.364258 0.0515625 0.0527344 0.904785
1 0.478125 0.365234 0.05 0.0507812 0.919922
1 0.65 0.396484 0.09375 0.0898438 0.928711
1 0.0484375 0.389648 0.096875 0.123047 0.935547
1 0.335938 0.382812 0.090625 0.0820312 0.95752
