8 0.870313 0.27832 0.046875 0.0644531 0.283691
1 0.228906 0.376953 0.0359375 0.0585938 0.32666
1 0.546875 0.378906 0.01875 0.0351562 0.427246
1 0.495313 0.374023 0.03125 0.0410156 0.513672
0 0.676562 0.374023 0.0125 0.0410156 0.541504
1 0.517969 0.369141 0.0203125 0.03125 0.565918
1 0.414062 0.365234 0.021875 0.0273438 0.567871
0 0.992188 0.430664 0.015625 0.162109 0.617676
1 0.257812 0.382812 0.03125 0.0351562 0.649414
1 0.538281 0.371094 0.0234375 0.0351562 0.717773
1 0.446094 0.368164 0.0296875 0.0332031 0.732422
1 0.321094 0.371094 0.0359375 0.03125 0.737305
1 0.557813 0.383789 0.028125 0.0449219 0.785156
0 0.929688 0.435547 0.04375 0.179688 0.797363
1 0.576563 0.388672 0.034375 0.0507812 0.819336
1 0.0179687 0.417969 0.0359375 0.078125 0.852051
1 0.402344 0.382812 0.0390625 0.0507812 0.893555
1 0.480469 0.381836 0.0453125 0.0488281 0.894531
1 0.609375 0.395508 0.06875 0.0644531 0.903809
0 0.7125 0.402344 0.03125 0.125 0.905762
1 0.365625 0.393555 0.06875 0.0683594 0.928711
1 0.182031 0.398438 0.110937 0.109375 0.939453
