8 0.689062 0.307617 0.053125 0.0175781 0.275391
8 0.271094 0.380859 0.0171875 0.0117188 0.29834
8 0.34375 0.412109 0.009375 0.0195312 0.313477
1 0.253906 0.469727 0.0671875 0.0449219 0.359131
6 0.247656 0.389648 0.0171875 0.0253906 0.368408
6 0.265625 0.395508 0.0125 0.0136719 0.38623
6 0.271094 0.380859 0.0171875 0.0117188 0.563477
1 0.524219 0.449219 0.0296875 0.0234375 0.666992
1 0.0460938 0.489258 0.0578125 0.0566406 0.772461
3 0.648438 0.485352 0.053125 0.0527344 0.813477
0 0.529688 0.472656 0.015625 0.0664062 0.850586
8 0.253906 0.329102 0.0234375 0.0292969 0.851074
1 0.675 0.452148 0.04375 0.0410156 0.875977
0 0.084375 0.501953 0.028125 0.109375 0.901367
0 0.85 0.459961 0.025 0.0683594 0.916992
0 0.258594 0.508789 0.0421875 0.130859 0.932129
0 0.207813 0.50293 0.034375 0.134766 0.934082
1 0.910937 0.568359 0.178125 0.285156 0.95752
