0 0.603125 0.34668 0.00625 0.0175781 0.250732
8 0.98125 0.287109 0.0375 0.03125 0.274902
1 0.441406 0.349609 0.0109375 0.0117188 0.290283
1 0.54375 0.351562 0.021875 0.0234375 0.368408
1 0.523438 0.351562 0.015625 0.015625 0.469727
1 0.43125 0.352539 0.0125 0.0214844 0.513672
0 0.14375 0.370117 0.0125 0.0371094 0.521973
0 0.104687 0.379883 0.015625 0.0371094 0.560059
1 0.570312 0.375977 0.046875 0.0566406 0.618652
1 0.377344 0.356445 0.0234375 0.0253906 0.637207
6 0.403906 0.126953 0.0234375 0.0625 0.638184
1 0.489062 0.351562 0.021875 0.015625 0.660156
1 0.463281 0.353516 0.0234375 0.0234375 0.769531
6 0.385156 0.128906 0.0171875 0.0625 0.824707
6 0.429688 0.125977 0.01875 0.0605469 0.833008
0 0.867969 0.381836 0.0265625 0.0957031 0.872559
1 0.410156 0.365234 0.0453125 0.046875 0.885254
1 0.183594 0.376953 0.0671875 0.0546875 0.911621
0 0.926562 0.404297 0.0375 0.117188 0.913086
0 0.846875 0.384766 0.025 0.09375 0.913574
1 0.259375 0.37793 0.0875 0.0839844 0.945312
1 0.34375 0.390625 0.090625 0.0820312 0.949707
1 0.510156 0.4375 0.164062 0.160156 0.987305
