0 0.992188 0.561523 0.015625 0.142578 0.307129
8 0.59375 0.429688 0.0125 0.0234375 0.356201
6 0.592969 0.428711 0.0109375 0.0253906 0.568848
0 0.349219 0.47168 0.0109375 0.0175781 0.662598
1 0.357812 0.500977 0.040625 0.0449219 0.802734
1 0.296875 0.485352 0.05 0.0488281 0.806641
1 0.321875 0.498047 0.0375 0.0429688 0.855957
0 0.216406 0.482422 0.0109375 0.0390625 0.900391
1 0.39375 0.504883 0.059375 0.0566406 0.922852
1 0.139062 0.509766 0.1125 0.136719 0.947266
1 0.452344 0.510742 0.107813 0.0722656 0.957031
1 0.610156 0.521484 0.167187 0.121094 0.966797
