2 0.485156 0.487305 0.0171875 0.0214844 0.259521
0 0.4875 0.479492 0.0125 0.0332031 0.267334
8 0.0078125 0.280273 0.015625 0.0917969 0.281006
1 0.389844 0.488281 0.0390625 0.0234375 0.285889
1 0.632812 0.474609 0.01875 0.015625 0.290283
1 0.652344 0.474609 0.0203125 0.0195312 0.312256
1 0.578906 0.46875 0.0578125 0.0429688 0.331787
1 0.61875 0.475586 0.01875 0.0175781 0.39502
1 0.353125 0.491211 0.0375 0.0253906 0.411865
1 0.882031 0.469727 0.0484375 0.0371094 0.435547
0 0.921094 0.511719 0.0390625 0.140625 0.53418
8 0.882031 0.317383 0.0328125 0.0722656 0.687988
1 0.155469 0.507812 0.0453125 0.0507812 0.760742
1 0.182031 0.503906 0.0484375 0.046875 0.770996
1 0.215625 0.499023 0.040625 0.0410156 0.790039
0 0.935938 0.513672 0.034375 0.144531 0.805664
1 0.575 0.492188 0.04375 0.046875 0.854004
1 0.0367187 0.527344 0.0703125 0.0664062 0.875977
1 0.111719 0.52832 0.0828125 0.0722656 0.919434
1 0.738281 0.487305 0.0640625 0.0605469 0.943359
