8 0.421875 0.416016 0.00625 0.0117188 0.251465
1 0.248437 0.462891 0.034375 0.03125 0.580566
1 0.221875 0.461914 0.028125 0.0292969 0.62207
6 0.658594 0.255859 0.0140625 0.046875 0.813477
1 0.284375 0.46582 0.046875 0.0371094 0.850586
8 0.761719 0.275391 0.0640625 0.0273438 0.904785
1 0.329688 0.466797 0.075 0.0429688 0.905762
0 0.6125 0.470703 0.01875 0.0664062 0.912109
1 0.913281 0.693359 0.173438 0.398438 0.917969
1 0.16875 0.466797 0.084375 0.0742188 0.931641
1 0.432813 0.46582 0.090625 0.0644531 0.952148
