5 0.30625 0.349609 0.025 0.0273438 0.317627
1 0.415625 0.347656 0.00625 0.0078125 0.358154
1 0.525 0.349609 0.009375 0.0117188 0.365967
1 0.305469 0.352539 0.0234375 0.0253906 0.367432
4 0.53125 0.339844 0.015625 0.0273438 0.45459
1 0.371875 0.349609 0.0125 0.0117188 0.482178
1 0.403125 0.348633 0.009375 0.00976562 0.515625
1 0.382812 0.351562 0.009375 0.0117188 0.516602
5 0.0429688 0.347656 0.0859375 0.0546875 0.550293
1 0.389844 0.351562 0.0109375 0.0117188 0.556641
8 0.0429688 0.348633 0.0859375 0.0566406 0.582031
1 0.503906 0.34668 0.0109375 0.0136719 0.726074
1 0.360156 0.353516 0.0109375 0.0117188 0.747559
1 0.297656 0.359375 0.0203125 0.0195312 0.795898
1 0.611719 0.354492 0.0453125 0.0527344 0.815918
1 0.490625 0.351562 0.015625 0.0195312 0.830078
1 0.335156 0.352539 0.0203125 0.0214844 0.848145
1 0.54375 0.357422 0.03125 0.03125 0.901367
1 0.217187 0.365234 0.034375 0.03125 0.916504
1 0.139062 0.373047 0.0375 0.0351562 0.923828
1 0.845312 0.442383 0.290625 0.248047 0.968262
