0 0.689844 0.357422 0.0078125 0.0351562 0.273438
0 0.15625 0.371094 0.0125 0.0390625 0.278809
1 0.455469 0.354492 0.0140625 0.0136719 0.29248
1 0.516406 0.355469 0.0109375 0.015625 0.307861
0 0.861719 0.388672 0.0203125 0.0546875 0.336426
0 0.876562 0.402344 0.021875 0.0859375 0.345215
0 0.901563 0.376953 0.015625 0.0351562 0.360107
1 0.451562 0.353516 0.009375 0.0117188 0.375732
1 0.327344 0.368164 0.0171875 0.0253906 0.399902
0 0.226562 0.369141 0.009375 0.0234375 0.446777
0 0.834375 0.357422 0.01875 0.0507812 0.493164
1 0.336719 0.367188 0.0171875 0.0234375 0.501953
1 0.489062 0.354492 0.0125 0.0136719 0.553711
1 0.310937 0.369141 0.021875 0.0273438 0.583984
0 0.957031 0.393555 0.0265625 0.0566406 0.626465
1 0.504687 0.355469 0.015625 0.015625 0.657715
0 0.571875 0.361328 0.009375 0.0390625 0.680176
3 0.972656 0.620117 0.0546875 0.212891 0.683105
0 0.596875 0.365234 0.0125 0.0351562 0.701172
1 0.475 0.353516 0.0125 0.015625 0.716797
1 0.670313 0.416992 0.071875 0.0800781 0.733398
0 0.821875 0.354492 0.025 0.0527344 0.789062
1 0.0171875 0.388672 0.034375 0.046875 0.825684
1 0.528906 0.365234 0.0203125 0.0234375 0.826172
3 0.817969 0.477539 0.157813 0.169922 0.827148
1 0.6375 0.398438 0.075 0.0820312 0.840332
0 0.715625 0.364258 0.01875 0.0449219 0.845703
1 0.26875 0.369141 0.059375 0.0625 0.86377
1 0.4375 0.368164 0.040625 0.0410156 0.887695
1 0.360938 0.369141 0.034375 0.0429688 0.890625
3 0.921875 0.533203 0.15 0.199219 0.904297
1 0.396094 0.382812 0.0640625 0.0625 0.945312
1 0.771875 0.442383 0.18125 0.146484 0.950195
