1 0.525781 0.357422 0.0078125 0.0117188 0.260742
0 0.820312 0.360352 0.015625 0.0292969 0.356445
1 0.327344 0.375977 0.0171875 0.0292969 0.386719
1 0.48125 0.359375 0.0125 0.015625 0.5
2 0.860156 0.485352 0.179688 0.158203 0.503418
1 0.360156 0.370117 0.0171875 0.0253906 0.535156
1 0.496875 0.359375 0.009375 0.0117188 0.593262
1 0.252344 0.379883 0.0265625 0.0332031 0.617676
0 0.191406 0.380859 0.0078125 0.0273438 0.622559
1 0.340625 0.374023 0.028125 0.0292969 0.656738
1 0.508594 0.358398 0.0109375 0.0136719 0.72168
3 0.869531 0.486328 0.201562 0.152344 0.773438
3 0.93125 0.524414 0.134375 0.173828 0.780273
1 0.539062 0.370117 0.021875 0.0253906 0.802734
0 0.796094 0.356445 0.0140625 0.0332031 0.821777
0 0.671094 0.371094 0.0171875 0.0429688 0.862305
0 0.652344 0.368164 0.0140625 0.0449219 0.88623
1 0.461719 0.375977 0.0453125 0.0410156 0.905762
1 0.785937 0.445312 0.190625 0.152344 0.929688
1 0.399219 0.391602 0.0734375 0.0683594 0.936523
1 0.292969 0.387695 0.0703125 0.0683594 0.937988
1 0.115625 0.396484 0.128125 0.113281 0.941406
