1 0.521875 0.34375 0.0125 0.0195312 0.300049
1 0.303906 0.352539 0.0140625 0.0175781 0.300049
1 0.415625 0.345703 0.009375 0.0078125 0.39502
5 0.315625 0.342773 0.0375 0.0371094 0.397217
1 0.385938 0.34668 0.009375 0.00976562 0.510254
1 0.407813 0.347656 0.009375 0.0078125 0.524414
1 0.398438 0.34668 0.009375 0.00976562 0.533203
4 0.525 0.338867 0.0125 0.0292969 0.611816
1 0.502344 0.344727 0.0109375 0.0136719 0.65332
1 0.3125 0.353516 0.01875 0.015625 0.666504
1 0.374219 0.348633 0.0140625 0.0136719 0.80127
1 0.352344 0.348633 0.0140625 0.0136719 0.822754
1 0.3375 0.351562 0.01875 0.015625 0.842285
1 0.490625 0.349609 0.01875 0.0195312 0.855469
1 0.101562 0.376953 0.053125 0.0390625 0.907715
1 0.539062 0.357422 0.03125 0.03125 0.916992
1 0.617188 0.354492 0.053125 0.0566406 0.920898
1 0.696875 0.397461 0.15 0.142578 0.97168
