1 0.523438 0.353516 0.009375 0.0117188 0.263428
0 0.111719 0.375977 0.0203125 0.0449219 0.38916
1 0.478906 0.353516 0.0140625 0.015625 0.686035
1 0.495313 0.353516 0.009375 0.0117188 0.697266
1 0.509375 0.353516 0.0125 0.0117188 0.733887
3 0.830469 0.461914 0.164062 0.138672 0.749023
0 0.990625 0.379883 0.01875 0.0839844 0.797852
0 0.757812 0.352539 0.0125 0.0292969 0.798828
1 0.538281 0.364258 0.0203125 0.0214844 0.831055
1 0.276563 0.373047 0.046875 0.0351562 0.848633
0 0.780469 0.355469 0.0203125 0.0390625 0.850586
0 0.646875 0.366211 0.015625 0.0410156 0.854004
0 0.627344 0.363281 0.0203125 0.046875 0.871582
1 0.935938 0.551758 0.128125 0.291016 0.883301
1 0.325 0.375977 0.0625 0.0566406 0.884766
1 0.721875 0.421875 0.140625 0.117188 0.902344
1 0.453906 0.369141 0.0453125 0.0429688 0.907227
1 0.397656 0.384766 0.0703125 0.0664062 0.944336
1 0.183594 0.379883 0.0953125 0.0917969 0.949219
