1 0.371094 0.353516 0.0171875 0.0195312 0.254639
6 0.167187 0.313477 0.009375 0.0292969 0.292236
1 0.521094 0.350586 0.0140625 0.0136719 0.381104
0 0.232812 0.355469 0.009375 0.0234375 0.381836
0 0.25625 0.351562 0.009375 0.015625 0.454102
1 0.416406 0.353516 0.0296875 0.0273438 0.454346
1 0.425 0.354492 0.015625 0.0214844 0.465332
1 0.538281 0.349609 0.0203125 0.0234375 0.477539
1 0.471094 0.350586 0.0171875 0.0175781 0.537109
1 0.382812 0.355469 0.015625 0.0234375 0.567871
1 0.435156 0.350586 0.0140625 0.0175781 0.617188
1 0.492969 0.348633 0.0234375 0.0175781 0.675781
1 0.455469 0.352539 0.0203125 0.0253906 0.688477
1 0.970312 0.573242 0.059375 0.287109 0.726074
6 0.417969 0.158203 0.0203125 0.0585938 0.733398
6 0.399219 0.15918 0.0140625 0.0488281 0.79541
1 0.561719 0.37207 0.0453125 0.0527344 0.80127
6 0.4375 0.158203 0.01875 0.0546875 0.832031
0 0.840625 0.391602 0.03125 0.0917969 0.87207
0 0.785156 0.373047 0.0203125 0.0742188 0.875977
0 0.801562 0.37207 0.021875 0.0761719 0.88623
1 0.203125 0.374023 0.059375 0.0488281 0.887207
1 0.284375 0.374023 0.06875 0.0722656 0.890625
1 0.403906 0.368164 0.0515625 0.0488281 0.907227
1 0.308594 0.40332 0.110937 0.0996094 0.956543
1 0.500781 0.419922 0.132812 0.128906 0.967773
