1 0.374219 0.369141 0.0078125 0.015625 0.304443
1 0.478125 0.363281 0.009375 0.015625 0.317627
0 0.10625 0.380859 0.0125 0.0390625 0.344238
0 0.0765625 0.390625 0.015625 0.0429688 0.394775
0 0.628125 0.365234 0.0125 0.015625 0.421631
0 0.117188 0.379883 0.0125 0.0410156 0.448486
0 0.0835937 0.390625 0.0109375 0.0390625 0.455078
1 0.389062 0.369141 0.0125 0.0195312 0.456055
0 0.646094 0.363281 0.0140625 0.015625 0.479004
0 0.664062 0.357422 0.009375 0.0234375 0.526367
0 0.0148437 0.389648 0.0109375 0.0488281 0.569824
0 0.00546875 0.390625 0.0109375 0.046875 0.62793
1 0.525 0.375 0.021875 0.03125 0.633789
1 0.567187 0.383789 0.046875 0.0644531 0.640625
0 0.128125 0.375977 0.0125 0.0371094 0.658203
1 0.440625 0.370117 0.021875 0.0214844 0.662109
1 0.4625 0.364258 0.0125 0.0136719 0.714844
1 0.539844 0.383789 0.0265625 0.0449219 0.725586
0 0.0554687 0.391602 0.0140625 0.0488281 0.755859
1 0.35625 0.366211 0.025 0.0292969 0.783691
1 0.33125 0.369141 0.025 0.0234375 0.791016
0 0.167187 0.376953 0.0125 0.0351562 0.835938
1 0.589844 0.393555 0.0640625 0.0761719 0.852051
1 0.489844 0.368164 0.0234375 0.0253906 0.862793
1 0.410156 0.376953 0.0390625 0.0429688 0.887695
1 0.642187 0.416016 0.103125 0.09375 0.942383
1 0.210156 0.401367 0.0984375 0.0878906 0.954102
