6 0.377344 0.0283203 0.0359375 0.0566406 0.296387
1 0.330469 0.375 0.0171875 0.0234375 0.334229
0 0.0554687 0.399414 0.0171875 0.0527344 0.361816
0 0.0445312 0.40625 0.0171875 0.0585938 0.387451
1 0.146875 0.410156 0.028125 0.0507812 0.423584
6 0.353125 0.0292969 0.025 0.0585938 0.624512
1 0.5 0.375977 0.021875 0.0332031 0.632324
1 0.517187 0.369141 0.015625 0.0273438 0.633301
1 0.447656 0.371094 0.0265625 0.0273438 0.668945
1 0.425 0.373047 0.025 0.0351562 0.687012
1 0.560938 0.382812 0.021875 0.0429688 0.703125
6 0.410937 0.0273438 0.025 0.0546875 0.719238
1 0.535937 0.371094 0.021875 0.03125 0.750488
1 0.260156 0.382812 0.0359375 0.0546875 0.762207
1 0.548437 0.380859 0.021875 0.0390625 0.801758
0 0.879687 0.398438 0.028125 0.101562 0.84668
1 0.415625 0.380859 0.03125 0.0429688 0.859375
1 0.585938 0.387695 0.053125 0.0527344 0.866699
0 0.774219 0.400391 0.0296875 0.113281 0.868164
0 0.832812 0.394531 0.028125 0.117188 0.877441
0 0.645312 0.386719 0.021875 0.0859375 0.879395
1 0.484375 0.380859 0.040625 0.0429688 0.899414
1 0.296875 0.385742 0.0625 0.0605469 0.901367
1 0.0859375 0.416016 0.071875 0.0585938 0.908691
1 0.386719 0.389648 0.0578125 0.0566406 0.935547
1 0.203906 0.407227 0.110937 0.0996094 0.952637
