0 0.257812 0.393555 0.009375 0.0136719 0.487061
1 0.0664062 0.428711 0.0484375 0.0878906 0.508301
1 0.265625 0.417969 0.04375 0.0390625 0.80127
1 0.232031 0.416992 0.0359375 0.0371094 0.814453
6 0.804688 0.114258 0.01875 0.0683594 0.831055
8 0.953125 0.147461 0.09375 0.0410156 0.845703
1 0.303125 0.419922 0.05 0.046875 0.891602
0 0.728125 0.4375 0.028125 0.0976562 0.929199
1 0.353906 0.422852 0.0890625 0.0566406 0.929199
1 0.128906 0.422852 0.0953125 0.103516 0.938965
1 0.476562 0.425781 0.121875 0.0859375 0.968262
