1 0.389062 0.347656 0.009375 0.0078125 0.274902
5 0.534375 0.334961 0.01875 0.0253906 0.333496
4 0.534375 0.335938 0.01875 0.0234375 0.397949
1 0.336719 0.350586 0.0078125 0.00976562 0.526855
1 0.35625 0.349609 0.0125 0.0117188 0.532715
1 0.515625 0.34375 0.0125 0.015625 0.574707
1 0.504687 0.34668 0.009375 0.00976562 0.615723
1 0.264062 0.354492 0.0125 0.00976562 0.644043
1 0.278906 0.353516 0.0140625 0.0117188 0.682617
1 0.303125 0.352539 0.01875 0.0136719 0.779297
1 0.590625 0.354492 0.040625 0.0488281 0.831543
1 0.235938 0.358398 0.025 0.0175781 0.833496
8 0.839844 0.310547 0.0359375 0.0351562 0.84668
1 0.485156 0.350586 0.0171875 0.0175781 0.852051
1 0.146875 0.366211 0.034375 0.0214844 0.865234
1 0.0296875 0.375977 0.059375 0.0410156 0.87793
1 0.538281 0.357422 0.0296875 0.03125 0.905762
