8 0.103125 0.319336 0.015625 0.0253906 0.256592
0 0.271875 0.365234 0.00625 0.0195312 0.3125
0 0.196094 0.37793 0.0203125 0.0292969 0.350342
1 0.422656 0.370117 0.0234375 0.0332031 0.353027
1 0.194531 0.378906 0.0234375 0.0273438 0.359131
0 0.678125 0.364258 0.0125 0.0175781 0.370117
0 0.0726563 0.369141 0.0109375 0.0195312 0.400391
1 0.38125 0.365234 0.0125 0.015625 0.454346
1 0.375 0.365234 0.0125 0.0195312 0.525391
0 0.0585938 0.380859 0.0140625 0.0234375 0.538574
1 0.392969 0.365234 0.0140625 0.0234375 0.563965
1 0.559375 0.385742 0.028125 0.0566406 0.568848
0 0.0398437 0.392578 0.0171875 0.0507812 0.606445
1 0.549219 0.380859 0.0296875 0.046875 0.695801
1 0.534375 0.373047 0.025 0.0351562 0.708008
0 0.01875 0.392578 0.015625 0.0546875 0.744141
1 0.327344 0.366211 0.0234375 0.0253906 0.766602
1 0.453125 0.367188 0.04375 0.0273438 0.800293
1 0.592188 0.384766 0.065625 0.0742188 0.803711
1 0.492188 0.366211 0.025 0.0253906 0.810547
1 0.353125 0.363281 0.03125 0.03125 0.859375
1 0.410937 0.374023 0.040625 0.0410156 0.864746
1 0.616406 0.398438 0.0765625 0.0898438 0.915527
1 0.692187 0.429688 0.128125 0.121094 0.960449
1 0.107813 0.418945 0.146875 0.126953 0.973145
