1 0.450781 0.358398 0.0140625 0.0214844 0.265625
1 0.514063 0.362305 0.01875 0.0253906 0.341553
0 0.620313 0.355469 0.009375 0.0234375 0.360107
0 0.264844 0.361328 0.0078125 0.0195312 0.447266
1 0.50625 0.361328 0.015625 0.0234375 0.44751
1 0.30625 0.369141 0.021875 0.0234375 0.5
3 0.958594 0.557617 0.0828125 0.228516 0.524902
0 0.575781 0.364258 0.0078125 0.0410156 0.562988
1 0.445312 0.358398 0.015625 0.0214844 0.61377
1 0.670313 0.411133 0.05625 0.0957031 0.637695
1 0.522656 0.362305 0.0265625 0.0253906 0.680176
1 0.489844 0.361328 0.0171875 0.0273438 0.700684
8 0.449219 0.25 0.0234375 0.0234375 0.73584
0 0.544531 0.360352 0.0078125 0.0332031 0.777344
1 0.0171875 0.427734 0.034375 0.101562 0.783203
0 0.597656 0.355469 0.0109375 0.03125 0.79248
1 0.380469 0.358398 0.0234375 0.0253906 0.839355
1 0.282031 0.37207 0.0328125 0.0292969 0.839355
0 0.117969 0.37793 0.0140625 0.0410156 0.841309
0 0.134375 0.378906 0.0125 0.0351562 0.844727
1 0.432031 0.361328 0.0234375 0.0273438 0.853516
8 0.378125 0.249023 0.015625 0.0214844 0.866211
1 0.408594 0.369141 0.0390625 0.0429688 0.905762
1 0.473437 0.368164 0.034375 0.0371094 0.914062
1 0.34375 0.368164 0.046875 0.0449219 0.932129
1 0.761719 0.425781 0.182812 0.171875 0.944336
1 0.885938 0.489258 0.228125 0.255859 0.963379
1 0.199219 0.393555 0.110937 0.0957031 0.96875
