6 0.720312 0.398438 0.0125 0.0351562 0.318604
8 0.720312 0.398438 0.015625 0.03125 0.322998
0 0.421094 0.454102 0.0109375 0.0214844 0.523438
1 0.429688 0.485352 0.059375 0.0566406 0.779785
1 0.36875 0.46582 0.053125 0.0566406 0.818848
1 0.395312 0.480469 0.046875 0.0507812 0.824219
0 0.275 0.462891 0.0125 0.0390625 0.875488
1 0.203906 0.466797 0.0453125 0.0390625 0.887695
1 0.471094 0.492188 0.0671875 0.0664062 0.92627
1 0.117969 0.512695 0.151562 0.185547 0.95752
1 0.539844 0.50293 0.132812 0.0878906 0.959473
1 0.755469 0.526367 0.239063 0.169922 0.97998
