5 0.31875 0.34082 0.034375 0.0292969 0.293457
1 0.525781 0.34375 0.0078125 0.0078125 0.294922
1 0.419531 0.341797 0.0078125 0.0078125 0.31543
4 0.530469 0.333984 0.0140625 0.0273438 0.334229
1 0.528125 0.342773 0.0125 0.0136719 0.375244
1 0.404687 0.342773 0.009375 0.00976562 0.413086
1 0.375 0.341797 0.0125 0.0117188 0.481445
1 0.390625 0.344727 0.0125 0.00976562 0.530273
1 0.504687 0.34082 0.009375 0.0136719 0.605469
1 0.0234375 0.378906 0.046875 0.046875 0.671387
1 0.364844 0.34668 0.0109375 0.0136719 0.710938
1 0.308594 0.349609 0.0234375 0.0195312 0.735352
1 0.340625 0.345703 0.01875 0.0195312 0.785645
1 0.491406 0.345703 0.0171875 0.0195312 0.82666
5 0.0585938 0.355469 0.117188 0.0859375 0.835938
1 0.54375 0.351562 0.03125 0.03125 0.896484
1 0.164062 0.364258 0.034375 0.0292969 0.922363
1 0.235156 0.356445 0.0359375 0.0292969 0.929199
1 0.6125 0.347656 0.046875 0.0546875 0.934082
1 0.836719 0.433594 0.279687 0.242188 0.978516
