8 0.19375 0.563477 0.01875 0.0214844 0.257324
1 0.832812 0.652344 0.028125 0.0195312 0.271973
8 0.826563 0.602539 0.015625 0.0175781 0.29834
1 0.715625 0.632812 0.01875 0.015625 0.349609
8 0.400781 0.527344 0.0234375 0.015625 0.351318
8 0.4 0.568359 0.00625 0.0234375 0.356201
6 0.400781 0.568359 0.0078125 0.0234375 0.378174
1 0.526563 0.609375 0.0125 0.015625 0.458008
1 0.69375 0.625977 0.025 0.0292969 0.568848
8 0.400781 0.501953 0.0234375 0.03125 0.682129
1 0.5125 0.615234 0.015625 0.0195312 0.778809
1 0.484375 0.621094 0.03125 0.0390625 0.920898
1 0.451562 0.629883 0.046875 0.0410156 0.926758
