0 0.417188 0.354492 0.009375 0.0371094 0.294189
0 0.102344 0.359375 0.0109375 0.0195312 0.330322
1 0.523438 0.353516 0.01875 0.0273438 0.330322
0 0.258594 0.363281 0.0109375 0.0234375 0.375244
0 0.225781 0.365234 0.0109375 0.0273438 0.39917
0 0.208594 0.347656 0.0078125 0.0117188 0.491943
0 0.717188 0.356445 0.009375 0.0488281 0.498047
1 0.499219 0.357422 0.0203125 0.0351562 0.52832
0 0.726562 0.360352 0.009375 0.0449219 0.535645
1 0.517187 0.354492 0.021875 0.0292969 0.578613
1 0.545313 0.356445 0.025 0.0410156 0.713867
1 0.444531 0.34668 0.0328125 0.0332031 0.714844
1 0.564062 0.366211 0.034375 0.0527344 0.743164
1 0.409375 0.353516 0.03125 0.0390625 0.760742
1 0.166406 0.378906 0.0546875 0.0429688 0.816895
1 0.588281 0.376953 0.0453125 0.0585938 0.851562
1 0.616406 0.386719 0.0515625 0.078125 0.868164
1 0.205469 0.371094 0.0390625 0.0390625 0.873047
1 0.385156 0.366211 0.0546875 0.0527344 0.912598
1 0.476562 0.367188 0.053125 0.0546875 0.93457
1 0.673437 0.40332 0.1125 0.103516 0.941895
1 0.321094 0.390625 0.101562 0.0898438 0.961914
