0 0.240625 0.360352 0.00625 0.0214844 0.320557
0 0.257031 0.358398 0.0078125 0.0175781 0.32251
1 0.469531 0.357422 0.0140625 0.015625 0.348633
0 0.248437 0.360352 0.00625 0.0214844 0.399658
1 0.521875 0.355469 0.0125 0.0117188 0.401367
1 0.496875 0.354492 0.021875 0.0136719 0.453125
0 0.264844 0.356445 0.0078125 0.0175781 0.486816
1 0.454688 0.357422 0.01875 0.0195312 0.514648
1 0.425 0.359375 0.0125 0.0195312 0.537598
0 0.182812 0.369141 0.009375 0.0273438 0.549316
1 0.420312 0.359375 0.021875 0.0234375 0.562012
1 0.4375 0.358398 0.015625 0.0175781 0.580566
1 0.375781 0.360352 0.0171875 0.0175781 0.6875
1 0.303906 0.368164 0.0578125 0.0488281 0.75
6 0.408594 0.182617 0.0140625 0.0488281 0.765137
6 0.442969 0.181641 0.0140625 0.046875 0.791016
1 0.215625 0.378906 0.053125 0.046875 0.830566
1 0.555469 0.373047 0.0421875 0.0429688 0.841797
0 0.748438 0.375977 0.021875 0.0683594 0.870117
1 0.336719 0.369141 0.0234375 0.0351562 0.876465
0 0.794531 0.392578 0.0234375 0.078125 0.883301
1 0.401563 0.374023 0.053125 0.0527344 0.884277
0 0.771875 0.374023 0.01875 0.0683594 0.884277
1 0.904688 0.526367 0.190625 0.353516 0.960938
1 0.283594 0.418945 0.126563 0.107422 0.966309
1 0.498437 0.414062 0.115625 0.113281 0.969238
