1 0.525781 0.349609 0.0171875 0.015625 0.250977
1 0.502344 0.349609 0.0109375 0.0195312 0.263428
1 0.573438 0.349609 0.0375 0.0195312 0.282227
1 0.361719 0.355469 0.0140625 0.015625 0.434814
6 0.377344 0.0605469 0.0265625 0.0820312 0.467529
1 0.461719 0.348633 0.0234375 0.0214844 0.606934
0 0.257812 0.355469 0.009375 0.0234375 0.67627
0 0.990625 0.404297 0.01875 0.105469 0.79248
6 0.407813 0.0615234 0.025 0.0761719 0.810059
6 0.353125 0.0654297 0.025 0.0761719 0.831055
1 0.485938 0.354492 0.028125 0.0292969 0.855957
1 0.421875 0.359375 0.03125 0.0390625 0.896484
1 0.138281 0.390625 0.0703125 0.0742188 0.917969
1 0.390625 0.37207 0.05625 0.0566406 0.923828
1 0.335156 0.365234 0.0453125 0.0429688 0.92627
1 0.208594 0.386719 0.107813 0.101562 0.966309
1 0.563281 0.456055 0.223438 0.201172 0.972168
