0 0.271875 0.365234 0.00625 0.0195312 0.397217
1 0.375 0.365234 0.0125 0.0195312 0.413818
0 0.0570313 0.379883 0.0109375 0.0214844 0.433838
1 0.380469 0.365234 0.0140625 0.015625 0.487305
1 0.394531 0.365234 0.0140625 0.0234375 0.559082
1 0.560156 0.385742 0.0296875 0.0566406 0.681641
1 0.55 0.380859 0.028125 0.046875 0.697754
8 0.103125 0.319336 0.01875 0.0253906 0.698242
0 0.0367187 0.388672 0.0171875 0.0507812 0.711426
1 0.534375 0.373047 0.025 0.0351562 0.732422
1 0.327344 0.365234 0.0234375 0.0234375 0.733398
1 0.453906 0.366211 0.0453125 0.0253906 0.775879
0 0.0179687 0.391602 0.0140625 0.0527344 0.813965
1 0.592188 0.384766 0.059375 0.0742188 0.816406
1 0.492969 0.366211 0.0265625 0.0253906 0.816406
1 0.352344 0.363281 0.0328125 0.03125 0.86084
1 0.410937 0.373047 0.040625 0.0429688 0.883789
1 0.61875 0.397461 0.08125 0.0917969 0.913574
1 0.695312 0.430664 0.13125 0.123047 0.964355
1 0.102344 0.419922 0.151562 0.128906 0.96582
