1 0.528125 0.347656 0.0125 0.0117188 0.406982
1 0.408594 0.344727 0.0109375 0.00976562 0.521973
1 0.35625 0.347656 0.015625 0.015625 0.534668
1 0.375781 0.349609 0.0140625 0.0117188 0.574707
4 0.532031 0.337891 0.0171875 0.03125 0.639648
1 0.396875 0.347656 0.0125 0.0117188 0.662109
5 0.273438 0.344727 0.046875 0.0449219 0.687012
1 0.505469 0.345703 0.0109375 0.0117188 0.71875
1 0.258594 0.356445 0.0203125 0.0214844 0.752441
1 0.3375 0.351562 0.015625 0.015625 0.827637
1 0.491406 0.349609 0.0171875 0.0195312 0.829102
1 0.11875 0.371094 0.028125 0.03125 0.830566
1 0.3 0.351562 0.025 0.0234375 0.880371
1 0.611719 0.352539 0.0453125 0.0527344 0.881836
1 0.238281 0.362305 0.0296875 0.0253906 0.893555
1 0.54375 0.355469 0.03125 0.03125 0.916992
1 0.0835937 0.375977 0.0578125 0.0488281 0.918945
1 0.8625 0.460938 0.275 0.285156 0.971191
