0 0.149219 0.375977 0.0140625 0.0332031 0.2771
1 0.373437 0.357422 0.009375 0.0195312 0.287109
0 0.200781 0.360352 0.0078125 0.0292969 0.334229
0 0.215625 0.361328 0.009375 0.03125 0.497803
0 0.00390625 0.375977 0.0078125 0.0449219 0.527344
0 0.0351562 0.375 0.0109375 0.0507812 0.544434
8 0.0109375 0.304688 0.021875 0.03125 0.637207
1 0.553906 0.367188 0.0296875 0.0390625 0.638672
0 0.0171875 0.37793 0.0125 0.0488281 0.651855
1 0.364062 0.359375 0.015625 0.0234375 0.668945
0 0.260938 0.360352 0.00625 0.0214844 0.670898
1 0.389844 0.357422 0.0171875 0.0273438 0.677246
1 0.315625 0.359375 0.01875 0.0273438 0.715332
1 0.427344 0.360352 0.0203125 0.0332031 0.724121
1 0.44375 0.353516 0.015625 0.015625 0.754395
1 0.597656 0.383789 0.0609375 0.0683594 0.794434
1 0.338281 0.355469 0.0359375 0.0390625 0.813477
1 0.469531 0.348633 0.0203125 0.0175781 0.834961
0 0.0632813 0.378906 0.0171875 0.046875 0.843262
1 0.904688 0.553711 0.190625 0.330078 0.856445
1 0.513281 0.358398 0.0609375 0.0292969 0.895508
1 0.408594 0.367188 0.0453125 0.046875 0.897461
1 0.657812 0.391602 0.078125 0.115234 0.908203
1 0.746875 0.421875 0.18125 0.171875 0.958008
