1 0.457031 0.359375 0.0078125 0.0078125 0.268311
1 0.355469 0.373047 0.0140625 0.0234375 0.302979
0 0.79375 0.374023 0.015625 0.0292969 0.437744
0 0.849219 0.383789 0.0234375 0.0410156 0.469727
0 0.046875 0.401367 0.0125 0.0410156 0.494141
3 0.6875 0.436523 0.0875 0.0917969 0.5
2 0.6875 0.438477 0.09375 0.0917969 0.503906
0 0.813281 0.378906 0.0140625 0.0429688 0.515137
0 0.173438 0.37793 0.009375 0.0332031 0.54248
0 0.240625 0.375977 0.00625 0.0214844 0.553711
0 0.652344 0.357422 0.0109375 0.0234375 0.567871
1 0.447656 0.362305 0.0109375 0.0136719 0.568848
1 0.617188 0.398438 0.046875 0.0625 0.583496
0 0.761719 0.368164 0.0171875 0.0488281 0.601074
1 0.484375 0.362305 0.009375 0.0136719 0.667969
1 0.376563 0.375 0.028125 0.0351562 0.672363
1 0.346094 0.375 0.0234375 0.0234375 0.673828
0 0.673437 0.358398 0.009375 0.0214844 0.691895
3 0.7625 0.458984 0.1375 0.160156 0.702148
0 0.185156 0.378906 0.0109375 0.0351562 0.707031
1 0.0476562 0.397461 0.0453125 0.0488281 0.75293
1 0.469531 0.361328 0.0140625 0.015625 0.755371
1 0.502344 0.361328 0.0140625 0.015625 0.758301
0 0.724219 0.360352 0.0203125 0.0488281 0.759766
0 0.5375 0.369141 0.009375 0.0390625 0.770508
1 0.519531 0.370117 0.0203125 0.0253906 0.800293
0 0.74375 0.368164 0.01875 0.0449219 0.810547
0 0.559375 0.37207 0.0125 0.0332031 0.81543
1 0.305469 0.373047 0.0515625 0.0507812 0.820312
1 0.43125 0.375 0.03125 0.0390625 0.86377
1 0.673437 0.411133 0.109375 0.0878906 0.865723
1 0.594531 0.393555 0.0453125 0.0644531 0.869141
1 0.896875 0.499023 0.20625 0.337891 0.930664
1 0.4 0.386719 0.05625 0.0546875 0.941895
