1 0.303906 0.370117 0.0140625 0.0253906 0.311523
1 0.427344 0.355469 0.0171875 0.0195312 0.407959
0 0.739844 0.352539 0.0109375 0.0292969 0.52002
1 0.508594 0.354492 0.0140625 0.0136719 0.638672
3 0.771875 0.452148 0.11875 0.123047 0.643066
1 0.494531 0.353516 0.0109375 0.0117188 0.704102
1 0.478906 0.353516 0.0140625 0.015625 0.756836
0 0.958594 0.369141 0.0328125 0.0625 0.784668
0 0.615625 0.362305 0.009375 0.0410156 0.790039
1 0.535937 0.365234 0.021875 0.0234375 0.832031
0 0.636719 0.365234 0.0140625 0.0429688 0.847168
1 0.279687 0.37207 0.046875 0.0371094 0.878906
0 0.767187 0.370117 0.021875 0.0605469 0.907715
1 0.45 0.369141 0.04375 0.0429688 0.910156
1 0.699219 0.417969 0.114063 0.113281 0.910645
1 0.335938 0.374023 0.05625 0.0527344 0.916016
1 0.210156 0.37793 0.0921875 0.0839844 0.933105
1 0.396875 0.384766 0.06875 0.0664062 0.943359
1 0.902344 0.53125 0.195312 0.265625 0.956543
