1 0.384375 0.34668 0.009375 0.00976562 0.320557
1 0.30625 0.353516 0.01875 0.015625 0.366211
1 0.410937 0.347656 0.009375 0.0078125 0.380371
5 0.526563 0.34082 0.015625 0.0292969 0.419189
1 0.523438 0.348633 0.009375 0.00976562 0.42749
4 0.525781 0.34082 0.0171875 0.0292969 0.475098
1 0.392188 0.348633 0.009375 0.00976562 0.484375
1 0.401563 0.348633 0.009375 0.00976562 0.589355
1 0.314844 0.353516 0.0171875 0.015625 0.630859
1 0.503125 0.34668 0.0125 0.0136719 0.66748
1 0.375 0.349609 0.009375 0.0117188 0.67334
1 0.3625 0.350586 0.0125 0.00976562 0.732422
5 0.25 0.345703 0.0625 0.0546875 0.844727
1 0.491406 0.351562 0.0171875 0.0195312 0.845215
1 0.339063 0.351562 0.021875 0.0195312 0.868164
1 0.267969 0.360352 0.0265625 0.0214844 0.885254
1 0.541406 0.359375 0.0296875 0.03125 0.913574
1 0.615625 0.357422 0.05 0.0585938 0.921875
1 0.20625 0.365234 0.034375 0.0273438 0.924316
1 0.725 0.408203 0.175 0.164062 0.974609
