1 0.249219 0.472656 0.0484375 0.0507812 0.525391
0 0.303906 0.459961 0.0109375 0.0136719 0.548828
1 0.311719 0.486328 0.0390625 0.0429688 0.8125
6 0.958594 0.101562 0.0265625 0.09375 0.816895
6 0.590625 0.108398 0.025 0.0917969 0.837402
1 0.278906 0.484375 0.0421875 0.0390625 0.848633
1 0.348437 0.489258 0.05625 0.0527344 0.925781
0 0.854688 0.515625 0.034375 0.125 0.936523
1 0.403125 0.493164 0.096875 0.0644531 0.944336
1 0.128906 0.493164 0.114063 0.119141 0.965332
1 0.541406 0.498047 0.142188 0.101562 0.970703
