0 0.251563 0.359375 0.00625 0.0195312 0.253662
1 0.467187 0.356445 0.015625 0.0175781 0.264404
1 0.520312 0.356445 0.0125 0.0136719 0.306641
0 0.240625 0.361328 0.00625 0.0195312 0.354736
0 0.199219 0.365234 0.0078125 0.0195312 0.368652
0 0.258594 0.359375 0.0078125 0.0195312 0.383789
0 0.248437 0.360352 0.00625 0.0214844 0.413818
1 0.453125 0.358398 0.01875 0.0214844 0.509766
1 0.423438 0.359375 0.015625 0.0234375 0.526367
0 0.153906 0.378906 0.0140625 0.03125 0.550293
0 0.170312 0.374023 0.009375 0.0292969 0.56543
0 0.266406 0.357422 0.0109375 0.0195312 0.577148
1 0.435937 0.359375 0.015625 0.015625 0.616211
1 0.496094 0.352539 0.0234375 0.0136719 0.673828
1 0.375781 0.360352 0.0171875 0.0175781 0.684082
0 0.183594 0.369141 0.0109375 0.03125 0.709473
1 0.215625 0.381836 0.046875 0.0410156 0.744629
6 0.442969 0.183594 0.0140625 0.0429688 0.795898
1 0.555469 0.374023 0.0453125 0.0449219 0.795898
6 0.408594 0.185547 0.0140625 0.046875 0.79834
0 0.789062 0.392578 0.021875 0.0742188 0.845215
1 0.308594 0.369141 0.0578125 0.0507812 0.865234
1 0.339844 0.369141 0.0234375 0.0351562 0.878906
0 0.767187 0.374023 0.01875 0.0644531 0.879395
0 0.74375 0.375977 0.01875 0.0644531 0.890625
1 0.401563 0.375 0.053125 0.0507812 0.896484
1 0.496875 0.414062 0.1125 0.109375 0.965332
1 0.897656 0.514648 0.204688 0.330078 0.969238
1 0.278906 0.418945 0.129688 0.111328 0.972656
