8 0.535937 0.334961 0.015625 0.0175781 0.252686
1 0.172656 0.369141 0.0265625 0.0234375 0.321777
1 0.338281 0.350586 0.0140625 0.0136719 0.36084
1 0.394531 0.349609 0.0078125 0.0078125 0.414551
1 0.382031 0.349609 0.0078125 0.0078125 0.466553
4 0.535156 0.337891 0.0171875 0.0234375 0.476318
1 0.516406 0.347656 0.0109375 0.015625 0.494873
1 0.283594 0.357422 0.0140625 0.0117188 0.53125
1 0.371094 0.351562 0.0078125 0.0078125 0.548828
1 0.226562 0.360352 0.0375 0.0175781 0.580566
1 0.323438 0.353516 0.0125 0.0117188 0.595215
1 0.504687 0.350586 0.009375 0.00976562 0.676758
1 0.0570313 0.379883 0.0484375 0.0253906 0.82959
1 0.485938 0.353516 0.015625 0.0195312 0.850098
1 0.5375 0.359375 0.028125 0.0273438 0.874023
1 0.589844 0.356445 0.0390625 0.0449219 0.916016
