1 0.499219 0.363281 0.0109375 0.0195312 0.294678
6 0.439063 0.226562 0.028125 0.03125 0.347412
1 0.294531 0.370117 0.0296875 0.0175781 0.390381
1 0.510938 0.365234 0.015625 0.0234375 0.421631
3 0.760156 0.458984 0.0734375 0.105469 0.448975
1 0.519531 0.368164 0.0203125 0.0253906 0.514648
1 0.489062 0.366211 0.015625 0.0292969 0.530273
6 0.449219 0.225586 0.0078125 0.0292969 0.55127
0 0.597656 0.371094 0.0109375 0.046875 0.614746
8 0.439063 0.225586 0.028125 0.0332031 0.665039
1 0.528125 0.370117 0.034375 0.0292969 0.695801
1 0.326562 0.371094 0.028125 0.0234375 0.716309
0 0.05625 0.391602 0.015625 0.0410156 0.76123
1 0.44375 0.363281 0.021875 0.0234375 0.771973
1 0.378125 0.367188 0.025 0.03125 0.807617
1 0.247656 0.379883 0.0390625 0.0332031 0.810059
1 0.425 0.368164 0.025 0.0292969 0.82959
0 0.0414063 0.391602 0.0171875 0.0527344 0.841797
1 0.358594 0.364258 0.0234375 0.0292969 0.843262
0 0.554688 0.367188 0.015625 0.0429688 0.851562
0 0.653125 0.368164 0.0125 0.0410156 0.859863
0 0.625 0.366211 0.0125 0.0488281 0.867676
1 0.401563 0.376953 0.040625 0.0390625 0.90625
3 0.942187 0.544922 0.115625 0.199219 0.906738
1 0.472656 0.370117 0.0359375 0.0371094 0.912598
8 0.347656 0.222656 0.0203125 0.0273438 0.915527
0 0.845312 0.388672 0.021875 0.0859375 0.930176
1 0.178125 0.402344 0.1125 0.101562 0.963867
