1 0.354688 0.373047 0.0125 0.0234375 0.264893
1 0.457031 0.360352 0.0078125 0.00976562 0.296387
5 0.305469 0.374023 0.0515625 0.0527344 0.331055
1 0.334375 0.376953 0.01875 0.0234375 0.335449
0 0.538281 0.370117 0.0109375 0.0371094 0.370117
7 0.0585938 0.412109 0.0109375 0.0234375 0.394531
2 0.694531 0.44043 0.101562 0.0996094 0.399902
0 0.0421875 0.396484 0.009375 0.0351562 0.427002
2 0.539062 0.379883 0.0125 0.0214844 0.475098
0 0.81875 0.379883 0.015625 0.0449219 0.481445
0 0.239844 0.376953 0.0078125 0.0234375 0.497559
0 0.855469 0.386719 0.0234375 0.0429688 0.52832
1 0.447656 0.362305 0.0109375 0.0136719 0.565918
3 0.696094 0.429688 0.114063 0.105469 0.566895
0 0.171875 0.376953 0.009375 0.03125 0.582031
1 0.619531 0.400391 0.0484375 0.0625 0.592773
1 0.346875 0.375 0.01875 0.0234375 0.632324
1 0.485156 0.362305 0.0109375 0.0136719 0.65332
0 0.653125 0.358398 0.0125 0.0253906 0.668945
0 0.75 0.369141 0.015625 0.0507812 0.67041
1 0.375781 0.375977 0.0296875 0.0371094 0.695801
0 0.675 0.359375 0.0125 0.0234375 0.703125
0 0.764844 0.368164 0.0171875 0.0527344 0.712402
0 0.560156 0.37207 0.0140625 0.0332031 0.716309
0 0.184375 0.37793 0.009375 0.0332031 0.745117
1 0.502344 0.361328 0.0140625 0.015625 0.747559
1 0.470313 0.361328 0.015625 0.015625 0.754395
3 0.76875 0.458984 0.13125 0.164062 0.76123
1 0.520312 0.370117 0.021875 0.0253906 0.79248
1 0.305469 0.373047 0.0515625 0.0507812 0.796387
0 0.728906 0.358398 0.0203125 0.0488281 0.800781
1 0.04375 0.390625 0.04375 0.0351562 0.827148
1 0.596094 0.393555 0.0484375 0.0644531 0.865723
1 0.678906 0.413086 0.114063 0.0878906 0.874512
1 0.430469 0.375977 0.0328125 0.0410156 0.874512
1 0.903906 0.524414 0.192188 0.388672 0.900879
1 0.4 0.386719 0.05625 0.0546875 0.942383
