1 0.278125 0.374023 0.01875 0.0214844 0.259033
0 0.217969 0.371094 0.0109375 0.0273438 0.280273
8 0.428125 0.222656 0.009375 0.03125 0.352051
6 0.426562 0.222656 0.009375 0.03125 0.363037
1 0.295312 0.37207 0.028125 0.0214844 0.373779
2 0.773438 0.470703 0.13125 0.128906 0.391113
1 0.500781 0.363281 0.0109375 0.0195312 0.392334
1 0.376563 0.363281 0.021875 0.0234375 0.402344
8 0.4375 0.22168 0.028125 0.0332031 0.423828
1 0.511719 0.365234 0.0140625 0.0234375 0.481445
6 0.448438 0.222656 0.0125 0.03125 0.492676
1 0.517969 0.368164 0.0203125 0.0253906 0.563965
1 0.373437 0.375977 0.021875 0.0214844 0.60791
1 0.239063 0.383789 0.040625 0.0332031 0.629395
1 0.4875 0.367188 0.01875 0.03125 0.657715
1 0.532031 0.371094 0.0359375 0.03125 0.665527
1 0.446094 0.366211 0.0234375 0.0253906 0.666992
2 0.985937 0.634766 0.028125 0.144531 0.669434
1 0.325 0.373047 0.028125 0.0234375 0.723145
3 0.773438 0.469727 0.128125 0.126953 0.739746
0 0.601562 0.373047 0.015625 0.0507812 0.758789
1 0.425781 0.369141 0.0265625 0.03125 0.820312
1 0.357031 0.365234 0.0234375 0.0273438 0.824219
0 0.0460938 0.391602 0.0171875 0.0449219 0.835938
0 0.55625 0.366211 0.015625 0.0410156 0.843262
0 0.63125 0.368164 0.0125 0.0488281 0.84375
0 0.0296875 0.391602 0.015625 0.0488281 0.856445
0 0.659375 0.369141 0.0125 0.0429688 0.857422
1 0.402344 0.37793 0.0421875 0.0410156 0.897461
8 0.34375 0.219727 0.021875 0.0292969 0.899414
0 0.8625 0.388672 0.025 0.0898438 0.902344
1 0.473437 0.37207 0.034375 0.0371094 0.908203
1 0.123438 0.415039 0.140625 0.119141 0.972168
