1 0.5375 0.456055 0.028125 0.0175781 0.25293
6 0.176563 0.382812 0.015625 0.03125 0.294922
1 0.232031 0.485352 0.0453125 0.0527344 0.38208
1 0.582031 0.456055 0.0265625 0.0136719 0.391357
1 0.254687 0.467773 0.03125 0.0332031 0.505859
8 0.728125 0.28418 0.0625 0.0214844 0.54541
1 0.175781 0.489258 0.0578125 0.0527344 0.582031
1 0.50625 0.458984 0.03125 0.0195312 0.631836
1 0.2875 0.477539 0.04375 0.0449219 0.703613
1 0.107031 0.494141 0.0515625 0.0429688 0.730957
1 0.33125 0.47168 0.025 0.0332031 0.766602
0 0.739844 0.487305 0.0234375 0.0839844 0.852051
0 0.832031 0.456055 0.0234375 0.0683594 0.870117
8 0.189063 0.311523 0.03125 0.0371094 0.87793
0 0.0601562 0.539062 0.0640625 0.171875 0.884766
0 0.0257812 0.573242 0.0515625 0.228516 0.914551
1 0.7 0.458984 0.05 0.0507812 0.916992
0 0.879687 0.479492 0.025 0.0839844 0.932129
1 0.397656 0.481445 0.110937 0.0605469 0.950195
