1 0.4375 0.370117 0.0125 0.0292969 0.25708
0 0.096875 0.388672 0.015625 0.046875 0.288574
0 0.0359375 0.391602 0.0125 0.0175781 0.338623
1 0.503125 0.365234 0.01875 0.0351562 0.430176
1 0.461719 0.358398 0.0140625 0.0214844 0.447266
0 0.0601562 0.379883 0.0109375 0.0214844 0.469727
1 0.517187 0.359375 0.015625 0.0234375 0.49707
1 0.446094 0.361328 0.0265625 0.03125 0.514648
3 0.194531 0.392578 0.0546875 0.0429688 0.521973
6 0.402344 0.0771484 0.0328125 0.0722656 0.544434
8 0.185156 0.0556641 0.0484375 0.0683594 0.627441
1 0.555469 0.37207 0.0203125 0.0371094 0.637207
1 0.532812 0.362305 0.021875 0.0292969 0.662109
0 0.00390625 0.388672 0.0078125 0.03125 0.695312
1 0.578906 0.374023 0.0546875 0.0449219 0.705078
1 0.542969 0.370117 0.0171875 0.0332031 0.71875
0 0.775781 0.373047 0.0234375 0.0898438 0.756348
6 0.382812 0.0800781 0.021875 0.0664062 0.771484
1 0.425781 0.37207 0.0234375 0.0371094 0.774414
1 0.194531 0.392578 0.0546875 0.0390625 0.803223
6 0.184375 0.0556641 0.05 0.0683594 0.803711
0 0.622656 0.37207 0.0171875 0.0722656 0.812988
0 0.723437 0.382812 0.025 0.09375 0.828613
1 0.334375 0.371094 0.046875 0.0546875 0.835938
6 0.428125 0.0771484 0.01875 0.0644531 0.839355
0 0.820312 0.379883 0.021875 0.0800781 0.866699
1 0.127344 0.401367 0.0640625 0.0527344 0.904785
1 0.485938 0.37207 0.040625 0.0410156 0.932617
1 0.395312 0.37793 0.053125 0.0527344 0.937012
1 0.275 0.384766 0.078125 0.0742188 0.944824
