3 0.817969 0.476562 0.145313 0.132812 0.377197
1 0.360156 0.370117 0.0171875 0.0253906 0.446289
1 0.498437 0.358398 0.009375 0.00976562 0.551758
1 0.48125 0.356445 0.0125 0.0175781 0.635742
3 0.884375 0.494141 0.225 0.160156 0.649902
1 0.509375 0.358398 0.0125 0.0136719 0.657715
1 0.540625 0.369141 0.021875 0.0234375 0.777832
0 0.780469 0.354492 0.0171875 0.0332031 0.813965
0 0.80625 0.358398 0.015625 0.0332031 0.816406
1 0.264844 0.378906 0.0390625 0.0390625 0.854492
1 0.345313 0.37207 0.028125 0.0292969 0.866699
0 0.663281 0.370117 0.0171875 0.0410156 0.89209
0 0.646094 0.367188 0.0171875 0.046875 0.897461
1 0.460938 0.374023 0.046875 0.0410156 0.920898
1 0.399219 0.390625 0.0734375 0.0703125 0.937012
1 0.30625 0.383789 0.065625 0.0644531 0.946777
1 0.764844 0.435547 0.179688 0.136719 0.948242
1 0.144531 0.390625 0.114063 0.105469 0.954102
