1 0.285937 0.355469 0.009375 0.0078125 0.293213
1 0.403906 0.347656 0.0078125 0.0078125 0.314941
1 0.39375 0.349609 0.00625 0.0078125 0.341064
1 0.516406 0.345703 0.0109375 0.015625 0.383057
1 0.296875 0.354492 0.0125 0.00976562 0.402588
1 0.347656 0.352539 0.0078125 0.00976562 0.411621
1 0.365625 0.351562 0.009375 0.0117188 0.544922
4 0.534375 0.339844 0.01875 0.03125 0.611816
1 0.504687 0.348633 0.009375 0.00976562 0.677734
1 0.320312 0.353516 0.01875 0.0117188 0.70459
1 0.266406 0.357422 0.0203125 0.015625 0.743164
1 0.107031 0.370117 0.0484375 0.0292969 0.805176
1 0.192188 0.363281 0.028125 0.0195312 0.80957
1 0.484375 0.352539 0.015625 0.0175781 0.833008
1 0.539062 0.357422 0.028125 0.0273438 0.901855
1 0.590625 0.355469 0.040625 0.046875 0.906738
