0 0.842188 0.594727 0.015625 0.0605469 0.268555
8 0.848437 0.551758 0.021875 0.0332031 0.299805
8 0.80625 0.524414 0.025 0.0332031 0.348633
8 0.102344 0.505859 0.0140625 0.0273438 0.35498
1 0.0117188 0.59668 0.0234375 0.0566406 0.403076
0 0.857813 0.603516 0.015625 0.0625 0.578613
8 0.160938 0.495117 0.021875 0.0292969 0.643555
0 0.814062 0.617188 0.015625 0.046875 0.712402
1 0.501562 0.556641 0.028125 0.0273438 0.767578
1 0.959375 0.674805 0.08125 0.279297 0.787598
0 0.160938 0.613281 0.025 0.0859375 0.891602
1 0.685938 0.581055 0.0375 0.0410156 0.930176
1 0.484375 0.612305 0.075 0.0644531 0.949219
