8 0.551562 0.411133 0.009375 0.0253906 0.384766
0 0.320312 0.451172 0.009375 0.015625 0.483887
0 0.194531 0.464844 0.0109375 0.0351562 0.555176
6 0.621094 0.0732422 0.0265625 0.0957031 0.590332
1 0.327344 0.479492 0.0453125 0.0449219 0.742188
1 0.267188 0.464844 0.046875 0.046875 0.75
1 0.295312 0.476562 0.040625 0.0390625 0.811523
1 0.364844 0.482422 0.0546875 0.0546875 0.886719
0 0.907812 0.514648 0.040625 0.134766 0.939453
1 0.421094 0.486328 0.101562 0.0664062 0.941895
1 0.1375 0.487305 0.10625 0.123047 0.947754
1 0.565625 0.493164 0.15 0.107422 0.97168
