1 0.528125 0.34375 0.015625 0.0234375 0.282959
1 0.388281 0.351562 0.0109375 0.0117188 0.351807
5 0.197656 0.356445 0.0296875 0.0410156 0.42627
1 0.194531 0.360352 0.0265625 0.0371094 0.43457
5 0.214062 0.354492 0.05625 0.0449219 0.460449
1 0.503125 0.348633 0.0125 0.0136719 0.581055
1 0.372656 0.351562 0.0140625 0.015625 0.697266
1 0.353125 0.354492 0.01875 0.0136719 0.772461
1 0.305469 0.357422 0.0140625 0.015625 0.79248
5 0.0445312 0.359375 0.0859375 0.0976562 0.794434
1 0.220313 0.363281 0.04375 0.0351562 0.818359
1 0.320312 0.356445 0.01875 0.0175781 0.822754
1 0.490625 0.354492 0.015625 0.0175781 0.836426
1 0.271875 0.361328 0.021875 0.0195312 0.879883
1 0.542188 0.360352 0.03125 0.0292969 0.90625
1 0.6125 0.359375 0.05 0.0546875 0.920898
1 0.778906 0.427734 0.226562 0.203125 0.980957
