0 0.266406 0.359375 0.0046875 0.0195312 0.26416
7 0.175781 0.380859 0.0078125 0.0195312 0.279785
1 0.513281 0.362305 0.0234375 0.0253906 0.314697
0 0.172656 0.374023 0.0109375 0.0292969 0.329834
0 0.0046875 0.387695 0.009375 0.0292969 0.356934
1 0.494531 0.362305 0.0578125 0.0253906 0.387207
0 0.166406 0.369141 0.0109375 0.0234375 0.389648
0 0.219531 0.361328 0.0078125 0.03125 0.459473
1 0.373437 0.360352 0.009375 0.0175781 0.462891
1 0.566406 0.380859 0.0359375 0.0507812 0.490234
1 0.321094 0.360352 0.0234375 0.0253906 0.501953
0 0.059375 0.369141 0.009375 0.0351562 0.558594
1 0.46875 0.361328 0.025 0.0195312 0.560059
1 0.426562 0.361328 0.01875 0.0273438 0.596191
1 0.364844 0.360352 0.0109375 0.0214844 0.60498
1 0.391406 0.359375 0.0140625 0.0234375 0.65918
1 0.545313 0.371094 0.028125 0.0429688 0.663574
0 0.0476562 0.373047 0.0171875 0.046875 0.669434
0 0.0242187 0.375 0.0171875 0.0390625 0.681641
1 0.580469 0.388672 0.0359375 0.0664062 0.703125
0 0.0671875 0.369141 0.009375 0.0429688 0.763184
1 0.446094 0.355469 0.0203125 0.0195312 0.768555
8 0.0570313 0.306641 0.0203125 0.0273438 0.814941
1 0.616406 0.386719 0.0671875 0.0976562 0.82959
1 0.346094 0.357422 0.0296875 0.0351562 0.844727
0 0.0992187 0.374023 0.0140625 0.0449219 0.873047
1 0.409375 0.368164 0.04375 0.0449219 0.920898
1 0.671094 0.405273 0.123438 0.126953 0.944336
1 0.803906 0.467773 0.214062 0.185547 0.975586
