1 0.532812 0.342773 0.015625 0.0253906 0.262695
1 0.404687 0.349609 0.00625 0.0078125 0.263428
4 0.505469 0.347656 0.0140625 0.015625 0.27832
1 0.413281 0.349609 0.0078125 0.0078125 0.327393
4 0.532812 0.341797 0.015625 0.0273438 0.432861
1 0.364844 0.353516 0.0109375 0.0117188 0.460938
1 0.353125 0.354492 0.009375 0.00976562 0.610352
1 0.321094 0.355469 0.0203125 0.015625 0.61377
1 0.505469 0.34668 0.0140625 0.0136719 0.65625
1 0.339844 0.352539 0.0171875 0.0175781 0.700684
1 0.489062 0.352539 0.015625 0.0175781 0.830566
1 0.301562 0.361328 0.021875 0.0195312 0.842773
1 0.263281 0.361328 0.0203125 0.015625 0.856934
1 0.603125 0.355469 0.04375 0.046875 0.875488
1 0.542188 0.358398 0.028125 0.0292969 0.895996
1 0.128125 0.365234 0.05625 0.0546875 0.913574
1 0.196094 0.364258 0.0265625 0.0253906 0.914062
1 0.171094 0.37207 0.0453125 0.0332031 0.923828
