1 0.417188 0.347656 0.009375 0.0078125 0.32666
1 0.384375 0.345703 0.009375 0.0078125 0.347412
1 0.516406 0.34375 0.0109375 0.015625 0.500488
1 0.36875 0.345703 0.009375 0.0078125 0.507812
1 0.403906 0.345703 0.0109375 0.0078125 0.558105
1 0.329688 0.348633 0.009375 0.00976562 0.686035
1 0.502344 0.347656 0.0109375 0.0117188 0.692871
1 0.342969 0.347656 0.0109375 0.0117188 0.717773
1 0.107813 0.367188 0.04375 0.0234375 0.73584
1 0.238281 0.355469 0.0265625 0.015625 0.790527
1 0.485938 0.351562 0.015625 0.0195312 0.844727
1 0.586719 0.352539 0.0390625 0.0449219 0.911621
1 0.533594 0.355469 0.0296875 0.03125 0.935059
