0 0.825 0.37793 0.01875 0.0371094 0.29248
1 0.457031 0.359375 0.0078125 0.0078125 0.300537
0 0.7625 0.371094 0.0125 0.0546875 0.304932
1 0.332812 0.376953 0.01875 0.0234375 0.341553
0 0.0398437 0.397461 0.0109375 0.0332031 0.374756
2 0.701563 0.444336 0.103125 0.103516 0.393799
0 0.169531 0.376953 0.0078125 0.03125 0.401367
0 0.76875 0.369141 0.01875 0.0546875 0.472412
0 0.238281 0.375 0.0078125 0.0234375 0.488037
1 0.447656 0.362305 0.0109375 0.0136719 0.586914
1 0.346094 0.375 0.0203125 0.0234375 0.601074
0 0.860937 0.389648 0.021875 0.0488281 0.628906
1 0.485156 0.362305 0.0109375 0.0136719 0.630371
0 0.653906 0.357422 0.0109375 0.0273438 0.640625
1 0.620313 0.399414 0.05 0.0644531 0.692383
3 0.704687 0.442383 0.10625 0.103516 0.694824
0 0.182812 0.37793 0.009375 0.0332031 0.723145
1 0.0429688 0.393555 0.0453125 0.0410156 0.728027
0 0.5625 0.37207 0.0125 0.0332031 0.738281
1 0.470313 0.361328 0.0125 0.015625 0.745605
1 0.301562 0.374023 0.053125 0.0527344 0.754883
1 0.503125 0.361328 0.0125 0.015625 0.754883
0 0.754687 0.37207 0.015625 0.0527344 0.76123
0 0.676562 0.359375 0.0125 0.0234375 0.763672
1 0.372656 0.375 0.0265625 0.0351562 0.774414
0 0.541406 0.370117 0.0171875 0.0371094 0.796875
3 0.783594 0.46582 0.142188 0.162109 0.79834
1 0.521875 0.370117 0.021875 0.0253906 0.802734
0 0.732813 0.362305 0.021875 0.0566406 0.816895
1 0.430469 0.375977 0.0328125 0.0410156 0.86084
1 0.597656 0.393555 0.0453125 0.0644531 0.861816
1 0.682031 0.415039 0.114063 0.0917969 0.886719
1 0.910937 0.532227 0.178125 0.404297 0.936523
1 0.4 0.387695 0.05625 0.0527344 0.943359
