0 0.00390625 0.418945 0.0078125 0.0722656 0.30542
1 0.51875 0.378906 0.01875 0.0273438 0.633301
1 0.501562 0.385742 0.021875 0.0371094 0.672363
1 0.445312 0.378906 0.028125 0.0390625 0.712891
1 0.567969 0.396484 0.0234375 0.0507812 0.732422
1 0.425 0.383789 0.028125 0.0410156 0.770996
1 0.536719 0.380859 0.0234375 0.0351562 0.777344
1 0.552344 0.391602 0.0234375 0.0410156 0.801758
1 0.315625 0.382812 0.040625 0.03125 0.813965
0 0.95625 0.419922 0.03125 0.113281 0.833984
1 0.410937 0.392578 0.034375 0.046875 0.841797
0 0.8375 0.425781 0.0375 0.140625 0.847168
1 0.208594 0.398438 0.0484375 0.0703125 0.859375
0 0.907812 0.421875 0.034375 0.144531 0.86084
0 0.673437 0.404297 0.028125 0.105469 0.875977
1 0.597656 0.401367 0.0578125 0.0566406 0.88916
1 0.483594 0.391602 0.0421875 0.0449219 0.910645
1 0.253906 0.399414 0.0828125 0.0839844 0.931152
1 0.378125 0.402344 0.0625 0.0625 0.93457
1 0.096875 0.436523 0.1625 0.138672 0.95752
