6 0.792188 0.363281 0.0125 0.0390625 0.337158
6 0.64375 0.280273 0.0125 0.0410156 0.600586
1 0.297656 0.46582 0.0453125 0.0371094 0.78418
1 0.340625 0.46875 0.06875 0.046875 0.802734
6 0.954687 0.207031 0.021875 0.0585938 0.810547
1 0.0390625 0.625977 0.078125 0.259766 0.811523
8 0.734375 0.296875 0.05625 0.0234375 0.843262
0 0.602344 0.47168 0.0171875 0.0605469 0.900879
1 0.198437 0.46582 0.078125 0.0683594 0.905762
1 0.896875 0.671875 0.20625 0.375 0.938965
1 0.439063 0.466797 0.084375 0.0585938 0.944336
