1 0.394531 0.348633 0.0078125 0.00585938 0.344971
1 0.338281 0.350586 0.0140625 0.0136719 0.380371
4 0.535156 0.337891 0.0171875 0.0234375 0.401367
1 0.517187 0.347656 0.009375 0.015625 0.449219
1 0.382031 0.350586 0.0078125 0.00585938 0.477295
1 0.180469 0.375 0.0453125 0.03125 0.505859
1 0.371875 0.352539 0.009375 0.00976562 0.543945
1 0.227344 0.362305 0.0296875 0.0175781 0.604004
1 0.285156 0.358398 0.0140625 0.0136719 0.62793
1 0.325 0.353516 0.0125 0.0117188 0.628906
1 0.504687 0.350586 0.009375 0.00976562 0.639648
1 0.0648438 0.379883 0.0515625 0.0292969 0.819824
1 0.486719 0.353516 0.0171875 0.0195312 0.857422
1 0.5375 0.359375 0.028125 0.0273438 0.876465
1 0.589844 0.356445 0.0390625 0.0449219 0.915039
