1 0.260938 0.404297 0.021875 0.03125 0.283691
0 0.682031 0.397461 0.0140625 0.0410156 0.359131
1 0.414062 0.386719 0.021875 0.0234375 0.455078
0 0.415625 0.389648 0.0125 0.0292969 0.549805
1 0.547656 0.401367 0.0234375 0.0410156 0.572754
1 0.25 0.405273 0.028125 0.0332031 0.62793
1 0.51875 0.391602 0.021875 0.0292969 0.689453
1 0.496875 0.396484 0.028125 0.0390625 0.697754
0 0.989062 0.46875 0.021875 0.199219 0.709473
1 0.539062 0.394531 0.025 0.0390625 0.710449
1 0.44375 0.387695 0.03125 0.0332031 0.732422
0 0.964063 0.46582 0.034375 0.197266 0.76123
1 0.561719 0.407227 0.0296875 0.0488281 0.788086
1 0.00859375 0.443359 0.0171875 0.0664062 0.79248
1 0.579687 0.414062 0.028125 0.0546875 0.797363
1 0.322656 0.392578 0.0359375 0.03125 0.821777
1 0.223438 0.410156 0.034375 0.0351562 0.836914
1 0.399219 0.404297 0.0390625 0.0507812 0.861816
0 0.733594 0.430664 0.0328125 0.138672 0.896973
1 0.615625 0.420898 0.075 0.0683594 0.911621
1 0.141406 0.426758 0.132812 0.123047 0.924805
1 0.479688 0.405273 0.046875 0.0488281 0.92627
1 0.360938 0.417969 0.071875 0.0703125 0.927246
