1 0.501562 0.34668 0.0125 0.0175781 0.371094
1 0.528125 0.349609 0.01875 0.0195312 0.374756
1 0.457812 0.349609 0.015625 0.0234375 0.497314
8 0.976562 0.232422 0.046875 0.0703125 0.566895
1 0.469531 0.347656 0.0109375 0.0195312 0.584473
0 0.255469 0.357422 0.0109375 0.0273438 0.733398
1 0.376563 0.355469 0.03125 0.0351562 0.767578
6 0.407031 0.0507812 0.0234375 0.0820312 0.78125
6 0.373437 0.0498047 0.034375 0.0917969 0.791016
1 0.4875 0.352539 0.028125 0.0292969 0.841797
6 0.347656 0.0537109 0.0234375 0.0800781 0.846191
1 0.425 0.359375 0.03125 0.0390625 0.884277
1 0.396875 0.369141 0.053125 0.0546875 0.910645
1 0.121094 0.395508 0.0890625 0.0761719 0.921875
1 0.328125 0.367188 0.05 0.046875 0.92334
1 0.582812 0.456055 0.234375 0.205078 0.967773
1 0.200781 0.389648 0.110937 0.103516 0.96875
