1 0.379687 0.347656 0.009375 0.0078125 0.283447
4 0.514844 0.342773 0.0109375 0.0175781 0.334229
1 0.403906 0.347656 0.0078125 0.0078125 0.361084
4 0.532031 0.337891 0.0171875 0.0273438 0.493164
1 0.513281 0.34375 0.0109375 0.015625 0.519043
1 0.335156 0.350586 0.0109375 0.00976562 0.602051
1 0.352344 0.349609 0.0140625 0.0117188 0.660156
1 0.503906 0.34668 0.0109375 0.00976562 0.689453
1 0.482812 0.351562 0.015625 0.0195312 0.762695
1 0.321094 0.351562 0.0140625 0.015625 0.796875
1 0.232812 0.354492 0.028125 0.0175781 0.811523
1 0.271875 0.352539 0.01875 0.0136719 0.821777
1 0.538281 0.357422 0.0296875 0.03125 0.891113
1 0.590625 0.353516 0.040625 0.046875 0.902344
1 0.0648438 0.383789 0.0609375 0.0410156 0.919922
1 0.178125 0.369141 0.0375 0.03125 0.924805
