1 0.114063 0.384766 0.04375 0.0351562 0.251465
1 0.375 0.367188 0.009375 0.0195312 0.288818
1 0.101562 0.382812 0.028125 0.03125 0.353027
1 0.355469 0.368164 0.0140625 0.0214844 0.369141
5 0.330469 0.365234 0.0359375 0.0429688 0.462402
1 0.439844 0.357422 0.0109375 0.015625 0.508301
0 0.209375 0.371094 0.009375 0.03125 0.557617
1 0.61875 0.396484 0.075 0.0742188 0.571289
1 0.329688 0.366211 0.034375 0.0410156 0.582031
1 0.388281 0.367188 0.0203125 0.03125 0.583008
1 0.598437 0.387695 0.046875 0.0605469 0.604004
2 0.499219 0.374023 0.0109375 0.0214844 0.610352
1 0.478906 0.356445 0.0109375 0.0136719 0.620605
0 0.194531 0.373047 0.0109375 0.03125 0.67627
1 0.361719 0.368164 0.0171875 0.0214844 0.685059
0 0.660937 0.350586 0.015625 0.0332031 0.691406
0 0.00703125 0.390625 0.0140625 0.0585938 0.704102
1 0.564844 0.378906 0.0359375 0.0507812 0.72168
0 0.25625 0.370117 0.00625 0.0214844 0.727539
1 0.467187 0.356445 0.015625 0.0136719 0.752441
0 0.028125 0.393555 0.015625 0.0527344 0.754883
1 0.429688 0.369141 0.021875 0.0390625 0.821777
1 0.535937 0.364258 0.046875 0.0292969 0.823242
1 0.407031 0.375977 0.0484375 0.0488281 0.896484
1 0.708594 0.410156 0.135937 0.15625 0.920898
1 0.836719 0.459961 0.254687 0.236328 0.958496
