1 0.528125 0.356445 0.01875 0.0253906 0.432129
1 0.502344 0.350586 0.0109375 0.0175781 0.524902
1 0.471094 0.351562 0.0109375 0.0195312 0.549805
6 0.371094 0.0439453 0.0328125 0.0878906 0.645508
8 0.989062 0.230469 0.021875 0.0742188 0.648926
0 0.254687 0.361328 0.009375 0.0273438 0.71875
1 0.457812 0.353516 0.015625 0.0234375 0.730957
6 0.403125 0.0449219 0.028125 0.0859375 0.78125
6 0.344531 0.0498047 0.0265625 0.0839844 0.818848
1 0.4875 0.354492 0.025 0.0292969 0.837402
1 0.373437 0.360352 0.03125 0.0371094 0.864746
1 0.427344 0.362305 0.0296875 0.0371094 0.876953
1 0.110937 0.401367 0.1 0.0800781 0.917969
1 0.400781 0.373047 0.0546875 0.0507812 0.924805
1 0.323438 0.373047 0.05 0.046875 0.941406
1 0.599219 0.459961 0.242188 0.201172 0.965332
1 0.196094 0.395508 0.114063 0.107422 0.97168
