1 0.474219 0.354492 0.0109375 0.0175781 0.265625
6 0.410156 0.141602 0.0203125 0.0605469 0.270996
0 0.240625 0.354492 0.00625 0.0175781 0.389648
0 0.227344 0.362305 0.0078125 0.0292969 0.393066
1 0.521875 0.355469 0.0125 0.015625 0.454346
0 0.235156 0.361328 0.0078125 0.03125 0.455078
0 0.149219 0.374023 0.0109375 0.0371094 0.532715
1 0.429688 0.357422 0.015625 0.0234375 0.541992
0 0.1125 0.380859 0.01875 0.0351562 0.583496
1 0.54375 0.353516 0.025 0.0234375 0.603027
1 0.460938 0.355469 0.021875 0.0234375 0.618652
1 0.492188 0.353516 0.025 0.015625 0.702637
0 0.071875 0.376953 0.0125 0.0429688 0.702637
1 0.567187 0.376953 0.04375 0.0546875 0.791016
6 0.392188 0.142578 0.015625 0.0585938 0.811035
1 0.378906 0.360352 0.0234375 0.0292969 0.827148
6 0.432813 0.142578 0.01875 0.0585938 0.841309
0 0.898438 0.402344 0.028125 0.105469 0.888184
1 0.407813 0.367188 0.046875 0.046875 0.891602
0 0.842969 0.380859 0.0234375 0.0898438 0.893066
1 0.192969 0.378906 0.0640625 0.0546875 0.897461
0 0.821875 0.383789 0.025 0.0878906 0.912598
1 0.265625 0.379883 0.075 0.0800781 0.931152
1 0.33125 0.397461 0.096875 0.0878906 0.956543
1 0.505469 0.43457 0.154687 0.146484 0.964844
