1 0.814062 0.469727 0.059375 0.0566406 0.291016
8 0.275 0.380859 0.0125 0.0117188 0.293945
8 0.94375 0.172852 0.10625 0.177734 0.368652
1 0.202344 0.474609 0.0609375 0.0429688 0.381592
1 0.116406 0.480469 0.0515625 0.046875 0.46875
1 0.278125 0.46875 0.03125 0.046875 0.490967
6 0.254687 0.332031 0.01875 0.0351562 0.543945
8 0.25625 0.330078 0.021875 0.03125 0.600098
1 0.0617188 0.488281 0.0828125 0.0546875 0.602051
1 0.352344 0.459961 0.0265625 0.0292969 0.603027
1 0.15625 0.480469 0.040625 0.0390625 0.616211
8 0.685938 0.308594 0.05 0.015625 0.693848
0 0.0921875 0.5 0.03125 0.105469 0.832031
0 0.523438 0.470703 0.025 0.0664062 0.859375
1 0.675 0.451172 0.04375 0.0429688 0.874512
0 0.848437 0.458008 0.021875 0.0683594 0.900879
0 0.249219 0.504883 0.0328125 0.126953 0.901367
0 0.209375 0.5 0.034375 0.128906 0.916992
1 0.90625 0.561523 0.1875 0.271484 0.956055
