1 0.521875 0.34375 0.0125 0.0195312 0.279785
1 0.384375 0.347656 0.009375 0.0078125 0.325684
1 0.416406 0.345703 0.0109375 0.0078125 0.505859
1 0.405469 0.347656 0.0078125 0.0078125 0.535156
1 0.396094 0.34668 0.0109375 0.00976562 0.577637
5 0.313281 0.34082 0.0421875 0.0371094 0.625
4 0.525 0.338867 0.0125 0.0292969 0.640625
1 0.502344 0.344727 0.0109375 0.0136719 0.666016
1 0.30625 0.354492 0.025 0.0175781 0.709961
1 0.35 0.349609 0.0125 0.0117188 0.73291
1 0.335938 0.351562 0.01875 0.015625 0.815918
1 0.372656 0.348633 0.0140625 0.0136719 0.828613
1 0.490625 0.351562 0.01875 0.0195312 0.850586
1 0.539062 0.357422 0.03125 0.03125 0.916016
1 0.617188 0.354492 0.053125 0.0566406 0.916504
1 0.08125 0.379883 0.053125 0.0410156 0.936523
1 0.7 0.398438 0.15 0.144531 0.978516
