1 0.492188 0.350586 0.015625 0.0175781 0.275635
1 0.373437 0.359375 0.009375 0.0195312 0.303711
5 0.336719 0.357422 0.0359375 0.0390625 0.334229
0 0.00390625 0.375977 0.0078125 0.0332031 0.363281
7 0.146094 0.385742 0.0078125 0.0214844 0.405029
8 0.00546875 0.306641 0.0109375 0.0351562 0.427246
1 0.610156 0.393555 0.0515625 0.0800781 0.44458
1 0.311719 0.363281 0.0171875 0.0234375 0.469482
2 0.486719 0.365234 0.0109375 0.0234375 0.510742
0 0.00859375 0.375977 0.0078125 0.0332031 0.513672
0 0.259375 0.363281 0.00625 0.0195312 0.523438
3 0.610156 0.394531 0.0515625 0.078125 0.526855
1 0.585156 0.381836 0.0390625 0.0605469 0.5625
1 0.335938 0.358398 0.034375 0.0371094 0.594727
0 0.028125 0.376953 0.009375 0.0507812 0.641113
1 0.388281 0.359375 0.0171875 0.0273438 0.674805
1 0.3625 0.361328 0.015625 0.0234375 0.695801
1 0.558594 0.371094 0.0328125 0.0429688 0.712402
1 0.46875 0.349609 0.01875 0.0195312 0.777344
1 0.441406 0.354492 0.0140625 0.0175781 0.78125
1 0.427344 0.362305 0.0203125 0.0371094 0.782715
1 0.520312 0.360352 0.05625 0.0292969 0.858887
0 0.0539063 0.382812 0.0171875 0.0507812 0.877441
1 0.920313 0.580078 0.159375 0.367188 0.907715
1 0.407813 0.369141 0.046875 0.046875 0.909668
1 0.66875 0.394531 0.1 0.125 0.912109
1 0.764063 0.429688 0.196875 0.183594 0.958008
