1 0.521875 0.34375 0.0125 0.0195312 0.274902
1 0.382812 0.347656 0.009375 0.0078125 0.448242
1 0.415625 0.345703 0.009375 0.0078125 0.4646
5 0.311719 0.341797 0.0390625 0.0390625 0.602051
1 0.404687 0.347656 0.009375 0.0078125 0.652344
1 0.395312 0.34668 0.009375 0.00976562 0.660156
1 0.502344 0.344727 0.0109375 0.0136719 0.661621
1 0.303906 0.355469 0.0234375 0.015625 0.672852
4 0.525 0.338867 0.015625 0.0292969 0.677246
1 0.348437 0.350586 0.0125 0.0136719 0.718262
1 0.334375 0.352539 0.01875 0.0175781 0.839355
1 0.371094 0.348633 0.0140625 0.0136719 0.84375
1 0.491406 0.351562 0.0171875 0.0195312 0.84668
1 0.617188 0.355469 0.053125 0.0546875 0.916016
1 0.539062 0.357422 0.03125 0.03125 0.916016
1 0.0671875 0.380859 0.05625 0.0429688 0.926758
1 0.700781 0.398438 0.151562 0.144531 0.982422
