1 0.458594 0.362305 0.0109375 0.0214844 0.250244
3 0.319531 0.376953 0.0171875 0.0234375 0.293213
0 0.198437 0.380859 0.015625 0.046875 0.312988
3 0.94375 0.576172 0.1125 0.195312 0.330322
6 0.423438 0.202148 0.009375 0.0371094 0.334961
6 0.435156 0.200195 0.0328125 0.0410156 0.364014
1 0.440625 0.365234 0.0125 0.0273438 0.413086
1 0.495313 0.365234 0.0125 0.0273438 0.467529
8 0.434375 0.201172 0.03125 0.0390625 0.511719
6 0.448438 0.201172 0.0125 0.0351562 0.517578
1 0.519531 0.365234 0.0140625 0.0234375 0.523438
1 0.448438 0.363281 0.01875 0.0234375 0.541016
8 0.746875 0.259766 0.05 0.0195312 0.564941
8 0.977344 0.237305 0.0453125 0.0566406 0.574219
1 0.525 0.367188 0.01875 0.0273438 0.602051
8 0.979688 0.176758 0.040625 0.0605469 0.616211
1 0.314844 0.371094 0.0296875 0.0234375 0.680664
3 0.91875 0.524414 0.1625 0.177734 0.682617
1 0.504687 0.360352 0.015625 0.0214844 0.70752
0 0.147656 0.376953 0.0109375 0.03125 0.713379
0 0.621875 0.371094 0.015625 0.0585938 0.748535
1 0.539844 0.369141 0.0359375 0.03125 0.774414
0 0.939844 0.381836 0.0265625 0.0722656 0.785645
1 0.346875 0.366211 0.025 0.0332031 0.800781
3 0.873438 0.487305 0.221875 0.173828 0.812012
1 0.228125 0.383789 0.034375 0.0371094 0.81543
0 0.00703125 0.400391 0.0140625 0.046875 0.818848
1 0.428906 0.367188 0.0234375 0.03125 0.820801
0 0.686719 0.367188 0.0140625 0.046875 0.848145
0 0.653906 0.365234 0.0140625 0.0585938 0.856445
0 0.566406 0.365234 0.0171875 0.046875 0.865723
1 0.366406 0.368164 0.0328125 0.0371094 0.87207
1 0.478125 0.369141 0.034375 0.0351562 0.887695
1 0.403125 0.375977 0.04375 0.0449219 0.900391
8 0.325 0.197266 0.025 0.0351562 0.915527
