1 0.367969 0.351562 0.0109375 0.0117188 0.259766
8 0.525 0.339844 0.015625 0.0234375 0.276123
1 0.419531 0.347656 0.0078125 0.0078125 0.322266
1 0.415625 0.347656 0.00625 0.0078125 0.327637
1 0.363281 0.352539 0.0109375 0.0136719 0.376465
1 0.423438 0.347656 0.009375 0.0078125 0.409668
5 0.3375 0.347656 0.015625 0.0234375 0.464844
1 0.371875 0.350586 0.009375 0.00976562 0.513184
4 0.524219 0.34082 0.0140625 0.0253906 0.580566
1 0.503125 0.34668 0.009375 0.00976562 0.617188
1 0.3375 0.350586 0.0125 0.0175781 0.627441
1 0.407813 0.347656 0.009375 0.0117188 0.638672
1 0.390625 0.348633 0.0125 0.0136719 0.762207
1 0.350781 0.352539 0.0140625 0.0136719 0.80127
1 0.490625 0.353516 0.01875 0.0195312 0.819336
1 0.25 0.363281 0.028125 0.0234375 0.909668
1 0.539062 0.358398 0.03125 0.0292969 0.916504
1 0.617188 0.358398 0.04375 0.0566406 0.924316
1 0.684375 0.395508 0.134375 0.130859 0.96582
