1 0.142969 0.37793 0.0234375 0.0292969 0.289795
0 0.199219 0.360352 0.0078125 0.0292969 0.307617
0 0.214844 0.361328 0.0078125 0.03125 0.392578
0 0.003125 0.376953 0.00625 0.0429688 0.447998
1 0.373437 0.357422 0.009375 0.0195312 0.470459
0 0.0320312 0.375977 0.0109375 0.0488281 0.553223
1 0.314063 0.358398 0.01875 0.0292969 0.612793
2 0.484375 0.367188 0.009375 0.0234375 0.621094
1 0.58125 0.379883 0.034375 0.0605469 0.62793
0 0.0125 0.379883 0.0125 0.0488281 0.634766
8 0.00859375 0.306641 0.0171875 0.03125 0.647949
1 0.363281 0.359375 0.0140625 0.0234375 0.706543
1 0.389062 0.358398 0.01875 0.0292969 0.725098
1 0.428125 0.360352 0.01875 0.0332031 0.744629
1 0.55625 0.369141 0.03125 0.0429688 0.755859
1 0.442969 0.354492 0.0140625 0.0175781 0.760742
1 0.607031 0.388672 0.0515625 0.0820312 0.769043
1 0.46875 0.348633 0.01875 0.0175781 0.786133
1 0.338281 0.355469 0.0359375 0.0390625 0.796387
0 0.0585938 0.380859 0.0171875 0.0507812 0.864746
1 0.517969 0.359375 0.0578125 0.03125 0.881836
1 0.910156 0.551758 0.176563 0.318359 0.890137
1 0.666406 0.395508 0.101562 0.126953 0.904785
1 0.408594 0.368164 0.0453125 0.0449219 0.904785
1 0.753125 0.423828 0.1875 0.175781 0.942871
