6 0.41875 0.138672 0.021875 0.0585938 0.305664
1 0.278125 0.381836 0.01875 0.0214844 0.36792
1 0.526563 0.37207 0.015625 0.0253906 0.402344
1 0.210938 0.388672 0.021875 0.03125 0.429932
1 0.449219 0.369141 0.0234375 0.0273438 0.435059
1 0.513281 0.366211 0.0140625 0.0214844 0.462891
1 0.501562 0.371094 0.015625 0.03125 0.484375
8 0.971875 0.189453 0.05 0.0273438 0.524414
6 0.253125 0.125977 0.0375 0.0527344 0.530762
3 0.25625 0.393555 0.021875 0.0292969 0.651855
1 0.5375 0.375 0.01875 0.03125 0.680176
0 0.6 0.375 0.015625 0.0625 0.684082
1 0.425781 0.374023 0.0265625 0.0371094 0.703125
0 0.059375 0.390625 0.015625 0.0390625 0.722656
0 0.764063 0.380859 0.015625 0.0664062 0.762207
6 0.404687 0.140625 0.015625 0.0546875 0.774414
1 0.359375 0.373047 0.034375 0.0429688 0.779785
1 0.5625 0.378906 0.04375 0.0390625 0.787109
0 0.68125 0.383789 0.01875 0.0761719 0.805176
6 0.439063 0.138672 0.015625 0.0546875 0.808105
8 0.253125 0.125 0.0375 0.0507812 0.836914
1 0.483594 0.375 0.0359375 0.0390625 0.881836
0 0.722656 0.378906 0.0203125 0.078125 0.882812
1 0.164844 0.397461 0.0578125 0.0449219 0.905762
1 0.400781 0.382812 0.0484375 0.046875 0.906738
1 0.319531 0.380859 0.0546875 0.0585938 0.917969
