4 0.321094 0.349609 0.0140625 0.0195312 0.324707
1 0.414062 0.347656 0.009375 0.0078125 0.356445
1 0.40625 0.348633 0.009375 0.00976562 0.420654
1 0.524219 0.347656 0.0109375 0.0117188 0.426514
1 0.332031 0.352539 0.0109375 0.0136719 0.552734
1 0.395312 0.348633 0.0125 0.00976562 0.556641
4 0.525781 0.34082 0.0140625 0.0292969 0.571289
1 0.320312 0.349609 0.015625 0.0195312 0.632812
1 0.383594 0.348633 0.0109375 0.00976562 0.663574
1 0.503125 0.34668 0.0125 0.0136719 0.680176
1 0.371875 0.349609 0.009375 0.0117188 0.696289
5 0.28125 0.344727 0.053125 0.0449219 0.755859
1 0.257031 0.361328 0.0296875 0.0234375 0.820312
1 0.491406 0.350586 0.0171875 0.0175781 0.854492
1 0.300781 0.357422 0.0203125 0.0195312 0.862793
1 0.353125 0.350586 0.015625 0.0175781 0.864258
1 0.540625 0.358398 0.03125 0.0292969 0.910156
1 0.615625 0.356445 0.05 0.0566406 0.917969
1 0.714844 0.40332 0.164062 0.154297 0.989746
