1 0.517187 0.365234 0.021875 0.0234375 0.304688
8 0.971875 0.249023 0.05625 0.0878906 0.316406
1 0.320312 0.363281 0.021875 0.0234375 0.389404
0 0.265625 0.361328 0.00625 0.0195312 0.423828
0 0.16875 0.375 0.01875 0.03125 0.473145
1 0.373437 0.360352 0.009375 0.0214844 0.493164
1 0.46875 0.363281 0.01875 0.0195312 0.511719
1 0.364844 0.361328 0.0109375 0.0234375 0.588867
0 0.0429688 0.374023 0.0140625 0.0449219 0.60498
0 0.05625 0.369141 0.009375 0.0351562 0.64209
1 0.427344 0.365234 0.0171875 0.0351562 0.65332
1 0.492969 0.363281 0.0515625 0.0273438 0.654297
1 0.391406 0.361328 0.0140625 0.0234375 0.654785
1 0.584375 0.388672 0.0375 0.0664062 0.67041
1 0.566406 0.380859 0.0328125 0.0507812 0.699219
0 0.0203125 0.376953 0.01875 0.0390625 0.708984
0 0.065625 0.37207 0.009375 0.0449219 0.718262
1 0.545313 0.37207 0.028125 0.0410156 0.720215
1 0.616406 0.390625 0.0640625 0.09375 0.744141
1 0.446875 0.357422 0.021875 0.0195312 0.807617
8 0.0546875 0.30957 0.021875 0.0292969 0.861816
0 0.096875 0.375977 0.015625 0.0449219 0.876953
1 0.344531 0.358398 0.0296875 0.0332031 0.888672
1 0.675 0.408203 0.125 0.128906 0.912598
1 0.408594 0.370117 0.0421875 0.0449219 0.923828
1 0.814844 0.472656 0.223438 0.1875 0.958496
