6 0.41875 0.162109 0.01875 0.0546875 0.348877
0 0.360156 0.353516 0.0046875 0.0195312 0.407959
1 0.417188 0.353516 0.028125 0.0234375 0.414062
1 0.372656 0.354492 0.0171875 0.0175781 0.436523
1 0.471875 0.350586 0.01875 0.0175781 0.50293
1 0.5375 0.349609 0.021875 0.0195312 0.549805
1 0.521094 0.350586 0.0140625 0.0136719 0.558105
1 0.292188 0.350586 0.053125 0.0253906 0.560059
1 0.94375 0.548828 0.1125 0.34375 0.563965
0 0.260156 0.354492 0.0109375 0.0253906 0.62793
1 0.435937 0.351562 0.015625 0.015625 0.666504
1 0.494531 0.348633 0.0234375 0.0136719 0.677246
1 0.454688 0.351562 0.01875 0.0234375 0.679199
6 0.403125 0.166016 0.015625 0.0507812 0.741699
6 0.439063 0.164062 0.015625 0.0507812 0.814453
1 0.560156 0.369141 0.0453125 0.0507812 0.831543
1 0.210156 0.37207 0.0578125 0.0449219 0.842285
0 0.826563 0.390625 0.028125 0.0859375 0.84375
0 0.790625 0.371094 0.01875 0.0742188 0.899414
0 0.770312 0.374023 0.021875 0.0722656 0.903809
1 0.403906 0.368164 0.0515625 0.0488281 0.930664
1 0.3 0.404297 0.115625 0.105469 0.944336
1 0.500781 0.415039 0.126563 0.119141 0.969727
