1 0.413281 0.347656 0.0078125 0.0078125 0.250977
1 0.428125 0.348633 0.0125 0.00976562 0.291504
4 0.538281 0.338867 0.0171875 0.0332031 0.306885
1 0.407813 0.349609 0.009375 0.0078125 0.314697
1 0.370313 0.350586 0.009375 0.00976562 0.364746
1 0.350781 0.351562 0.0078125 0.0078125 0.405518
1 0.514844 0.345703 0.0109375 0.015625 0.470459
1 0.389844 0.350586 0.0109375 0.00976562 0.481445
1 0.360156 0.350586 0.0109375 0.00976562 0.534668
1 0.379687 0.351562 0.009375 0.0078125 0.549805
1 0.0265625 0.37207 0.053125 0.0527344 0.625
1 0.333594 0.350586 0.0109375 0.00976562 0.671875
5 0.0742188 0.351562 0.0703125 0.0703125 0.678711
1 0.500781 0.349609 0.0109375 0.0117188 0.682129
1 0.488281 0.352539 0.0171875 0.0175781 0.739258
1 0.238281 0.359375 0.0203125 0.015625 0.794922
1 0.309375 0.351562 0.01875 0.015625 0.800293
1 0.270312 0.354492 0.028125 0.0175781 0.837402
1 0.125 0.366211 0.034375 0.0253906 0.849609
1 0.160938 0.363281 0.04375 0.0273438 0.874023
1 0.529688 0.357422 0.03125 0.03125 0.902832
1 0.585156 0.354492 0.0390625 0.0449219 0.905273
