1 0.369531 0.34375 0.0109375 0.0078125 0.42627
1 0.403906 0.34375 0.0109375 0.0078125 0.473633
1 0.515625 0.339844 0.0125 0.015625 0.521484
1 0.502344 0.34375 0.0109375 0.0117188 0.581055
1 0.385938 0.34082 0.009375 0.00976562 0.643555
1 0.353906 0.341797 0.0140625 0.0117188 0.651367
1 0.3 0.34668 0.0125 0.00976562 0.687012
1 0.33125 0.34375 0.015625 0.0117188 0.774902
1 0.282031 0.345703 0.0171875 0.015625 0.790527
1 0.488281 0.34668 0.0171875 0.0175781 0.814453
1 0.260938 0.347656 0.01875 0.015625 0.84668
5 0.209375 0.339844 0.0625 0.046875 0.874023
1 0.585156 0.349609 0.0390625 0.0429688 0.887695
1 0.0289063 0.367188 0.0546875 0.03125 0.894043
1 0.532031 0.351562 0.0296875 0.03125 0.90625
