1 0.375781 0.351562 0.0078125 0.0078125 0.367188
1 0.407813 0.350586 0.009375 0.00976562 0.406982
1 0.117969 0.37793 0.0234375 0.0253906 0.428223
4 0.532812 0.342773 0.015625 0.0292969 0.537109
1 0.364844 0.351562 0.0109375 0.0078125 0.599121
1 0.505469 0.34668 0.0140625 0.0136719 0.609375
1 0.353906 0.354492 0.0109375 0.00976562 0.643555
1 0.340625 0.357422 0.0125 0.0117188 0.672363
5 0.599219 0.352539 0.0421875 0.0527344 0.704102
1 0.321094 0.355469 0.0234375 0.0195312 0.707031
1 0.599219 0.353516 0.0421875 0.0507812 0.81543
1 0.298438 0.359375 0.01875 0.0195312 0.820312
1 0.488281 0.353516 0.0171875 0.0195312 0.838379
1 0.233594 0.366211 0.0234375 0.0175781 0.841309
1 0.541406 0.358398 0.0296875 0.0292969 0.888184
1 0.0851562 0.383789 0.0609375 0.0410156 0.89209
1 0.14375 0.371094 0.0375 0.03125 0.907227
1 0.270312 0.364258 0.025 0.0214844 0.909668
1 0.0359375 0.376953 0.071875 0.0703125 0.916504
