4 0.534375 0.34082 0.015625 0.0292969 0.340332
5 0.534375 0.342773 0.015625 0.0292969 0.357422
1 0.421875 0.349609 0.009375 0.0078125 0.393311
4 0.26875 0.355469 0.028125 0.03125 0.429932
5 0.26875 0.355469 0.028125 0.03125 0.432373
1 0.394531 0.349609 0.0140625 0.0117188 0.473633
1 0.505469 0.345703 0.0109375 0.015625 0.585938
1 0.375 0.349609 0.0125 0.0117188 0.664551
1 0.35625 0.353516 0.015625 0.015625 0.797363
1 0.491406 0.353516 0.0171875 0.0195312 0.816406
1 0.26875 0.355469 0.028125 0.03125 0.824707
1 0.320312 0.356445 0.015625 0.0136719 0.828613
1 0.296094 0.359375 0.0234375 0.0195312 0.86084
1 0.607031 0.355469 0.0421875 0.046875 0.881348
1 0.54375 0.357422 0.03125 0.03125 0.900391
1 0.15625 0.373047 0.04375 0.03125 0.936035
1 0.925781 0.489258 0.148438 0.337891 0.947266
