8 0.430469 0.241211 0.0078125 0.0292969 0.273682
1 0.505469 0.368164 0.0140625 0.0253906 0.339844
1 0.514844 0.370117 0.0203125 0.0253906 0.386719
6 0.45 0.240234 0.009375 0.0273438 0.500977
6 0.430469 0.241211 0.0078125 0.0292969 0.532227
2 0.682813 0.433594 0.078125 0.0859375 0.552734
0 0.238281 0.373047 0.0109375 0.0273438 0.616699
1 0.488281 0.369141 0.0171875 0.0273438 0.640625
0 0.0859375 0.383789 0.0125 0.0214844 0.666504
1 0.330469 0.375 0.0234375 0.0234375 0.666992
1 0.310937 0.374023 0.025 0.0214844 0.669922
0 0.5875 0.373047 0.009375 0.0429688 0.689453
0 0.204688 0.37793 0.009375 0.0292969 0.701172
1 0.523438 0.37207 0.034375 0.0292969 0.746094
3 0.682813 0.435547 0.078125 0.0820312 0.756836
1 0.366406 0.368164 0.0234375 0.0292969 0.763672
0 0.553125 0.369141 0.0125 0.0390625 0.765137
0 0.638281 0.369141 0.0109375 0.0351562 0.782227
1 0.385938 0.370117 0.021875 0.0292969 0.785156
1 0.44375 0.367188 0.021875 0.0234375 0.788574
3 0.80625 0.47168 0.125 0.130859 0.853027
0 0.6125 0.368164 0.0125 0.0449219 0.855469
1 0.425781 0.371094 0.0265625 0.0273438 0.855957
0 0.803125 0.383789 0.01875 0.0722656 0.888184
1 0.470313 0.374023 0.034375 0.0371094 0.895508
1 0.402344 0.379883 0.0421875 0.0449219 0.899414
8 0.358594 0.239258 0.0171875 0.0253906 0.90332
1 0.26875 0.390625 0.071875 0.0703125 0.939941
1 0.925 0.555664 0.15 0.423828 0.94043
1 0.0507812 0.427734 0.101562 0.09375 0.95752
