4 0.31875 0.348633 0.015625 0.0253906 0.25293
1 0.420312 0.34375 0.009375 0.0078125 0.288574
5 0.524219 0.338867 0.0140625 0.0253906 0.303711
1 0.410156 0.34375 0.0078125 0.0078125 0.311768
5 0.326562 0.34082 0.028125 0.0332031 0.324219
1 0.390625 0.345703 0.009375 0.0078125 0.473633
1 0.317969 0.351562 0.0140625 0.015625 0.480469
1 0.4 0.344727 0.009375 0.00976562 0.511719
1 0.360938 0.347656 0.009375 0.0117188 0.547363
4 0.524219 0.337891 0.0140625 0.0273438 0.629883
1 0.503125 0.345703 0.009375 0.0117188 0.678711
1 0.350781 0.349609 0.0140625 0.015625 0.737793
1 0.329688 0.351562 0.015625 0.015625 0.757324
1 0.379687 0.34668 0.0125 0.0136719 0.792969
1 0.490625 0.349609 0.01875 0.0195312 0.86377
1 0.539062 0.356445 0.03125 0.0332031 0.913574
1 0.174219 0.368164 0.0390625 0.0292969 0.916992
1 0.617188 0.354492 0.05 0.0566406 0.92334
1 0.691406 0.395508 0.145313 0.138672 0.966797
