1 0.475 0.354492 0.0125 0.0175781 0.271484
6 0.411719 0.139648 0.0171875 0.0605469 0.284424
0 0.234375 0.355469 0.00625 0.0195312 0.331787
0 0.240625 0.353516 0.00625 0.015625 0.373535
0 0.1125 0.380859 0.01875 0.0390625 0.445557
0 0.149219 0.374023 0.0109375 0.0371094 0.466309
1 0.522656 0.355469 0.0140625 0.015625 0.488281
1 0.428906 0.356445 0.0171875 0.0253906 0.564941
0 0.071875 0.375977 0.0125 0.0410156 0.630371
1 0.460938 0.354492 0.021875 0.0214844 0.656738
1 0.545313 0.352539 0.028125 0.0253906 0.695312
1 0.492188 0.352539 0.025 0.0175781 0.733398
1 0.566406 0.376953 0.0453125 0.0546875 0.807617
1 0.378906 0.360352 0.0234375 0.0292969 0.81543
6 0.392969 0.141602 0.0171875 0.0566406 0.824219
6 0.432813 0.141602 0.01875 0.0566406 0.851074
0 0.899219 0.404297 0.0265625 0.105469 0.881348
0 0.84375 0.380859 0.025 0.0898438 0.881836
1 0.407813 0.367188 0.046875 0.046875 0.89209
0 0.823438 0.384766 0.021875 0.0898438 0.894531
1 0.192969 0.37793 0.0671875 0.0527344 0.89502
1 0.264062 0.378906 0.075 0.078125 0.928711
1 0.332812 0.397461 0.096875 0.0878906 0.955078
1 0.505469 0.433594 0.154687 0.148438 0.964355
