1 0.515625 0.363281 0.0125 0.0195312 0.282959
0 0.128125 0.376953 0.009375 0.0195312 0.300293
6 0.435156 0.197266 0.0203125 0.0390625 0.301758
3 0.203906 0.394531 0.0265625 0.0351562 0.31665
0 0.00390625 0.401367 0.0078125 0.0527344 0.383057
1 0.496094 0.365234 0.0140625 0.0273438 0.419434
1 0.441406 0.365234 0.0140625 0.0273438 0.422607
1 0.520312 0.365234 0.0125 0.0234375 0.495117
1 0.448438 0.362305 0.021875 0.0253906 0.568848
2 0.200781 0.394531 0.0234375 0.0351562 0.59668
6 0.448438 0.198242 0.009375 0.0332031 0.629883
1 0.311719 0.371094 0.0296875 0.0234375 0.658203
1 0.527344 0.366211 0.0203125 0.0292969 0.67041
1 0.541406 0.367188 0.0328125 0.03125 0.689941
6 0.422656 0.199219 0.0109375 0.0351562 0.690918
1 0.50625 0.361328 0.015625 0.0195312 0.727051
0 0.144531 0.376953 0.0109375 0.03125 0.72998
1 0.344531 0.366211 0.0265625 0.0332031 0.769043
1 0.259375 0.37793 0.03125 0.0253906 0.772461
3 0.932813 0.561523 0.134375 0.240234 0.773926
3 0.892187 0.488281 0.2125 0.21875 0.791504
0 0.625 0.370117 0.015625 0.0566406 0.808105
1 0.428125 0.367188 0.025 0.03125 0.818359
1 0.365625 0.369141 0.034375 0.0351562 0.818848
0 0.567969 0.365234 0.0171875 0.046875 0.844238
0 0.657812 0.366211 0.015625 0.0605469 0.849609
1 0.224219 0.385742 0.0359375 0.0371094 0.859863
0 0.951563 0.378906 0.025 0.0703125 0.861816
0 0.690625 0.367188 0.0125 0.0507812 0.876953
8 0.321875 0.193359 0.025 0.0351562 0.884277
1 0.478125 0.369141 0.034375 0.0351562 0.888184
1 0.403906 0.375 0.0421875 0.0429688 0.894531
