1 0.4625 0.355469 0.0125 0.015625 0.258789
3 0.967188 0.591797 0.065625 0.253906 0.543945
1 0.507812 0.355469 0.015625 0.015625 0.631836
1 0.492969 0.354492 0.0109375 0.0136719 0.638672
1 0.3125 0.370117 0.025 0.0253906 0.675781
0 0.903906 0.364258 0.0234375 0.0527344 0.677246
1 0.477344 0.353516 0.0140625 0.015625 0.762207
1 0.285937 0.371094 0.034375 0.03125 0.762695
3 0.723437 0.435547 0.1 0.105469 0.783691
0 0.925 0.360352 0.03125 0.0683594 0.799316
0 0.597656 0.363281 0.0140625 0.0429688 0.82666
1 0.533594 0.365234 0.0203125 0.0234375 0.835938
3 0.934375 0.538086 0.128125 0.232422 0.851562
0 0.621094 0.367188 0.0140625 0.0390625 0.860352
0 0.746875 0.369141 0.01875 0.0585938 0.875488
1 0.677344 0.411133 0.107813 0.0996094 0.87793
1 0.346875 0.370117 0.040625 0.0449219 0.891113
1 0.444531 0.368164 0.0421875 0.0410156 0.905273
1 0.232812 0.373047 0.071875 0.0742188 0.932129
1 0.396094 0.384766 0.0671875 0.0664062 0.94043
1 0.875 0.487305 0.24375 0.205078 0.969727
