1 0.420312 0.349609 0.009375 0.0078125 0.278076
1 0.350781 0.355469 0.0109375 0.0117188 0.333496
1 0.389062 0.350586 0.0125 0.00976562 0.336914
1 0.375781 0.352539 0.0078125 0.00976562 0.389648
4 0.235156 0.357422 0.0359375 0.0390625 0.448486
4 0.534375 0.341797 0.015625 0.0273438 0.578613
1 0.505469 0.34668 0.0140625 0.0136719 0.668945
1 0.364844 0.351562 0.0140625 0.015625 0.787598
1 0.235156 0.358398 0.0359375 0.0371094 0.789062
1 0.342187 0.356445 0.01875 0.0136719 0.79541
1 0.491406 0.353516 0.0171875 0.0195312 0.819824
1 0.304688 0.358398 0.015625 0.0136719 0.828613
1 0.60625 0.354492 0.04375 0.0488281 0.871094
1 0.54375 0.358398 0.03125 0.0292969 0.891602
1 0.265625 0.362305 0.03125 0.0253906 0.909668
1 0.0578125 0.387695 0.0625 0.0410156 0.915527
1 0.945312 0.509766 0.109375 0.332031 0.921875
