3 0.0242187 0.433594 0.0484375 0.0742188 0.325439
1 0.225781 0.389648 0.0328125 0.0292969 0.345215
1 0.290625 0.379883 0.025 0.0253906 0.481934
1 0.5125 0.367188 0.015625 0.0234375 0.483398
1 0.363281 0.380859 0.0296875 0.0273438 0.571777
1 0.528125 0.368164 0.015625 0.0292969 0.571777
6 0.264844 0.135742 0.0359375 0.0488281 0.572266
1 0.5 0.37207 0.015625 0.0332031 0.605957
1 0.448438 0.370117 0.025 0.0292969 0.611328
1 0.536719 0.375 0.0203125 0.03125 0.63623
0 0.0695312 0.389648 0.0140625 0.0371094 0.662109
3 0.265625 0.390625 0.01875 0.0273438 0.701172
0 0.753906 0.378906 0.0140625 0.0625 0.719238
8 0.264062 0.135742 0.0375 0.0488281 0.755859
0 0.596875 0.374023 0.01875 0.0605469 0.768555
1 0.427344 0.375 0.0265625 0.0390625 0.778809
6 0.407813 0.151367 0.015625 0.0488281 0.816895
1 0.559375 0.37793 0.04375 0.0371094 0.818359
6 0.440625 0.149414 0.015625 0.0488281 0.822754
0 0.672656 0.383789 0.0171875 0.0761719 0.836914
0 0.714063 0.375977 0.01875 0.0722656 0.871582
1 0.483594 0.375 0.0359375 0.0390625 0.883789
1 0.327344 0.380859 0.0546875 0.0546875 0.895996
1 0.171094 0.397461 0.0546875 0.0449219 0.914062
1 0.401563 0.382812 0.046875 0.046875 0.914551
