1 0.0429688 0.485352 0.0671875 0.0449219 0.25708
0 0.502344 0.453125 0.0078125 0.0234375 0.362061
1 0.663281 0.470703 0.0328125 0.0742188 0.38501
0 0.217187 0.473633 0.009375 0.0371094 0.520996
0 0.296875 0.469727 0.009375 0.0449219 0.561523
1 0.632031 0.454102 0.0265625 0.0292969 0.570801
8 0.3875 0.386719 0.0125 0.0234375 0.599609
1 0.555469 0.454102 0.0171875 0.0136719 0.63623
0 0.211719 0.474609 0.0109375 0.0390625 0.654297
1 0.523438 0.453125 0.01875 0.0195312 0.754395
0 0.308594 0.469727 0.0140625 0.0488281 0.771973
1 0.641406 0.470703 0.0296875 0.0625 0.820801
0 0.415625 0.463867 0.015625 0.0371094 0.831055
1 0.704687 0.47168 0.09375 0.107422 0.833008
0 0.19375 0.473633 0.009375 0.0371094 0.87207
8 0.896875 0.349609 0.03125 0.0546875 0.896484
1 0.751562 0.495117 0.115625 0.126953 0.916992
1 0.90625 0.581055 0.1875 0.275391 0.958984
1 0.813281 0.525391 0.164062 0.171875 0.961914
