6 0.388281 0.0722656 0.0265625 0.0742188 0.256592
1 0.433594 0.342773 0.0109375 0.0175781 0.262207
0 0.0609375 0.378906 0.015625 0.046875 0.27417
0 0.314844 0.34668 0.0046875 0.0136719 0.299316
1 0.389844 0.337891 0.0265625 0.015625 0.46582
1 0.4625 0.34375 0.021875 0.0234375 0.644043
0 0.959375 0.380859 0.0375 0.109375 0.808105
1 0.485938 0.348633 0.025 0.0292969 0.825195
1 0.150781 0.375977 0.0640625 0.0605469 0.833008
6 0.363281 0.0722656 0.0265625 0.0742188 0.840332
6 0.413281 0.0712891 0.0265625 0.0761719 0.84668
0 0.9875 0.386719 0.025 0.125 0.894043
1 0.346094 0.357422 0.0359375 0.0390625 0.900879
1 0.420312 0.354492 0.034375 0.0371094 0.902832
1 0.382812 0.369141 0.0625 0.0625 0.915039
1 0.219531 0.379883 0.101562 0.0957031 0.955078
1 0.54375 0.447266 0.2125 0.199219 0.964355
