8 0.975 0.0234375 0.05 0.046875 0.276611
8 0.978125 0.160156 0.04375 0.117188 0.28125
1 0.229687 0.456055 0.040625 0.0527344 0.470703
1 0.15625 0.487305 0.05 0.115234 0.556152
1 0.452344 0.436523 0.0609375 0.0644531 0.587402
1 0.208594 0.470703 0.0484375 0.078125 0.643555
0 0.496094 0.419922 0.0109375 0.015625 0.717773
8 0.835938 0.0185547 0.090625 0.0371094 0.748047
1 0.235156 0.439453 0.0453125 0.0390625 0.765625
8 0.926562 0.336914 0.021875 0.0449219 0.769531
1 0.179688 0.478516 0.065625 0.0976562 0.814453
1 0.475 0.454102 0.04375 0.0566406 0.821777
1 0.5125 0.458984 0.06875 0.0664062 0.86377
0 0.3375 0.43457 0.0125 0.0449219 0.878418
0 0.840625 0.455078 0.04375 0.0976562 0.895996
8 0.840625 0.144531 0.09375 0.125 0.908691
1 0.567187 0.469727 0.084375 0.0878906 0.939453
1 0.909375 0.543945 0.18125 0.294922 0.942383
1 0.658594 0.488281 0.182812 0.121094 0.970703
1 0.078125 0.510742 0.15625 0.267578 0.975586
