1 0.399219 0.345703 0.0171875 0.015625 0.273438
1 0.377344 0.360352 0.0328125 0.0371094 0.364746
0 0.096875 0.378906 0.01875 0.0390625 0.400635
1 0.441406 0.348633 0.0109375 0.0136719 0.440674
6 0.4 0.116211 0.025 0.0683594 0.445312
0 0.138281 0.368164 0.0140625 0.0371094 0.44873
1 0.544531 0.350586 0.0234375 0.0214844 0.501953
1 0.524219 0.351562 0.0140625 0.015625 0.512695
1 0.572656 0.378906 0.0515625 0.0625 0.613281
1 0.430469 0.352539 0.0140625 0.0214844 0.650879
1 0.488281 0.349609 0.0234375 0.0195312 0.777832
6 0.383594 0.119141 0.0203125 0.0625 0.803223
1 0.464063 0.351562 0.021875 0.0234375 0.806152
1 0.410937 0.365234 0.046875 0.0429688 0.85498
6 0.427344 0.118164 0.0203125 0.0644531 0.889648
1 0.18125 0.374023 0.071875 0.0527344 0.891113
0 0.865625 0.387695 0.025 0.0957031 0.897461
0 0.948438 0.40918 0.040625 0.123047 0.90332
0 0.8875 0.386719 0.028125 0.101562 0.908203
1 0.351562 0.385742 0.084375 0.0761719 0.937012
1 0.253125 0.37793 0.090625 0.0839844 0.952148
1 0.514063 0.441406 0.171875 0.167969 0.96875
