1 0.416406 0.354492 0.0140625 0.0332031 0.306885
0 0.258594 0.365234 0.0109375 0.0234375 0.316162
1 0.00859375 0.413086 0.0171875 0.103516 0.325928
1 0.404687 0.351562 0.021875 0.03125 0.342285
1 0.365625 0.828125 0.075 0.0585938 0.357666
0 0.723437 0.363281 0.009375 0.0429688 0.427002
0 0.227344 0.369141 0.0109375 0.0351562 0.443604
0 0.984375 0.460938 0.03125 0.296875 0.569336
0 0.416406 0.356445 0.0109375 0.0332031 0.577148
1 0.494531 0.358398 0.0296875 0.0371094 0.616211
0 0.210156 0.349609 0.0078125 0.0117188 0.634277
1 0.44375 0.347656 0.034375 0.03125 0.67334
1 0.519531 0.354492 0.0265625 0.0332031 0.73584
1 0.5625 0.367188 0.03125 0.0507812 0.739258
1 0.169531 0.378906 0.0515625 0.0429688 0.744629
1 0.546875 0.356445 0.03125 0.0410156 0.787109
1 0.20625 0.371094 0.040625 0.0390625 0.818848
1 0.586719 0.376953 0.0453125 0.0585938 0.854492
1 0.617188 0.387695 0.053125 0.0761719 0.865723
1 0.384375 0.367188 0.053125 0.0546875 0.916016
1 0.671094 0.40332 0.110937 0.103516 0.93457
1 0.475781 0.368164 0.0515625 0.0527344 0.944824
1 0.322656 0.391602 0.0984375 0.0917969 0.958008
