0 0.595312 0.354492 0.009375 0.0214844 0.260742
0 0.05625 0.382812 0.009375 0.015625 0.269531
1 0.514844 0.356445 0.0140625 0.0214844 0.323486
1 0.460938 0.355469 0.0125 0.0195312 0.444092
1 0.501562 0.363281 0.015625 0.0351562 0.44458
6 0.410937 0.104492 0.021875 0.0605469 0.505371
1 0.552344 0.367188 0.0234375 0.0351562 0.541992
1 0.530469 0.358398 0.0171875 0.0292969 0.547852
1 0.205469 0.383789 0.0421875 0.0371094 0.628906
1 0.571875 0.371094 0.05 0.0429688 0.652832
0 0.03125 0.382812 0.0125 0.03125 0.70752
3 0.236719 0.389648 0.0234375 0.0332031 0.710938
1 0.540625 0.366211 0.01875 0.0332031 0.719238
6 0.221875 0.0888672 0.04375 0.0566406 0.72998
1 0.445312 0.358398 0.028125 0.0253906 0.73877
8 0.221875 0.0888672 0.04375 0.0566406 0.757324
0 0.610156 0.366211 0.0171875 0.0683594 0.764648
0 0.699219 0.376953 0.0234375 0.0859375 0.793457
6 0.394531 0.108398 0.0171875 0.0566406 0.807129
1 0.426562 0.368164 0.021875 0.0332031 0.818359
0 0.789062 0.373047 0.01875 0.0664062 0.819336
6 0.434375 0.103516 0.01875 0.0585938 0.833496
1 0.347656 0.366211 0.0390625 0.0488281 0.884277
1 0.485938 0.368164 0.040625 0.0410156 0.904785
0 0.745313 0.37207 0.021875 0.0878906 0.905762
1 0.146875 0.392578 0.059375 0.046875 0.910156
1 0.398438 0.374023 0.05 0.0488281 0.924805
1 0.300781 0.375977 0.0671875 0.0644531 0.928711
