0 0.232031 0.370117 0.0140625 0.0371094 0.321289
0 0.98125 0.452148 0.0375 0.287109 0.341797
1 0.523438 0.355469 0.021875 0.0273438 0.356445
0 0.226562 0.369141 0.009375 0.0351562 0.435059
0 0.258594 0.365234 0.0109375 0.0234375 0.471924
1 0.403906 0.349609 0.0203125 0.0273438 0.499756
1 0.0101562 0.414062 0.0203125 0.105469 0.556152
1 0.514063 0.356445 0.01875 0.0292969 0.558105
0 0.723437 0.364258 0.009375 0.0449219 0.578613
0 0.210938 0.349609 0.009375 0.0117188 0.609863
0 0.416406 0.357422 0.0109375 0.0351562 0.61084
2 0.980469 0.515625 0.0390625 0.1875 0.622559
1 0.49375 0.358398 0.03125 0.0371094 0.652344
1 0.44375 0.349609 0.034375 0.03125 0.700684
1 0.546094 0.358398 0.0265625 0.0410156 0.703125
1 0.167969 0.379883 0.0546875 0.0449219 0.740234
1 0.563281 0.368164 0.0328125 0.0527344 0.759277
1 0.20625 0.37207 0.040625 0.0410156 0.819824
1 0.619531 0.388672 0.0609375 0.078125 0.854492
1 0.586719 0.37793 0.0453125 0.0605469 0.875977
1 0.384375 0.368164 0.053125 0.0527344 0.927734
1 0.669531 0.404297 0.107813 0.101562 0.935059
1 0.475781 0.369141 0.0515625 0.0507812 0.945801
1 0.322656 0.392578 0.0984375 0.0898438 0.960449
