1 0.264062 0.373047 0.015625 0.03125 0.345703
1 0.415625 0.354492 0.01875 0.0214844 0.425049
0 0.275 0.37207 0.0125 0.0292969 0.547363
0 0.672656 0.364258 0.0109375 0.0410156 0.549316
1 0.54375 0.367188 0.01875 0.0351562 0.567871
1 0.517969 0.358398 0.0203125 0.0292969 0.600586
0 0.957812 0.410156 0.028125 0.152344 0.645508
1 0.502344 0.366211 0.0203125 0.0371094 0.67627
1 0.446094 0.357422 0.0328125 0.0273438 0.708984
1 0.55625 0.373047 0.025 0.0429688 0.748535
1 0.5375 0.360352 0.025 0.0371094 0.790527
0 0.969531 0.408203 0.0359375 0.160156 0.804199
1 0.573438 0.376953 0.028125 0.0507812 0.809082
0 0.889063 0.417969 0.040625 0.15625 0.813477
1 0.60625 0.383789 0.06875 0.0605469 0.853516
1 0.322656 0.362305 0.0390625 0.0292969 0.860352
1 0.407813 0.37207 0.034375 0.0488281 0.874512
0 0.696094 0.387695 0.0265625 0.115234 0.909668
1 0.48125 0.371094 0.04375 0.046875 0.916992
1 0.370313 0.381836 0.065625 0.0644531 0.924316
1 0.046875 0.44043 0.09375 0.181641 0.941406
1 0.215625 0.384766 0.1 0.0976562 0.945801
