1 0.364844 0.366211 0.0171875 0.0175781 0.320557
0 0.570312 0.371094 0.009375 0.0351562 0.326904
1 0.498437 0.369141 0.015625 0.0234375 0.44751
1 0.510156 0.366211 0.0140625 0.0214844 0.457031
0 0.590625 0.362305 0.009375 0.0253906 0.459961
3 0.710156 0.427734 0.110937 0.121094 0.573242
1 0.525 0.371094 0.025 0.0234375 0.58252
3 0.744531 0.450195 0.0984375 0.123047 0.604004
0 0.976562 0.381836 0.015625 0.0605469 0.608887
1 0.457812 0.364258 0.01875 0.0214844 0.613281
1 0.00703125 0.422852 0.0140625 0.0605469 0.643555
1 0.0492188 0.416016 0.0671875 0.0507812 0.681641
1 0.111719 0.401367 0.0703125 0.0527344 0.751953
0 0.542969 0.366211 0.0109375 0.0292969 0.76416
0 0.170312 0.373047 0.009375 0.0234375 0.789062
1 0.242188 0.386719 0.028125 0.046875 0.797363
1 0.440625 0.369141 0.021875 0.0273438 0.800293
1 0.307031 0.37793 0.0265625 0.0332031 0.847656
1 0.704687 0.417969 0.121875 0.121094 0.849121
1 0.644531 0.404297 0.0765625 0.0976562 0.881836
1 0.389062 0.369141 0.028125 0.03125 0.881836
1 0.480469 0.374023 0.0328125 0.0371094 0.909668
1 0.417188 0.37793 0.040625 0.0410156 0.912109
1 0.335938 0.376953 0.053125 0.0507812 0.929199
1 0.198437 0.40625 0.1 0.078125 0.931641
1 0.879687 0.542969 0.240625 0.277344 0.970215
