0 0.310156 0.447266 0.0046875 0.015625 0.259766
8 0.229687 0.435547 0.009375 0.015625 0.269287
6 0.803906 0.333008 0.0140625 0.0371094 0.28125
8 0.233594 0.384766 0.0234375 0.0273438 0.345703
6 0.789844 0.335938 0.0109375 0.03125 0.377197
6 0.346094 0.426758 0.0078125 0.0332031 0.491943
6 0.625781 0.363281 0.0078125 0.0273438 0.574707
1 0.327344 0.474609 0.0546875 0.0429688 0.666504
8 0.684375 0.374023 0.0375 0.0136719 0.746582
1 0.425 0.487305 0.04375 0.0410156 0.824219
0 0.599219 0.485352 0.0109375 0.0371094 0.827148
0 0.525 0.482422 0.0125 0.0351562 0.892578
1 0.489844 0.481445 0.0609375 0.0371094 0.90918
1 0.384375 0.514648 0.09375 0.0957031 0.9375
1 0.130469 0.591797 0.260938 0.265625 0.960449
1 0.330469 0.542969 0.135937 0.105469 0.966797
