3 0.325781 0.373047 0.0140625 0.0273438 0.252441
3 0.971875 0.591797 0.05625 0.207031 0.259033
1 0.599219 0.397461 0.0578125 0.0527344 0.311768
1 0.326562 0.368164 0.015625 0.0292969 0.334229
0 0.210938 0.373047 0.00625 0.0234375 0.340576
0 0.616406 0.358398 0.0078125 0.0253906 0.378906
1 0.299219 0.360352 0.0359375 0.0371094 0.457275
1 0.645312 0.40332 0.0375 0.0917969 0.52002
1 0.50625 0.362305 0.015625 0.0214844 0.537109
0 0.573438 0.365234 0.009375 0.0390625 0.538574
1 0.45 0.358398 0.01875 0.0214844 0.546387
8 0.384375 0.25293 0.015625 0.0214844 0.648926
1 0.491406 0.362305 0.0171875 0.0253906 0.666504
1 0.520312 0.364258 0.028125 0.0253906 0.728027
0 0.542188 0.360352 0.009375 0.0332031 0.755859
8 0.450781 0.254883 0.0234375 0.0253906 0.756348
1 0.384375 0.357422 0.01875 0.0195312 0.782227
0 0.592969 0.353516 0.0109375 0.0273438 0.795898
3 0.917188 0.542969 0.159375 0.242188 0.824707
0 0.147656 0.37793 0.0109375 0.0332031 0.828613
1 0.433594 0.361328 0.0234375 0.0273438 0.851562
0 0.13125 0.378906 0.0125 0.0390625 0.867676
1 0.35625 0.368164 0.0375 0.0410156 0.901367
1 0.472656 0.368164 0.0328125 0.0371094 0.907227
1 0.710938 0.416992 0.128125 0.150391 0.920898
1 0.409375 0.37207 0.0375 0.0449219 0.930664
1 0.251563 0.384766 0.0875 0.0820312 0.946777
1 0.0585938 0.413086 0.117188 0.0878906 0.954102
1 0.826563 0.458008 0.2125 0.201172 0.955078
