0 0.603906 0.345703 0.0078125 0.0195312 0.268799
1 0.441406 0.349609 0.0109375 0.0117188 0.332764
1 0.570312 0.37793 0.05 0.0605469 0.385498
1 0.542969 0.351562 0.0203125 0.0234375 0.402588
1 0.524219 0.351562 0.0140625 0.015625 0.479492
1 0.430469 0.352539 0.0140625 0.0214844 0.507812
0 0.104687 0.379883 0.015625 0.0371094 0.551758
1 0.492188 0.351562 0.028125 0.015625 0.681641
1 0.377344 0.355469 0.0234375 0.0234375 0.692871
6 0.404687 0.12793 0.021875 0.0644531 0.699707
0 0.144531 0.369141 0.0140625 0.0351562 0.703613
1 0.463281 0.353516 0.0234375 0.0234375 0.773438
6 0.430469 0.12793 0.0203125 0.0605469 0.828125
6 0.385938 0.129883 0.015625 0.0605469 0.830566
0 0.864844 0.380859 0.0265625 0.09375 0.887695
1 0.409375 0.366211 0.046875 0.0488281 0.88916
0 0.925 0.405273 0.0375 0.119141 0.897461
0 0.845312 0.384766 0.025 0.09375 0.900391
1 0.185156 0.376953 0.0671875 0.0546875 0.913086
1 0.259375 0.37793 0.0875 0.0839844 0.950684
1 0.342187 0.390625 0.090625 0.0820312 0.952637
1 0.510938 0.436523 0.165625 0.158203 0.986328
