1 0.400781 0.349609 0.0078125 0.0078125 0.290771
8 0.510156 0.344727 0.0078125 0.0136719 0.331543
1 0.366406 0.349609 0.0140625 0.0117188 0.496094
1 0.500781 0.347656 0.0109375 0.0117188 0.505859
4 0.530469 0.34082 0.0171875 0.0292969 0.531738
1 0.383594 0.350586 0.0109375 0.00976562 0.536133
1 0.316406 0.351562 0.0140625 0.0117188 0.669922
1 0.304688 0.355469 0.015625 0.0117188 0.688477
1 0.335938 0.351562 0.0125 0.0117188 0.730469
1 0.261719 0.361328 0.0171875 0.0195312 0.776855
1 0.178906 0.365234 0.0671875 0.0351562 0.784668
1 0.0164062 0.388672 0.0328125 0.0351562 0.79834
1 0.278125 0.360352 0.025 0.0214844 0.825195
1 0.482812 0.354492 0.015625 0.0214844 0.838867
1 0.536719 0.357422 0.0296875 0.0273438 0.874512
1 0.592188 0.353516 0.040625 0.046875 0.893555
