1 0.457031 0.357422 0.0078125 0.0078125 0.254639
0 0.648438 0.356445 0.009375 0.0214844 0.310791
0 0.804688 0.379883 0.009375 0.0371094 0.371094
1 0.355469 0.373047 0.0140625 0.0234375 0.377197
0 0.81875 0.380859 0.015625 0.0429688 0.46167
5 0.307813 0.373047 0.046875 0.0507812 0.476807
1 0.446875 0.362305 0.009375 0.00976562 0.48999
0 0.175 0.376953 0.009375 0.03125 0.520996
0 0.669531 0.357422 0.0109375 0.0195312 0.521484
1 0.6125 0.396484 0.04375 0.0585938 0.540039
3 0.677344 0.435547 0.0921875 0.0859375 0.56543
0 0.534375 0.369141 0.009375 0.0351562 0.639648
1 0.483594 0.361328 0.0109375 0.0117188 0.640137
0 0.242188 0.376953 0.00625 0.0234375 0.650879
0 0.738281 0.367188 0.0140625 0.0429688 0.674805
0 0.554688 0.370117 0.009375 0.0332031 0.688965
1 0.376563 0.375 0.028125 0.0351562 0.689453
1 0.34375 0.375 0.025 0.0234375 0.690918
1 0.307813 0.37207 0.05 0.0488281 0.691406
0 0.785937 0.375977 0.015625 0.0332031 0.706543
0 0.186719 0.376953 0.0109375 0.0351562 0.711914
0 0.753125 0.370117 0.01875 0.0527344 0.722656
1 0.46875 0.361328 0.0125 0.015625 0.735352
1 0.502344 0.361328 0.0140625 0.015625 0.751953
1 0.519531 0.369141 0.0203125 0.0273438 0.753418
3 0.751562 0.451172 0.134375 0.148438 0.76123
1 0.0507812 0.393555 0.0453125 0.0410156 0.783203
1 0.592188 0.392578 0.04375 0.0625 0.804688
0 0.717188 0.360352 0.021875 0.0488281 0.811035
1 0.432031 0.376953 0.0296875 0.0390625 0.837402
1 0.66875 0.410156 0.109375 0.0859375 0.861816
1 0.400781 0.385742 0.0546875 0.0527344 0.944336
1 0.8875 0.488281 0.225 0.3125 0.965332
