0 0.0171875 0.40332 0.015625 0.0527344 0.425049
1 0.44375 0.375 0.01875 0.0234375 0.458984
1 0.517969 0.376953 0.0203125 0.03125 0.460938
0 0.00546875 0.412109 0.0109375 0.0625 0.488037
1 0.498437 0.379883 0.028125 0.0410156 0.509766
1 0.0367187 0.425781 0.0515625 0.0664062 0.609375
1 0.425781 0.378906 0.0265625 0.0390625 0.721191
1 0.566406 0.389648 0.0234375 0.0449219 0.746094
1 0.5375 0.376953 0.025 0.0351562 0.766113
1 0.552344 0.385742 0.0234375 0.0410156 0.770996
1 0.320312 0.376953 0.046875 0.03125 0.836426
1 0.4125 0.386719 0.03125 0.046875 0.851074
1 0.2125 0.392578 0.05 0.0664062 0.854004
0 0.826563 0.417969 0.034375 0.140625 0.858398
0 0.895312 0.413086 0.034375 0.138672 0.881836
1 0.596875 0.395508 0.0625 0.0566406 0.890625
0 0.66875 0.399414 0.025 0.103516 0.907227
1 0.484375 0.386719 0.04375 0.046875 0.916504
1 0.2625 0.395508 0.078125 0.0800781 0.92627
0 0.94375 0.416016 0.03125 0.113281 0.928711
1 0.378906 0.395508 0.0609375 0.0605469 0.936523
1 0.114844 0.428711 0.151562 0.130859 0.95166
