1 0.403906 0.349609 0.0078125 0.0078125 0.350098
4 0.592969 0.355469 0.0421875 0.046875 0.361572
1 0.371875 0.352539 0.0125 0.00976562 0.474365
4 0.530469 0.342773 0.0171875 0.0332031 0.501953
1 0.388281 0.352539 0.0109375 0.00976562 0.528809
1 0.321094 0.354492 0.0140625 0.00976562 0.596191
1 0.328125 0.351562 0.0125 0.0117188 0.616211
1 0.345313 0.352539 0.009375 0.00976562 0.665527
1 0.282031 0.360352 0.0171875 0.0175781 0.823242
1 0.483594 0.355469 0.0171875 0.0195312 0.825195
1 0.296875 0.359375 0.01875 0.015625 0.825684
1 0.198437 0.364258 0.025 0.0292969 0.834961
1 0.592969 0.355469 0.0421875 0.046875 0.852539
1 0.536719 0.358398 0.0296875 0.0292969 0.89209
1 0.223438 0.362305 0.040625 0.0332031 0.895996
1 0.0835937 0.382812 0.0546875 0.0390625 0.928223
