4 0.534375 0.34082 0.01875 0.0253906 0.293213
1 0.410156 0.349609 0.0078125 0.0078125 0.303711
5 0.534375 0.356445 0.028125 0.0332031 0.316162
1 0.391406 0.349609 0.0078125 0.0078125 0.374512
1 0.303906 0.352539 0.0171875 0.0175781 0.381592
1 0.420312 0.350586 0.009375 0.00585938 0.394043
1 0.516406 0.348633 0.0109375 0.0175781 0.410889
5 0.5875 0.356445 0.0375 0.0449219 0.45459
1 0.189063 0.365234 0.034375 0.0195312 0.485352
1 0.378906 0.350586 0.0109375 0.00976562 0.506836
1 0.346094 0.353516 0.0078125 0.0078125 0.606445
1 0.357812 0.351562 0.009375 0.0078125 0.630859
1 0.502344 0.352539 0.0109375 0.00976562 0.631348
1 0.273438 0.357422 0.01875 0.015625 0.651367
1 0.5875 0.356445 0.0375 0.0449219 0.705078
1 0.0257812 0.381836 0.0515625 0.0253906 0.721191
1 0.534375 0.358398 0.028125 0.0292969 0.724609
1 0.107031 0.37207 0.0390625 0.0253906 0.773438
1 0.485938 0.355469 0.015625 0.0195312 0.823242
