1 0.171875 0.364258 0.021875 0.0175781 0.26123
1 0.392188 0.347656 0.009375 0.0078125 0.270996
1 0.417188 0.34668 0.009375 0.00585938 0.30249
1 0.334375 0.348633 0.0125 0.0136719 0.327881
4 0.516406 0.344727 0.0109375 0.0175781 0.381348
1 0.516406 0.34375 0.0109375 0.015625 0.462158
4 0.535156 0.337891 0.0203125 0.0273438 0.503906
1 0.273438 0.356445 0.015625 0.0136719 0.591309
1 0.367969 0.349609 0.0078125 0.0117188 0.600586
1 0.378125 0.348633 0.009375 0.00976562 0.601074
1 0.317187 0.351562 0.0125 0.0117188 0.617188
1 0.223438 0.360352 0.01875 0.0175781 0.674805
1 0.503125 0.34668 0.009375 0.00976562 0.729004
1 0.203906 0.364258 0.0296875 0.0214844 0.769531
1 0.485938 0.351562 0.015625 0.015625 0.823242
1 0.536719 0.357422 0.0296875 0.0273438 0.911133
1 0.589844 0.353516 0.0390625 0.0429688 0.919922
