6 0.190625 0.245117 0.015625 0.0371094 0.284424
1 0.15 0.477539 0.021875 0.0371094 0.292969
8 0.207031 0.336914 0.0171875 0.0214844 0.344238
1 0.335938 0.461914 0.025 0.0332031 0.586914
1 0.524219 0.448242 0.0234375 0.0175781 0.740723
0 0.646094 0.474609 0.0234375 0.0742188 0.865723
0 0.0234375 0.524414 0.046875 0.162109 0.875
8 0.202344 0.307617 0.0296875 0.0371094 0.887695
0 0.864062 0.447266 0.025 0.0664062 0.88916
1 0.270312 0.475586 0.084375 0.0605469 0.894531
0 0.892187 0.469727 0.025 0.0878906 0.916016
1 0.695312 0.450195 0.05 0.0488281 0.916992
0 0.114063 0.546875 0.053125 0.195312 0.927734
0 0.0539063 0.549805 0.0609375 0.205078 0.932129
