1 0.464844 0.357422 0.0171875 0.015625 0.293457
1 0.422656 0.365234 0.0203125 0.0273438 0.297119
1 0.373437 0.364258 0.009375 0.0175781 0.298096
0 0.658594 0.360352 0.0078125 0.0175781 0.310791
0 0.66875 0.361328 0.009375 0.015625 0.378418
1 0.575 0.380859 0.0375 0.0703125 0.456055
0 0.1 0.378906 0.0125 0.0429688 0.491211
8 0.115625 0.319336 0.01875 0.0253906 0.509277
0 0.084375 0.380859 0.0125 0.0390625 0.516113
0 0.06875 0.389648 0.0125 0.0410156 0.516113
0 0.108594 0.373047 0.0109375 0.0351562 0.545898
0 0.0523437 0.390625 0.0171875 0.046875 0.549316
1 0.530469 0.371094 0.0203125 0.03125 0.705566
1 0.546875 0.37793 0.028125 0.0449219 0.720215
0 0.0320312 0.390625 0.0140625 0.0507812 0.725098
1 0.382812 0.365234 0.0125 0.015625 0.737305
1 0.329688 0.364258 0.025 0.0253906 0.771484
1 0.355469 0.363281 0.0296875 0.03125 0.826172
1 0.449219 0.366211 0.0421875 0.0253906 0.841309
1 0.491406 0.364258 0.0234375 0.0253906 0.868164
1 0.410937 0.374023 0.040625 0.0410156 0.872559
1 0.607813 0.393555 0.075 0.0878906 0.90918
1 0.672656 0.420898 0.120312 0.107422 0.961426
1 0.15 0.412109 0.128125 0.113281 0.964355
