1 0.264062 0.40625 0.01875 0.03125 0.267822
1 0.289844 0.400391 0.0234375 0.0234375 0.329102
1 0.0617188 0.4375 0.0515625 0.0507812 0.351074
0 0.415625 0.390625 0.0125 0.0273438 0.439697
1 0.414844 0.389648 0.0203125 0.0253906 0.493896
1 0.00546875 0.446289 0.0109375 0.0722656 0.530762
1 0.547656 0.399414 0.0234375 0.0410156 0.564941
0 0.684375 0.398438 0.0125 0.0390625 0.62207
1 0.444531 0.391602 0.0328125 0.0292969 0.745605
1 0.517187 0.391602 0.021875 0.0332031 0.76416
1 0.247656 0.407227 0.0265625 0.0332031 0.788574
1 0.563281 0.410156 0.0296875 0.0507812 0.821777
1 0.496094 0.396484 0.0296875 0.0429688 0.832031
1 0.217969 0.411133 0.0421875 0.0371094 0.833008
1 0.322656 0.394531 0.0359375 0.03125 0.838379
1 0.582031 0.416016 0.0328125 0.0585938 0.84668
1 0.398438 0.407227 0.040625 0.0488281 0.862305
0 0.979688 0.46875 0.040625 0.207031 0.871582
0 0.740625 0.432617 0.03125 0.142578 0.915527
1 0.617969 0.421875 0.0734375 0.0703125 0.920898
1 0.479688 0.40625 0.046875 0.046875 0.927734
1 0.13125 0.431641 0.134375 0.128906 0.9375
1 0.358594 0.419922 0.0734375 0.0703125 0.937988
