1 0.527344 0.348633 0.0203125 0.0214844 0.275879
3 0.45625 0.353516 0.0125 0.0195312 0.31665
1 0.500781 0.34668 0.0109375 0.0175781 0.346924
8 0.976562 0.231445 0.046875 0.0722656 0.376709
1 0.457812 0.347656 0.015625 0.0234375 0.494629
1 0.469531 0.347656 0.0109375 0.0195312 0.546387
6 0.373437 0.0507812 0.034375 0.0898438 0.768066
0 0.255469 0.356445 0.0109375 0.0253906 0.770996
6 0.40625 0.0517578 0.025 0.0800781 0.777832
1 0.377344 0.354492 0.0328125 0.0371094 0.806152
1 0.486719 0.352539 0.0265625 0.0292969 0.836914
6 0.347656 0.0546875 0.0265625 0.0820312 0.837891
1 0.425 0.359375 0.03125 0.0390625 0.89209
1 0.396875 0.370117 0.053125 0.0527344 0.918945
1 0.328906 0.367188 0.0484375 0.046875 0.92627
1 0.121875 0.395508 0.0875 0.0761719 0.926758
1 0.583594 0.456055 0.232812 0.205078 0.966797
1 0.200781 0.388672 0.110937 0.105469 0.96875
