1 0.383594 0.351562 0.0109375 0.0078125 0.282715
1 0.389844 0.350586 0.0078125 0.00976562 0.291992
1 0.417969 0.349609 0.0078125 0.0078125 0.341309
1 0.407813 0.350586 0.009375 0.00976562 0.342285
1 0.364844 0.353516 0.0078125 0.0117188 0.453369
4 0.533594 0.34082 0.0171875 0.0292969 0.499756
8 0.585156 0.333008 0.0109375 0.00976562 0.510254
1 0.504687 0.347656 0.0125 0.015625 0.675293
1 0.338281 0.355469 0.0140625 0.015625 0.725098
1 0.489844 0.353516 0.0171875 0.0195312 0.803711
1 0.353906 0.352539 0.0171875 0.0175781 0.831055
1 0.322656 0.359375 0.0171875 0.015625 0.833496
1 0.286719 0.359375 0.0171875 0.015625 0.842773
1 0.964063 0.535156 0.071875 0.351562 0.868652
1 0.603125 0.356445 0.04375 0.0488281 0.880371
1 0.542188 0.357422 0.03125 0.03125 0.884277
1 0.19375 0.360352 0.04375 0.0449219 0.888672
1 0.228906 0.364258 0.0328125 0.0292969 0.90332
