6 0.429688 0.239258 0.009375 0.0292969 0.280273
1 0.344531 0.375 0.0171875 0.0234375 0.318115
2 0.845312 0.496094 0.146875 0.136719 0.337158
1 0.50625 0.370117 0.015625 0.0253906 0.452393
8 0.440625 0.238281 0.025 0.03125 0.496826
1 0.298438 0.373047 0.028125 0.0195312 0.516602
6 0.45 0.239258 0.009375 0.0292969 0.535645
3 0.696094 0.444336 0.0859375 0.0839844 0.562012
2 0.694531 0.443359 0.0890625 0.0859375 0.584473
0 0.589063 0.373047 0.009375 0.046875 0.589355
1 0.488281 0.371094 0.0140625 0.0273438 0.599121
0 0.0773437 0.391602 0.0140625 0.0410156 0.668457
1 0.329688 0.375977 0.028125 0.0214844 0.720215
1 0.364844 0.368164 0.0234375 0.0292969 0.720703
0 0.198437 0.37793 0.009375 0.0292969 0.773926
0 0.642187 0.370117 0.009375 0.0371094 0.782227
1 0.959375 0.563477 0.08125 0.326172 0.793945
1 0.524219 0.37207 0.0359375 0.0292969 0.801758
0 0.553906 0.370117 0.0140625 0.0371094 0.803711
1 0.44375 0.367188 0.021875 0.0234375 0.806152
0 0.0632813 0.393555 0.0171875 0.0449219 0.818848
0 0.614844 0.370117 0.0140625 0.0449219 0.822754
1 0.384375 0.370117 0.021875 0.0292969 0.827148
1 0.425 0.37207 0.025 0.0292969 0.86084
3 0.84375 0.493164 0.14375 0.142578 0.875977
1 0.401563 0.380859 0.040625 0.0429688 0.892578
1 0.471875 0.374023 0.034375 0.0371094 0.898438
8 0.35625 0.236328 0.01875 0.0273438 0.898926
0 0.817187 0.380859 0.015625 0.0664062 0.908691
1 0.0273438 0.436523 0.0546875 0.0996094 0.936523
1 0.247656 0.394531 0.0828125 0.078125 0.954102
