1 0.319531 0.374023 0.0171875 0.0214844 0.321533
1 0.295312 0.373047 0.028125 0.0195312 0.396973
1 0.265625 0.383789 0.01875 0.0292969 0.518555
1 0.507031 0.365234 0.0140625 0.0234375 0.539062
0 0.594531 0.373047 0.0109375 0.046875 0.5625
6 0.439844 0.231445 0.0296875 0.0332031 0.566895
1 0.517969 0.369141 0.0203125 0.0273438 0.577637
1 0.326562 0.373047 0.025 0.0234375 0.602051
1 0.489062 0.368164 0.015625 0.0292969 0.688477
1 0.38125 0.369141 0.025 0.03125 0.697754
8 0.439844 0.231445 0.0296875 0.0332031 0.713379
1 0.527344 0.370117 0.0359375 0.0292969 0.713867
0 0.0648438 0.391602 0.0140625 0.0410156 0.763672
3 0.721094 0.453125 0.0953125 0.09375 0.776855
1 0.361719 0.367188 0.0265625 0.03125 0.784668
0 0.0523437 0.390625 0.0171875 0.046875 0.807617
0 0.648438 0.368164 0.009375 0.0410156 0.811523
1 0.44375 0.366211 0.021875 0.0253906 0.8125
0 0.621094 0.368164 0.0140625 0.0488281 0.834961
1 0.425781 0.370117 0.0265625 0.0292969 0.84668
0 0.554688 0.368164 0.015625 0.0410156 0.870605
8 0.350781 0.228516 0.0203125 0.0273438 0.897949
1 0.401563 0.37793 0.040625 0.0410156 0.900879
1 0.471875 0.37207 0.034375 0.0371094 0.903809
3 0.913281 0.512695 0.170312 0.185547 0.912109
1 0.2125 0.399414 0.096875 0.0878906 0.955078
