4 0.504687 0.34668 0.0125 0.0175781 0.253662
8 0.573438 0.333008 0.009375 0.00976562 0.282471
5 0.282813 0.353516 0.034375 0.0273438 0.437744
1 0.4 0.350586 0.0125 0.00976562 0.442627
4 0.533594 0.341797 0.0140625 0.0273438 0.600586
1 0.282813 0.355469 0.034375 0.0273438 0.637207
1 0.505469 0.34668 0.0109375 0.0136719 0.685059
1 0.379687 0.350586 0.0125 0.0136719 0.700684
1 0.328906 0.355469 0.0109375 0.0117188 0.775391
1 0.3625 0.352539 0.0125 0.0136719 0.777832
1 0.491406 0.352539 0.0171875 0.0175781 0.809082
1 0.310937 0.357422 0.025 0.0195312 0.8125
1 0.917188 0.482422 0.165625 0.328125 0.813477
1 0.54375 0.357422 0.03125 0.0273438 0.881348
1 0.197656 0.369141 0.0359375 0.0273438 0.916504
1 0.607813 0.354492 0.04375 0.0488281 0.91748
1 0.0296875 0.382812 0.059375 0.0625 0.92334
