1 0.526563 0.34668 0.009375 0.00976562 0.264893
5 0.532812 0.338867 0.015625 0.0292969 0.27002
4 0.505469 0.34375 0.0109375 0.015625 0.272705
5 0.277344 0.345703 0.0203125 0.03125 0.283936
1 0.528906 0.34668 0.0140625 0.0136719 0.333496
4 0.532031 0.339844 0.0171875 0.0273438 0.347168
1 0.361719 0.34668 0.0140625 0.0136719 0.495117
1 0.399219 0.34668 0.0109375 0.00976562 0.53125
1 0.411719 0.344727 0.0078125 0.00976562 0.584961
1 0.379687 0.347656 0.015625 0.0117188 0.671387
1 0.275 0.355469 0.01875 0.0195312 0.672852
1 0.505469 0.34375 0.0109375 0.015625 0.729492
1 0.492188 0.348633 0.015625 0.0175781 0.819824
1 0.347656 0.350586 0.0140625 0.0136719 0.840332
1 0.261719 0.358398 0.0265625 0.0214844 0.865723
1 0.313281 0.349609 0.0234375 0.0234375 0.87793
1 0.0382813 0.380859 0.0578125 0.0429688 0.911133
1 0.6125 0.352539 0.046875 0.0488281 0.912109
1 0.54375 0.354492 0.03125 0.0292969 0.916992
1 0.142969 0.368164 0.0546875 0.0410156 0.934082
1 0.859375 0.454102 0.28125 0.271484 0.975098
