8 0.570312 0.333984 0.009375 0.0117188 0.312988
5 0.028125 0.361328 0.05625 0.101562 0.415283
1 0.426562 0.349609 0.009375 0.0078125 0.419434
5 0.101562 0.357422 0.075 0.0742188 0.4375
5 0.0710938 0.358398 0.139062 0.0957031 0.553711
4 0.534375 0.34082 0.015625 0.0292969 0.586426
1 0.403125 0.349609 0.0125 0.0117188 0.616699
1 0.50625 0.347656 0.0125 0.015625 0.677246
1 0.386719 0.349609 0.0109375 0.0117188 0.680664
1 0.302344 0.353516 0.0234375 0.0273438 0.73291
1 0.339844 0.353516 0.0109375 0.0117188 0.74707
1 0.371094 0.352539 0.0109375 0.0136719 0.763672
1 0.491406 0.353516 0.0171875 0.0195312 0.841309
1 0.325 0.356445 0.021875 0.0175781 0.856445
1 0.544531 0.357422 0.0296875 0.03125 0.876953
1 0.235938 0.366211 0.03125 0.0253906 0.911621
1 0.109375 0.37207 0.0625 0.0488281 0.927734
1 0.609375 0.354492 0.04375 0.0488281 0.933594
1 0.904688 0.523438 0.190625 0.40625 0.954102
