1 0.191406 0.442383 0.0359375 0.0410156 0.314697
6 0.952344 0.329102 0.0171875 0.0410156 0.324951
0 0.242969 0.429688 0.0109375 0.015625 0.416016
7 0.639063 0.480469 0.015625 0.046875 0.514648
8 0.439844 0.397461 0.0078125 0.0175781 0.625977
1 0.250781 0.452148 0.0390625 0.0371094 0.727051
1 0.21875 0.452148 0.0375 0.0371094 0.822266
6 0.734375 0.185547 0.01875 0.0625 0.823242
8 0.866406 0.209961 0.0859375 0.0371094 0.85791
1 0.2875 0.454102 0.05 0.0449219 0.890137
1 0.336719 0.457031 0.0828125 0.0507812 0.92041
0 0.673437 0.464844 0.025 0.0859375 0.934082
1 0.135937 0.455078 0.090625 0.0976562 0.9375
1 0.451562 0.457031 0.109375 0.078125 0.967285
