1 0.479688 0.360352 0.0125 0.0136719 0.250732
1 0.523438 0.358398 0.009375 0.00976562 0.254395
2 0.95 0.539062 0.1 0.179688 0.410156
1 0.495313 0.360352 0.009375 0.0136719 0.584473
1 0.357031 0.373047 0.0203125 0.0273438 0.65332
1 0.507812 0.360352 0.0125 0.0136719 0.659668
1 0.336719 0.376953 0.0265625 0.0273438 0.660156
3 0.95 0.533203 0.1 0.183594 0.663574
2 0.904688 0.507812 0.184375 0.191406 0.725586
1 0.323438 0.37793 0.028125 0.0292969 0.78418
1 0.539062 0.371094 0.021875 0.0234375 0.803711
0 0.810938 0.358398 0.015625 0.0332031 0.827148
3 0.907031 0.505859 0.182812 0.199219 0.842773
0 0.677344 0.37207 0.0171875 0.0449219 0.845703
0 0.829687 0.359375 0.015625 0.03125 0.875488
0 0.660156 0.368164 0.0140625 0.0488281 0.880371
1 0.464063 0.37793 0.046875 0.0410156 0.90918
1 0.0726563 0.402344 0.135937 0.125 0.933105
1 0.4 0.392578 0.075 0.0703125 0.934082
1 0.274219 0.391602 0.0796875 0.0722656 0.937988
1 0.808594 0.458008 0.201562 0.173828 0.954102
