8 0.242969 0.310547 0.0109375 0.0195312 0.256104
0 0.0710938 0.37793 0.0171875 0.0410156 0.309082
0 0.286719 0.353516 0.0140625 0.0195312 0.342773
1 0.434375 0.34375 0.0125 0.0195312 0.387207
1 0.573438 0.348633 0.040625 0.0214844 0.387695
0 0.615625 0.337891 0.0125 0.0195312 0.40625
1 0.390625 0.338867 0.025 0.0175781 0.490967
1 0.172656 0.378906 0.0359375 0.0585938 0.751465
1 0.463281 0.34375 0.0234375 0.0234375 0.751465
6 0.389062 0.0761719 0.028125 0.078125 0.76709
1 0.485938 0.349609 0.028125 0.03125 0.782715
0 0.947656 0.390625 0.0203125 0.113281 0.821777
6 0.416406 0.078125 0.0265625 0.0742188 0.828125
6 0.365625 0.0810547 0.021875 0.0722656 0.831543
1 0.155469 0.375 0.0640625 0.0625 0.867676
1 0.417969 0.356445 0.0359375 0.0410156 0.875488
1 0.349219 0.356445 0.0328125 0.0371094 0.890137
1 0.378125 0.37207 0.065625 0.0644531 0.916504
0 0.971875 0.389648 0.03125 0.115234 0.928223
1 0.224219 0.37793 0.101562 0.0957031 0.958984
1 0.535937 0.449219 0.209375 0.195312 0.96582
