6 0.332812 0.40918 0.00625 0.0214844 0.26709
1 0.254687 0.463867 0.034375 0.0371094 0.320068
1 0.146875 0.483398 0.028125 0.0410156 0.33252
1 0.586719 0.448242 0.0328125 0.0136719 0.522949
1 0.172656 0.480469 0.0609375 0.0507812 0.653809
0 0.0132813 0.551758 0.0265625 0.224609 0.666016
1 0.515625 0.452148 0.03125 0.0175781 0.708984
0 0.694531 0.477539 0.0296875 0.0800781 0.763184
1 0.23125 0.473633 0.05625 0.0488281 0.812988
1 0.109375 0.487305 0.05 0.0410156 0.82373
0 0.846875 0.450195 0.021875 0.0683594 0.841797
8 0.19375 0.306641 0.028125 0.0351562 0.843262
1 0.698438 0.453125 0.053125 0.046875 0.87207
0 0.0570313 0.554688 0.0671875 0.21875 0.889648
0 0.889063 0.475586 0.025 0.0839844 0.920898
1 0.321094 0.477539 0.107813 0.0605469 0.943848
