0 0.430469 0.360352 0.0078125 0.0253906 0.258057
0 0.227344 0.366211 0.0078125 0.0253906 0.312012
2 0.976562 0.515625 0.046875 0.175781 0.356445
0 0.259375 0.365234 0.0125 0.0234375 0.43335
1 0.31875 0.34668 0.025 0.0136719 0.44043
1 0.0140625 0.415039 0.028125 0.103516 0.472168
0 0.210938 0.350586 0.009375 0.0136719 0.567383
1 0.403906 0.347656 0.0203125 0.0234375 0.576172
1 0.44375 0.350586 0.03125 0.0292969 0.586914
0 0.416406 0.358398 0.0109375 0.0332031 0.610352
1 0.560938 0.370117 0.03125 0.0488281 0.654785
1 0.495313 0.359375 0.03125 0.0351562 0.689941
1 0.520312 0.356445 0.028125 0.0332031 0.704102
1 0.547656 0.360352 0.0296875 0.0410156 0.711426
0 0.722656 0.366211 0.0109375 0.0449219 0.765625
0 0.975781 0.458984 0.0484375 0.285156 0.768066
1 0.208594 0.374023 0.0421875 0.0371094 0.784668
1 0.585156 0.380859 0.0421875 0.0585938 0.822266
1 0.171094 0.380859 0.0515625 0.0429688 0.839844
1 0.6125 0.390625 0.05 0.078125 0.885742
1 0.383594 0.370117 0.0546875 0.0527344 0.926758
1 0.475781 0.370117 0.0515625 0.0527344 0.942383
1 0.667969 0.405273 0.107813 0.103516 0.943848
1 0.323438 0.393555 0.096875 0.0878906 0.962891
