1 0.169531 0.504883 0.0296875 0.0449219 0.324219
8 0.794531 0.239258 0.0796875 0.0332031 0.429688
8 0.028125 0.293945 0.04375 0.0839844 0.462402
1 0.192188 0.50293 0.040625 0.0410156 0.603027
1 0.217969 0.496094 0.0390625 0.0390625 0.773926
8 0.859375 0.31543 0.03125 0.0566406 0.800781
0 0.895312 0.485352 0.028125 0.0957031 0.847656
0 0.9125 0.510742 0.03125 0.119141 0.880859
1 0.0734375 0.519531 0.0625 0.0625 0.891113
1 0.135156 0.522461 0.0796875 0.0683594 0.908691
1 0.572656 0.489258 0.0421875 0.0449219 0.909668
1 0.73125 0.479492 0.0625 0.0605469 0.929199
