1 0.084375 0.458984 0.128125 0.0625 0.266602
6 0.98125 0.399414 0.03125 0.0214844 0.375732
8 0.884375 0.25293 0.01875 0.0488281 0.40332
6 0.974219 0.364258 0.0203125 0.0410156 0.539551
1 0.270312 0.436523 0.0625 0.0253906 0.586914
1 0.94375 0.720703 0.1125 0.457031 0.687012
1 0.342969 0.453125 0.0421875 0.03125 0.724121
6 0.632812 0.306641 0.009375 0.03125 0.773438
6 0.884375 0.25293 0.01875 0.0488281 0.791504
6 0.85625 0.264648 0.0125 0.0410156 0.791992
1 0.382812 0.455078 0.059375 0.0351562 0.835449
8 0.934375 0.254883 0.03125 0.0410156 0.835449
8 0.70625 0.320312 0.046875 0.015625 0.877441
0 0.600781 0.458008 0.0109375 0.0488281 0.912598
1 0.467969 0.454102 0.0703125 0.0488281 0.925293
1 0.117969 0.592773 0.235938 0.228516 0.952148
1 0.246875 0.520508 0.1875 0.166016 0.96875
