0 0.15625 0.391602 0.0125 0.0410156 0.27002
1 0.511719 0.370117 0.0140625 0.0253906 0.273682
1 0.458594 0.370117 0.0109375 0.0214844 0.303223
0 0.128125 0.380859 0.009375 0.015625 0.335693
1 0.499219 0.373047 0.0171875 0.03125 0.396973
0 0.06875 0.395508 0.01875 0.0292969 0.406006
3 0.0695312 0.426758 0.0578125 0.0527344 0.422852
1 0.440625 0.376953 0.0125 0.0273438 0.474854
1 0.524219 0.37207 0.0171875 0.0253906 0.523438
1 0.232031 0.392578 0.0328125 0.03125 0.561035
3 0.279687 0.392578 0.021875 0.0273438 0.605469
1 0.303906 0.380859 0.0203125 0.0273438 0.612305
1 0.447656 0.373047 0.0234375 0.0273438 0.633301
0 0.0890625 0.393555 0.0125 0.0371094 0.656738
1 0.532812 0.376953 0.015625 0.03125 0.658203
1 0.426562 0.376953 0.028125 0.0390625 0.75
6 0.410156 0.167969 0.0140625 0.046875 0.788574
0 0.978125 0.435547 0.04375 0.0976562 0.793945
1 0.370313 0.374023 0.028125 0.0371094 0.800293
8 0.884375 0.21582 0.053125 0.0214844 0.810547
0 0.699219 0.375977 0.0171875 0.0683594 0.836426
6 0.442187 0.166016 0.015625 0.046875 0.837402
0 0.736719 0.379883 0.0171875 0.0605469 0.843262
0 0.589844 0.375977 0.0171875 0.0566406 0.848633
1 0.557031 0.378906 0.0421875 0.0390625 0.852051
0 0.659375 0.382812 0.01875 0.0703125 0.867188
1 0.3375 0.380859 0.05 0.0507812 0.886719
8 0.278906 0.157227 0.0328125 0.0449219 0.890137
1 0.482812 0.378906 0.0375 0.0390625 0.901367
1 0.403125 0.384766 0.046875 0.046875 0.920898
1 0.184375 0.399414 0.053125 0.0410156 0.932617
