0 0.573438 0.356445 0.00625 0.0175781 0.282471
0 0.607813 0.355469 0.00625 0.015625 0.302734
0 0.105469 0.37793 0.0109375 0.0449219 0.332764
1 0.3625 0.363281 0.015625 0.0234375 0.386719
3 0.760938 0.454102 0.103125 0.111328 0.452148
1 0.948438 0.580078 0.103125 0.359375 0.603516
1 0.350781 0.367188 0.0171875 0.0273438 0.626953
1 0.495313 0.352539 0.009375 0.0136719 0.689453
1 0.478906 0.352539 0.0140625 0.0136719 0.725098
1 0.509375 0.352539 0.0125 0.0136719 0.733887
0 0.632812 0.362305 0.009375 0.0449219 0.757812
0 0.764063 0.350586 0.0125 0.0292969 0.806152
0 0.785937 0.354492 0.01875 0.0371094 0.813965
3 0.838281 0.47168 0.170312 0.142578 0.824219
1 0.538281 0.362305 0.0203125 0.0214844 0.835938
0 0.651563 0.364258 0.015625 0.0410156 0.86084
1 0.271875 0.37207 0.04375 0.0371094 0.878418
1 0.455469 0.368164 0.0453125 0.0410156 0.912109
1 0.730469 0.422852 0.139062 0.123047 0.917969
1 0.317969 0.374023 0.0609375 0.0566406 0.926758
1 0.398438 0.384766 0.071875 0.0664062 0.947754
1 0.171875 0.381836 0.1 0.0957031 0.947754
