1 0.548437 0.348633 0.028125 0.0214844 0.31665
8 0.246875 0.313477 0.0125 0.0175781 0.469971
1 0.432813 0.348633 0.015625 0.0214844 0.473633
1 0.525 0.348633 0.01875 0.0175781 0.493164
0 0.992188 0.393555 0.015625 0.0839844 0.55957
1 0.572656 0.359375 0.0421875 0.03125 0.566895
1 0.39375 0.34668 0.01875 0.0214844 0.60791
6 0.396094 0.0947266 0.0265625 0.0722656 0.670898
1 0.4875 0.349609 0.025 0.0234375 0.745605
1 0.464844 0.349609 0.0234375 0.0273438 0.799316
6 0.421875 0.0947266 0.025 0.0722656 0.82666
6 0.373437 0.0966797 0.021875 0.0683594 0.828125
0 0.910937 0.394531 0.028125 0.113281 0.88623
1 0.163281 0.375977 0.0640625 0.0566406 0.890137
1 0.414844 0.360352 0.0390625 0.0410156 0.906738
0 0.938281 0.390625 0.0296875 0.109375 0.907715
1 0.36875 0.378906 0.071875 0.0703125 0.931641
1 0.233594 0.378906 0.0984375 0.09375 0.960449
1 0.525 0.448242 0.19375 0.185547 0.982422
