0 0.575781 0.359375 0.0046875 0.0195312 0.258789
1 0.432813 0.360352 0.025 0.0214844 0.272705
1 0.360938 0.366211 0.015625 0.0253906 0.291748
1 0.509375 0.356445 0.0125 0.0136719 0.54541
1 0.984375 0.584961 0.03125 0.255859 0.552734
1 0.497656 0.356445 0.0109375 0.00976562 0.599121
3 0.815625 0.46582 0.15625 0.146484 0.630371
1 0.480469 0.354492 0.0140625 0.0175781 0.67334
0 0.801562 0.357422 0.015625 0.0351562 0.717285
3 0.8875 0.487305 0.221875 0.169922 0.730469
0 0.777344 0.353516 0.0140625 0.03125 0.752441
1 0.539844 0.367188 0.0203125 0.0234375 0.789062
1 0.346094 0.371094 0.0234375 0.03125 0.790527
1 0.264844 0.37793 0.0359375 0.0371094 0.857422
0 0.661719 0.368164 0.0171875 0.0410156 0.890137
0 0.642187 0.366211 0.015625 0.0449219 0.914062
1 0.460156 0.37207 0.0484375 0.0410156 0.920898
1 0.753125 0.432617 0.159375 0.134766 0.930176
1 0.309375 0.381836 0.0625 0.0605469 0.936035
1 0.399219 0.387695 0.0734375 0.0683594 0.940918
1 0.15 0.388672 0.1125 0.105469 0.958496
