8 0.13125 0.413086 0.0375 0.0175781 0.264893
1 0.889844 0.459961 0.0515625 0.0332031 0.291504
0 0.45625 0.488281 0.00625 0.0117188 0.320557
1 0.157813 0.520508 0.034375 0.0644531 0.367188
1 0.892969 0.509766 0.0390625 0.0898438 0.450684
1 0.0609375 0.524414 0.046875 0.0449219 0.45459
1 0.578125 0.480469 0.025 0.015625 0.472656
8 0.739844 0.290039 0.0703125 0.0292969 0.501953
1 0.192969 0.517578 0.0390625 0.0351562 0.628906
1 0.0203125 0.526367 0.040625 0.0449219 0.673828
1 0.113281 0.530273 0.0765625 0.0722656 0.810059
1 0.235156 0.508789 0.0609375 0.0527344 0.834961
0 0.821875 0.488281 0.03125 0.078125 0.849609
8 0.132812 0.321289 0.034375 0.0449219 0.85498
0 0.857031 0.509766 0.0265625 0.0859375 0.901855
0 0.89375 0.507812 0.034375 0.0898438 0.908691
1 0.548437 0.499023 0.05625 0.0488281 0.936035
1 0.703906 0.485352 0.0546875 0.0527344 0.938477
