1 0.159375 0.362305 0.021875 0.0253906 0.267334
4 0.503125 0.34375 0.0125 0.015625 0.280518
1 0.184375 0.363281 0.028125 0.03125 0.331055
4 0.284375 0.349609 0.015625 0.0273438 0.353271
1 0.296094 0.353516 0.0140625 0.015625 0.361572
8 0.528906 0.334961 0.0140625 0.0214844 0.424316
1 0.395312 0.344727 0.009375 0.0136719 0.477295
4 0.528906 0.337891 0.0140625 0.0234375 0.496582
1 0.522656 0.347656 0.0078125 0.0078125 0.521973
5 0.285156 0.347656 0.0203125 0.0273438 0.552734
1 0.405469 0.345703 0.0109375 0.0117188 0.621582
1 0.38125 0.347656 0.01875 0.015625 0.644043
1 0.503906 0.344727 0.0109375 0.0136719 0.712891
1 0.364844 0.347656 0.0109375 0.0117188 0.713379
1 0.317187 0.350586 0.021875 0.0214844 0.750977
1 0.33125 0.350586 0.0125 0.0136719 0.751465
1 0.350781 0.348633 0.0109375 0.0136719 0.762695
1 0.221875 0.362305 0.034375 0.0253906 0.826172
1 0.492188 0.349609 0.015625 0.0195312 0.82666
5 0.207813 0.34375 0.071875 0.0625 0.861328
1 0.125 0.373047 0.046875 0.0351562 0.887695
1 0.614844 0.354492 0.0484375 0.0527344 0.921875
1 0.542188 0.355469 0.03125 0.03125 0.923828
1 0.7375 0.410156 0.1875 0.171875 0.977539
