1 0.408594 0.344727 0.0109375 0.00976562 0.284424
1 0.522656 0.341797 0.0140625 0.0195312 0.314941
5 0.324219 0.339844 0.0171875 0.03125 0.339844
1 0.392188 0.344727 0.009375 0.00976562 0.343262
1 0.420312 0.34375 0.009375 0.0078125 0.399658
4 0.321875 0.349609 0.0125 0.0195312 0.538574
1 0.403125 0.344727 0.009375 0.00976562 0.554688
1 0.321094 0.350586 0.0140625 0.0175781 0.62207
4 0.524219 0.337891 0.0140625 0.0273438 0.646484
1 0.363281 0.34668 0.0109375 0.0136719 0.653809
1 0.503906 0.34375 0.0109375 0.0117188 0.699707
1 0.353906 0.348633 0.0109375 0.0136719 0.70459
1 0.382031 0.345703 0.0140625 0.0117188 0.759277
1 0.335156 0.350586 0.0171875 0.0136719 0.825195
1 0.490625 0.349609 0.01875 0.0195312 0.855469
1 0.192969 0.364258 0.0359375 0.0292969 0.900879
1 0.538281 0.354492 0.0328125 0.0332031 0.912598
1 0.617969 0.354492 0.0484375 0.0566406 0.92041
1 0.689844 0.394531 0.142188 0.136719 0.967773
