1 0.613281 0.386719 0.0515625 0.0585938 0.302979
0 0.197656 0.368164 0.0078125 0.0292969 0.350342
2 0.61875 0.40625 0.05 0.078125 0.354004
0 0.492188 0.360352 0.009375 0.0292969 0.429932
2 0.492969 0.367188 0.0109375 0.0195312 0.43042
1 0.478906 0.354492 0.0109375 0.0136719 0.449219
1 0.373437 0.363281 0.0125 0.0234375 0.457764
1 0.311719 0.367188 0.0171875 0.0234375 0.497803
0 0.258594 0.367188 0.0078125 0.0234375 0.515137
0 0.00234375 0.387695 0.0046875 0.0527344 0.607422
1 0.5875 0.384766 0.040625 0.0585938 0.614258
1 0.388281 0.365234 0.0171875 0.0273438 0.656738
1 0.360938 0.364258 0.015625 0.0253906 0.708984
1 0.560938 0.371094 0.028125 0.0351562 0.750488
1 0.467187 0.353516 0.015625 0.0195312 0.778809
1 0.523438 0.365234 0.05625 0.0273438 0.780762
1 0.940625 0.59082 0.11875 0.369141 0.787109
1 0.439844 0.359375 0.0140625 0.0195312 0.791016
1 0.428906 0.368164 0.0203125 0.0371094 0.830078
0 0.021875 0.382812 0.0125 0.0546875 0.833984
1 0.334375 0.363281 0.034375 0.0390625 0.835938
1 0.677344 0.405273 0.0953125 0.130859 0.845215
0 0.046875 0.388672 0.015625 0.0546875 0.875977
1 0.407813 0.374023 0.046875 0.0449219 0.910645
1 0.782812 0.444336 0.209375 0.201172 0.944824
