6 0.159375 0.418945 0.009375 0.0332031 0.253662
6 0.342187 0.404297 0.00625 0.0195312 0.256104
6 0.31875 0.37793 0.00625 0.0175781 0.261719
0 0.0609375 0.459961 0.0125 0.0253906 0.272217
6 0.226562 0.386719 0.03125 0.015625 0.28833
1 0.226562 0.472656 0.06875 0.0546875 0.317383
1 0.344531 0.458984 0.0234375 0.0273438 0.323975
1 0.290625 0.458984 0.01875 0.0234375 0.343262
1 0.028125 0.482422 0.053125 0.0664062 0.343994
8 0.744531 0.333984 0.0203125 0.0273438 0.366699
1 0.246875 0.476562 0.03125 0.0546875 0.427734
8 0.704687 0.290039 0.05625 0.0175781 0.44458
1 0.499219 0.445312 0.0296875 0.0234375 0.454834
6 0.328125 0.397461 0.00625 0.0214844 0.49707
1 0.967188 0.618164 0.065625 0.248047 0.654785
1 0.396094 0.453125 0.0265625 0.0234375 0.683594
1 0.699219 0.449219 0.0765625 0.046875 0.702637
1 0.0859375 0.482422 0.05625 0.046875 0.736328
1 0.31875 0.458984 0.0375 0.0351562 0.791016
1 0.266406 0.458984 0.0328125 0.0351562 0.800293
1 0.522656 0.446289 0.0203125 0.0214844 0.849121
8 0.225781 0.314453 0.0265625 0.0351562 0.865234
0 0.58125 0.470703 0.01875 0.0703125 0.88623
0 0.157813 0.523438 0.0375 0.171875 0.891602
0 0.0320312 0.507812 0.0421875 0.132812 0.899902
0 0.875 0.458008 0.025 0.0957031 0.933594
0 0.221875 0.518555 0.04375 0.166016 0.950195
