1 0.622656 0.474609 0.0140625 0.015625 0.256104
0 0.325781 0.490234 0.0046875 0.015625 0.265625
1 0.0859375 0.517578 0.053125 0.0429688 0.293457
1 0.605469 0.474609 0.0171875 0.015625 0.32373
6 0.692969 0.431641 0.0078125 0.0273438 0.336182
1 0.475 0.483398 0.03125 0.0214844 0.352051
6 0.15 0.402344 0.01875 0.03125 0.355713
8 0.734375 0.297852 0.06875 0.0253906 0.36084
6 0.820312 0.394531 0.009375 0.0195312 0.362549
6 0.803906 0.391602 0.0109375 0.0214844 0.374756
1 0.015625 0.527344 0.03125 0.0742188 0.378418
1 0.573438 0.478516 0.015625 0.0117188 0.407959
6 0.326562 0.436523 0.00625 0.0253906 0.440918
6 0.910937 0.441406 0.009375 0.0234375 0.470215
1 0.883594 0.470703 0.0484375 0.0546875 0.471191
0 0.859375 0.503906 0.025 0.0859375 0.778809
1 0.202344 0.510742 0.0640625 0.0605469 0.817383
1 0.271875 0.50293 0.05 0.0410156 0.838379
0 0.841406 0.506836 0.0328125 0.0839844 0.849609
0 0.811719 0.485352 0.0265625 0.0722656 0.887207
8 0.1625 0.325195 0.03125 0.0410156 0.88916
1 0.702344 0.480469 0.0546875 0.0507812 0.912109
0 0.0539063 0.579102 0.0703125 0.201172 0.924316
1 0.53125 0.49707 0.06875 0.0527344 0.937988
