4 0.535937 0.333008 0.015625 0.0214844 0.291748
1 0.392969 0.345703 0.0078125 0.0078125 0.319092
1 0.417188 0.347656 0.009375 0.0078125 0.452148
1 0.515625 0.34375 0.0125 0.015625 0.520996
1 0.38125 0.344727 0.009375 0.00976562 0.533203
1 0.403125 0.34668 0.009375 0.00976562 0.602051
1 0.367188 0.345703 0.009375 0.0078125 0.644043
1 0.276563 0.347656 0.01875 0.0195312 0.649902
1 0.502344 0.347656 0.0109375 0.0117188 0.709473
1 0.339844 0.34668 0.0140625 0.00976562 0.745117
1 0.325781 0.348633 0.0109375 0.00976562 0.78125
1 0.485938 0.350586 0.015625 0.0175781 0.794922
1 0.226562 0.354492 0.025 0.0175781 0.839355
1 0.0796875 0.369141 0.046875 0.0273438 0.862793
1 0.586719 0.353516 0.0390625 0.046875 0.912598
1 0.533594 0.355469 0.0296875 0.03125 0.934082
