1 0.401563 0.34375 0.009375 0.0078125 0.339844
1 0.3625 0.344727 0.0125 0.00976562 0.36377
1 0.502344 0.34375 0.0109375 0.0117188 0.505371
1 0.515625 0.339844 0.0125 0.015625 0.520508
1 0.380469 0.342773 0.0109375 0.00976562 0.623535
1 0.345313 0.34375 0.015625 0.0117188 0.653809
1 0.289844 0.350586 0.0140625 0.00976562 0.730957
1 0.319531 0.345703 0.0171875 0.0117188 0.802734
1 0.260156 0.348633 0.0203125 0.0175781 0.813477
1 0.489062 0.34668 0.015625 0.0175781 0.831543
1 0.238281 0.351562 0.0203125 0.015625 0.855469
1 0.532812 0.349609 0.028125 0.03125 0.891602
1 0.585938 0.34668 0.0375 0.0449219 0.903809
5 0.180469 0.341797 0.0765625 0.0507812 0.927246
