1 0.460938 0.355469 0.009375 0.0195312 0.312744
0 0.0390625 0.381836 0.0125 0.0410156 0.478516
1 0.517969 0.357422 0.0171875 0.0273438 0.493896
1 0.446875 0.358398 0.025 0.0253906 0.631836
1 0.500781 0.366211 0.0234375 0.0371094 0.683594
1 0.425781 0.362305 0.0234375 0.0371094 0.726562
1 0.55 0.371094 0.021875 0.0390625 0.743164
1 0.563281 0.374023 0.0234375 0.0449219 0.748535
0 0.0265625 0.395508 0.015625 0.0566406 0.756348
1 0.535937 0.361328 0.021875 0.0351562 0.771973
1 0.328125 0.362305 0.028125 0.0253906 0.808105
1 0.241406 0.37207 0.0390625 0.0605469 0.835938
1 0.415625 0.369141 0.028125 0.0429688 0.852539
0 0.909375 0.393555 0.028125 0.103516 0.860352
1 0.589844 0.37793 0.0546875 0.0527344 0.870605
0 0.860156 0.389648 0.0296875 0.123047 0.875
0 0.796875 0.397461 0.03125 0.123047 0.881348
0 0.65625 0.378906 0.021875 0.09375 0.888184
1 0.483594 0.370117 0.0421875 0.0449219 0.911621
1 0.06875 0.405273 0.078125 0.0644531 0.916504
1 0.282813 0.375 0.06875 0.0703125 0.916992
1 0.382812 0.37793 0.059375 0.0605469 0.932129
1 0.16875 0.400391 0.125 0.109375 0.962402
