4 0.50625 0.344727 0.0125 0.0175781 0.260986
8 0.56875 0.335938 0.009375 0.0117188 0.335205
1 0.40625 0.348633 0.009375 0.00976562 0.456055
5 0.316406 0.350586 0.0203125 0.0253906 0.474121
1 0.428125 0.349609 0.009375 0.0078125 0.502441
1 0.316406 0.351562 0.0203125 0.0234375 0.591309
1 0.346875 0.355469 0.009375 0.0117188 0.630371
4 0.534375 0.34082 0.015625 0.0253906 0.654785
1 0.392969 0.349609 0.0109375 0.0117188 0.65918
1 0.50625 0.345703 0.0125 0.015625 0.661621
1 0.335156 0.354492 0.0171875 0.0136719 0.677246
1 0.377344 0.351562 0.0109375 0.0117188 0.693848
1 0.166406 0.365234 0.0515625 0.0429688 0.786133
1 0.491406 0.352539 0.0171875 0.0175781 0.816895
1 0.544531 0.357422 0.0296875 0.0273438 0.869141
5 0.128906 0.354492 0.120312 0.0839844 0.901367
1 0.263281 0.362305 0.0265625 0.0214844 0.907715
1 0.609375 0.354492 0.04375 0.0488281 0.928711
1 0.896094 0.510742 0.207813 0.380859 0.96875
