4 0.514063 0.342773 0.009375 0.0175781 0.296387
1 0.385156 0.34668 0.0109375 0.00976562 0.366699
1 0.404687 0.347656 0.009375 0.0078125 0.373779
1 0.342187 0.348633 0.009375 0.00976562 0.412109
1 0.513281 0.34375 0.0109375 0.015625 0.442871
4 0.53125 0.34082 0.01875 0.0332031 0.53418
1 0.33125 0.349609 0.0125 0.0117188 0.620117
1 0.503125 0.34668 0.009375 0.00976562 0.633789
1 0.357812 0.349609 0.015625 0.0117188 0.649414
1 0.482812 0.352539 0.015625 0.0214844 0.805176
1 0.284375 0.351562 0.015625 0.015625 0.810547
1 0.25 0.352539 0.021875 0.0175781 0.827637
1 0.0109375 0.386719 0.021875 0.0351562 0.850586
1 0.591406 0.354492 0.0390625 0.0449219 0.874512
1 0.538281 0.357422 0.0296875 0.03125 0.88916
1 0.207813 0.364258 0.028125 0.0253906 0.89209
1 0.122656 0.376953 0.0484375 0.0351562 0.939453
