1 0.4625 0.356445 0.0125 0.0136719 0.265381
0 0.142969 0.375977 0.0140625 0.0410156 0.294678
0 0.917969 0.371094 0.0203125 0.0546875 0.342529
1 0.519531 0.357422 0.0078125 0.0117188 0.406738
1 0.00859375 0.393555 0.0171875 0.0527344 0.485352
1 0.320312 0.375 0.028125 0.0273438 0.535156
1 0.490625 0.358398 0.0125 0.0136719 0.610352
1 0.507031 0.359375 0.0140625 0.015625 0.740234
3 0.707812 0.431641 0.084375 0.0976562 0.766113
1 0.475781 0.358398 0.0140625 0.0175781 0.773926
0 0.589063 0.366211 0.0125 0.0410156 0.812988
0 0.735937 0.373047 0.015625 0.0585938 0.836914
0 0.882812 0.362305 0.028125 0.0605469 0.838379
1 0.532812 0.368164 0.021875 0.0253906 0.841309
1 0.351562 0.374023 0.034375 0.0449219 0.841309
3 0.911719 0.538086 0.173438 0.232422 0.869629
0 0.6125 0.369141 0.0125 0.0390625 0.871582
1 0.6625 0.410156 0.09375 0.09375 0.879395
1 0.294531 0.375 0.0328125 0.03125 0.890625
1 0.440625 0.37207 0.04375 0.0410156 0.903809
1 0.246875 0.375977 0.06875 0.0722656 0.931641
1 0.396094 0.387695 0.0671875 0.0644531 0.937012
1 0.840625 0.473633 0.23125 0.177734 0.959473
