1 0.432031 0.347656 0.0078125 0.0078125 0.256592
4 0.526563 0.34082 0.015625 0.0292969 0.283447
1 0.407813 0.348633 0.009375 0.00976562 0.289062
1 0.399219 0.348633 0.0078125 0.00976562 0.354492
1 0.523438 0.348633 0.009375 0.00976562 0.398193
1 0.344531 0.353516 0.0078125 0.0117188 0.419189
1 0.382812 0.349609 0.009375 0.0117188 0.463867
5 0.526563 0.341797 0.015625 0.0273438 0.506836
1 0.389062 0.349609 0.009375 0.0117188 0.507812
1 0.503125 0.345703 0.0125 0.015625 0.676758
1 0.372656 0.349609 0.0109375 0.0117188 0.700195
1 0.304688 0.354492 0.025 0.0175781 0.75293
1 0.359375 0.351562 0.0125 0.0117188 0.759277
1 0.332812 0.352539 0.01875 0.0175781 0.821289
1 0.490625 0.351562 0.01875 0.0195312 0.852051
5 0.239063 0.347656 0.0625 0.0546875 0.87207
1 0.258594 0.362305 0.0265625 0.0214844 0.874512
1 0.541406 0.359375 0.0296875 0.03125 0.916504
1 0.615625 0.356445 0.05 0.0566406 0.917969
1 0.189844 0.369141 0.0390625 0.0273438 0.929199
1 0.727344 0.410156 0.176563 0.167969 0.967773
