0 0.273438 0.367188 0.00625 0.0195312 0.269043
1 0.392969 0.367188 0.0140625 0.0234375 0.332031
0 0.199219 0.379883 0.0140625 0.0253906 0.333984
0 0.0953125 0.37207 0.009375 0.0214844 0.351074
1 0.199219 0.378906 0.0203125 0.0273438 0.40918
0 0.104687 0.369141 0.0125 0.0234375 0.412598
1 0.374219 0.366211 0.0078125 0.0175781 0.456787
0 0.671875 0.363281 0.0125 0.015625 0.51416
0 0.0648438 0.392578 0.0140625 0.0429688 0.573242
1 0.557031 0.385742 0.0265625 0.0527344 0.581543
1 0.578125 0.384766 0.05 0.0703125 0.604004
1 0.53125 0.374023 0.025 0.0332031 0.665527
0 0.046875 0.393555 0.01875 0.0488281 0.675293
1 0.382031 0.367188 0.0109375 0.015625 0.680176
1 0.546875 0.380859 0.025 0.046875 0.714844
0 0.0273438 0.392578 0.0140625 0.0507812 0.717285
0 0.0804688 0.383789 0.0140625 0.0449219 0.737305
1 0.329688 0.367188 0.025 0.0273438 0.813477
1 0.354688 0.365234 0.028125 0.03125 0.853516
1 0.492188 0.366211 0.021875 0.0253906 0.86084
1 0.45 0.368164 0.04375 0.0292969 0.86084
1 0.607813 0.396484 0.071875 0.0859375 0.882324
1 0.410937 0.374023 0.04375 0.0410156 0.898438
1 0.678125 0.427734 0.121875 0.117188 0.959473
1 0.1375 0.416992 0.134375 0.119141 0.963379
