8 0.121875 0.408203 0.05 0.0195312 0.252686
8 0.355469 0.963867 0.0421875 0.0253906 0.340576
1 0.0140625 0.53125 0.028125 0.0546875 0.374512
0 0.0320312 0.504883 0.0140625 0.0371094 0.376709
1 0.504687 0.483398 0.021875 0.0214844 0.377441
8 0.103125 0.391602 0.021875 0.0175781 0.379639
1 0.474219 0.487305 0.0359375 0.0214844 0.388428
1 0.107813 0.533203 0.075 0.078125 0.429932
1 0.903906 0.458008 0.0546875 0.0292969 0.570801
8 0.119531 0.349609 0.0265625 0.0273438 0.696777
1 0.0484375 0.538086 0.059375 0.0761719 0.731934
1 0.385938 0.492188 0.046875 0.0234375 0.732422
1 0.170312 0.515625 0.05 0.0507812 0.760742
1 0.215625 0.514648 0.0625 0.0527344 0.821777
8 0.115625 0.311523 0.034375 0.0449219 0.887695
0 0.840625 0.491211 0.03125 0.0800781 0.889648
0 0.865625 0.510742 0.034375 0.0957031 0.901855
0 0.942969 0.509766 0.0453125 0.0976562 0.902832
1 0.713281 0.487305 0.0578125 0.0566406 0.91748
1 0.5625 0.498047 0.05 0.046875 0.92334
