1 0.41875 0.347656 0.00625 0.0078125 0.261963
1 0.410156 0.347656 0.0078125 0.0078125 0.266113
1 0.422656 0.345703 0.0078125 0.0078125 0.287354
1 0.396875 0.348633 0.009375 0.00976562 0.28833
4 0.530469 0.335938 0.0140625 0.0195312 0.348633
1 0.400781 0.348633 0.0109375 0.00976562 0.37207
8 0.530469 0.333984 0.0140625 0.0195312 0.379639
4 0.503125 0.344727 0.0125 0.0175781 0.387695
1 0.278906 0.357422 0.0140625 0.0195312 0.577148
1 0.524219 0.348633 0.0078125 0.00976562 0.58252
1 0.185937 0.366211 0.028125 0.0214844 0.584961
1 0.383594 0.350586 0.0171875 0.0136719 0.675781
1 0.503906 0.345703 0.0109375 0.015625 0.731445
5 0.164844 0.349609 0.0765625 0.0546875 0.755371
1 0.294531 0.356445 0.0234375 0.0214844 0.767578
1 0.361719 0.350586 0.0171875 0.0175781 0.779785
1 0.149219 0.367188 0.0515625 0.046875 0.838867
1 0.339063 0.352539 0.01875 0.0175781 0.851562
1 0.490625 0.349609 0.015625 0.0195312 0.857422
1 0.2375 0.361328 0.025 0.0234375 0.902832
1 0.542969 0.358398 0.0328125 0.0332031 0.917969
1 0.6125 0.355469 0.046875 0.0546875 0.92041
1 0.798437 0.433594 0.246875 0.21875 0.972656
