1 0.553906 0.452148 0.0140625 0.0136719 0.256836
8 0.871094 0.351562 0.0171875 0.0273438 0.282227
1 0.210938 0.476562 0.028125 0.03125 0.318115
6 0.782031 0.344727 0.0140625 0.0410156 0.401367
0 0.492969 0.452148 0.0078125 0.0253906 0.407227
8 0.317187 0.407227 0.025 0.0136719 0.408203
1 0.442969 0.451172 0.0140625 0.0195312 0.411621
1 0.425 0.451172 0.025 0.0273438 0.56543
8 0.542188 0.318359 0.015625 0.0195312 0.580566
1 0.347656 0.466797 0.0328125 0.03125 0.674316
0 0.190625 0.481445 0.01875 0.0683594 0.681152
1 0.521094 0.451172 0.0203125 0.0234375 0.800293
0 0.059375 0.484375 0.0125 0.0546875 0.812988
0 0.0484375 0.489258 0.015625 0.0605469 0.819336
8 0.315625 0.354492 0.01875 0.0253906 0.825684
1 0.145313 0.489258 0.071875 0.0488281 0.850098
1 0.658594 0.454102 0.0390625 0.0371094 0.858398
1 0.940625 0.547852 0.11875 0.333984 0.881348
0 0.460938 0.470703 0.01875 0.0507812 0.890137
1 0.75 0.5 0.09375 0.136719 0.901367
0 0.259375 0.479492 0.025 0.0839844 0.909668
0 0.233594 0.481445 0.0296875 0.0839844 0.924805
1 0.842188 0.516602 0.175 0.193359 0.947754
