1 0.575781 0.367188 0.0328125 0.0234375 0.299805
0 0.514063 0.367188 0.015625 0.03125 0.339355
1 0.500781 0.362305 0.0140625 0.0136719 0.401123
5 0.31875 0.373047 0.04375 0.046875 0.41626
1 0.514844 0.369141 0.0203125 0.0273438 0.421143
3 0.671094 0.426758 0.0734375 0.111328 0.454346
0 0.536719 0.369141 0.0109375 0.03125 0.461426
1 0.553906 0.370117 0.0203125 0.0253906 0.536133
0 0.2 0.37793 0.009375 0.0332031 0.537109
0 0.720312 0.359375 0.009375 0.03125 0.549805
0 0.185937 0.378906 0.009375 0.03125 0.553711
1 0.360156 0.374023 0.0140625 0.0214844 0.601074
1 0.442969 0.362305 0.0109375 0.0136719 0.609375
1 0.676562 0.427734 0.084375 0.113281 0.661133
1 0.48125 0.362305 0.0125 0.0136719 0.664062
1 0.0835937 0.395508 0.0484375 0.0410156 0.696777
8 0.926562 0.249023 0.015625 0.0644531 0.697754
1 0.35 0.375 0.01875 0.0234375 0.710449
0 0.703125 0.360352 0.015625 0.0332031 0.712402
1 0.382031 0.373047 0.0203125 0.03125 0.733887
0 0.685938 0.357422 0.01875 0.0429688 0.753906
1 0.467969 0.361328 0.0140625 0.015625 0.76416
0 0.249219 0.376953 0.0078125 0.0234375 0.79834
1 0.576563 0.387695 0.0375 0.0527344 0.798828
1 0.636719 0.400391 0.0859375 0.078125 0.82666
1 0.43125 0.375 0.025 0.0390625 0.82666
1 0.31875 0.373047 0.04375 0.046875 0.866211
1 0.404687 0.382812 0.05 0.0507812 0.911621
1 0.8 0.441406 0.215625 0.210938 0.92627
1 0.909375 0.547852 0.18125 0.388672 0.935059
