1 0.288281 0.457031 0.0171875 0.0234375 0.279785
8 0.23125 0.342773 0.01875 0.0214844 0.347412
1 0.585938 0.441406 0.015625 0.015625 0.360107
1 0.132812 0.478516 0.040625 0.0390625 0.378418
1 0.497656 0.445312 0.0265625 0.0234375 0.405029
6 0.328906 0.400391 0.0078125 0.0273438 0.424561
1 0.232031 0.478516 0.0640625 0.0664062 0.464844
1 0.399219 0.450195 0.0296875 0.0253906 0.529297
1 0.0882813 0.479492 0.0578125 0.0410156 0.654297
1 0.685156 0.447266 0.0484375 0.0429688 0.674805
1 0.957812 0.610352 0.084375 0.302734 0.689453
1 0.324219 0.457031 0.0359375 0.03125 0.778809
1 0.522656 0.443359 0.0203125 0.0195312 0.847168
1 0.267969 0.457031 0.0328125 0.03125 0.859863
0 0.571875 0.46875 0.01875 0.0703125 0.880371
8 0.228906 0.314453 0.0265625 0.0351562 0.899414
0 0.0421875 0.505859 0.04375 0.128906 0.915039
0 0.230469 0.514648 0.0390625 0.162109 0.915527
0 0.16875 0.521484 0.034375 0.171875 0.919434
0 0.871875 0.457031 0.025 0.09375 0.938965
