1 0.403906 0.347656 0.0078125 0.0078125 0.277588
1 0.392969 0.347656 0.0078125 0.0078125 0.376953
1 0.516406 0.344727 0.0109375 0.0175781 0.389893
1 0.282031 0.355469 0.0109375 0.0078125 0.399902
1 0.346875 0.350586 0.009375 0.00976562 0.427734
1 0.29375 0.354492 0.0125 0.00976562 0.428223
4 0.516406 0.344727 0.0109375 0.0175781 0.470703
1 0.364062 0.349609 0.009375 0.0117188 0.474854
8 0.8 0.311523 0.03125 0.0332031 0.539551
4 0.533594 0.338867 0.0171875 0.0253906 0.599609
1 0.504687 0.348633 0.009375 0.00976562 0.644043
1 0.317187 0.353516 0.015625 0.0117188 0.726562
1 0.260938 0.358398 0.021875 0.0136719 0.758301
1 0.485156 0.350586 0.0171875 0.0175781 0.842285
1 0.183594 0.363281 0.0296875 0.0195312 0.859863
1 0.0929687 0.370117 0.0515625 0.0292969 0.878906
1 0.590625 0.354492 0.040625 0.0449219 0.88623
1 0.539062 0.356445 0.028125 0.0292969 0.906738
