1 0.142188 0.40918 0.04375 0.0449219 0.250244
0 0.417969 0.382812 0.0109375 0.0351562 0.281494
8 0.7875 0.90332 0.01875 0.0214844 0.290283
0 0.0875 0.388672 0.009375 0.0195312 0.319824
1 0.221094 0.399414 0.0203125 0.0332031 0.371094
0 0.251563 0.393555 0.009375 0.0253906 0.399414
0 0.217969 0.397461 0.0109375 0.0371094 0.406982
0 0.203906 0.376953 0.0078125 0.0117188 0.427979
1 0.405469 0.380859 0.0265625 0.0390625 0.465576
1 0.444531 0.373047 0.0265625 0.0273438 0.50293
0 0.101562 0.386719 0.0125 0.0234375 0.506836
1 0.164844 0.40918 0.0359375 0.0449219 0.633301
1 0.566406 0.398438 0.0328125 0.0507812 0.633301
1 0.498437 0.385742 0.021875 0.0371094 0.645508
1 0.549219 0.383789 0.0265625 0.0410156 0.669922
1 0.196875 0.401367 0.040625 0.0410156 0.777344
1 0.520312 0.381836 0.025 0.0332031 0.826172
1 0.59375 0.40625 0.053125 0.0625 0.840332
1 0.380469 0.394531 0.0578125 0.0546875 0.910156
1 0.629687 0.417969 0.05625 0.0820312 0.911621
1 0.476562 0.395508 0.053125 0.0566406 0.92334
1 0.3125 0.423828 0.10625 0.0976562 0.95752
1 0.694531 0.436523 0.123438 0.119141 0.968262
