0 0.601562 0.365234 0.009375 0.0195312 0.258301
1 0.440625 0.364258 0.0125 0.0136719 0.312988
1 0.271875 0.384766 0.025 0.0273438 0.336426
1 0.502344 0.358398 0.0078125 0.00976562 0.35376
1 0.479688 0.361328 0.009375 0.0117188 0.483154
1 0.510156 0.361328 0.0109375 0.0117188 0.501465
1 0.257031 0.386719 0.0328125 0.03125 0.652344
1 0.314063 0.379883 0.028125 0.0292969 0.675781
1 0.492188 0.361328 0.0125 0.0117188 0.69043
1 0.332812 0.374023 0.021875 0.0253906 0.709961
1 0.295312 0.382812 0.028125 0.03125 0.776855
1 0.232031 0.387695 0.0390625 0.0371094 0.812988
1 0.525 0.371094 0.021875 0.0234375 0.820312
0 0.898438 0.37793 0.021875 0.0683594 0.836426
0 0.691406 0.37793 0.0171875 0.0488281 0.839355
0 0.865625 0.388672 0.01875 0.0976562 0.876465
1 0.45625 0.378906 0.04375 0.0429688 0.891602
0 0.667969 0.37207 0.0171875 0.0527344 0.916016
1 0.390625 0.395508 0.071875 0.0683594 0.947754
1 0.173438 0.413086 0.115625 0.103516 0.964355
1 0.898438 0.53418 0.2 0.275391 0.972656
