1 0.342187 0.375 0.015625 0.0234375 0.292725
6 0.353125 0.233398 0.01875 0.0253906 0.349609
2 0.707812 0.448242 0.096875 0.0996094 0.391846
1 0.169531 0.382812 0.0328125 0.0234375 0.400146
1 0.989844 0.595703 0.0203125 0.339844 0.417969
1 0.507812 0.369141 0.015625 0.0234375 0.438721
1 0.296875 0.374023 0.028125 0.0214844 0.518555
0 0.590625 0.374023 0.0125 0.0449219 0.54248
1 0.488281 0.370117 0.0140625 0.0253906 0.577637
6 0.450781 0.236328 0.0078125 0.0273438 0.600586
0 0.194531 0.378906 0.0109375 0.03125 0.674316
1 0.363281 0.367188 0.0234375 0.03125 0.687012
8 0.439063 0.236328 0.025 0.03125 0.692871
0 0.071875 0.392578 0.015625 0.0390625 0.741699
1 0.330469 0.375 0.0296875 0.0234375 0.741699
1 0.525 0.37207 0.0375 0.0292969 0.76416
1 0.0101562 0.436523 0.0203125 0.0996094 0.773926
0 0.646094 0.371094 0.0109375 0.0390625 0.789551
1 0.442187 0.365234 0.021875 0.0234375 0.791016
1 0.38125 0.371094 0.021875 0.03125 0.800781
3 0.708594 0.448242 0.0921875 0.0957031 0.803223
0 0.0585938 0.392578 0.0203125 0.046875 0.812012
0 0.617969 0.371094 0.0140625 0.046875 0.817871
3 0.892187 0.503906 0.190625 0.164062 0.842285
1 0.425 0.371094 0.025 0.0273438 0.861816
0 0.553906 0.370117 0.0140625 0.0410156 0.862793
8 0.353125 0.233398 0.01875 0.0253906 0.890625
1 0.471875 0.375 0.034375 0.0351562 0.902344
1 0.401563 0.379883 0.040625 0.0410156 0.904297
1 0.232031 0.396484 0.0890625 0.0820312 0.949707
