8 0.0585938 0.400391 0.0546875 0.0234375 0.299072
1 0.592969 0.478516 0.0140625 0.015625 0.35376
8 0.26875 0.466797 0.028125 0.0429688 0.355225
1 0.345313 0.498047 0.028125 0.03125 0.492188
1 0.224219 0.5 0.0390625 0.0390625 0.539062
1 0.200781 0.504883 0.0328125 0.0371094 0.602051
8 0.05625 0.305664 0.040625 0.0800781 0.759766
1 0.0945313 0.521484 0.0515625 0.0585938 0.836914
0 0.876562 0.493164 0.028125 0.0917969 0.854492
1 0.154687 0.521484 0.078125 0.0664062 0.900391
0 0.896875 0.516602 0.03125 0.107422 0.905273
1 0.571094 0.496094 0.0453125 0.046875 0.910156
1 0.726562 0.486328 0.059375 0.0585938 0.917969
