8 0.867188 0.291992 0.021875 0.0253906 0.396973
1 0.179688 0.492188 0.11875 0.0859375 0.411133
8 0.288281 0.398438 0.0140625 0.0234375 0.472168
6 0.267188 0.365234 0.015625 0.0195312 0.554199
6 0.626562 0.332031 0.009375 0.0273438 0.583008
1 0.310937 0.453125 0.040625 0.0273438 0.583984
1 0.126563 0.511719 0.065625 0.09375 0.647461
8 0.0890625 0.374023 0.0375 0.0644531 0.662598
1 0.059375 0.515625 0.11875 0.121094 0.671875
6 0.867188 0.291992 0.021875 0.0292969 0.714844
6 0.8125 0.296875 0.0125 0.0351562 0.72998
6 0.83125 0.289062 0.0125 0.0390625 0.79248
0 0.513281 0.464844 0.0109375 0.0390625 0.834473
1 0.40625 0.47168 0.05625 0.0449219 0.853516
0 0.600781 0.46582 0.0109375 0.0410156 0.875488
8 0.690625 0.342773 0.040625 0.0175781 0.876953
1 0.040625 0.658203 0.08125 0.285156 0.890625
1 0.480469 0.464844 0.0609375 0.0390625 0.900391
1 0.342969 0.513672 0.117188 0.117188 0.955566
1 0.257031 0.555664 0.192188 0.138672 0.97168
