1 0.388281 0.348633 0.0109375 0.00976562 0.258301
1 0.401563 0.34668 0.009375 0.00585938 0.309814
8 0.530469 0.333984 0.0140625 0.0195312 0.380371
4 0.529688 0.336914 0.015625 0.0214844 0.38208
4 0.503125 0.34375 0.0125 0.015625 0.410156
1 0.203125 0.363281 0.021875 0.0234375 0.506348
5 0.18125 0.348633 0.075 0.0488281 0.524414
1 0.523438 0.348633 0.009375 0.00976562 0.597656
1 0.382031 0.349609 0.0109375 0.0117188 0.619629
1 0.503125 0.344727 0.0125 0.0136719 0.704102
1 0.291406 0.355469 0.0203125 0.0195312 0.754883
1 0.365625 0.34668 0.015625 0.0175781 0.808105
1 0.303906 0.353516 0.0203125 0.0195312 0.838867
1 0.171094 0.362305 0.0515625 0.0410156 0.842773
1 0.490625 0.349609 0.015625 0.0195312 0.856934
1 0.342969 0.351562 0.0171875 0.015625 0.860352
1 0.249219 0.359375 0.0234375 0.0234375 0.880371
1 0.54375 0.356445 0.03125 0.0292969 0.908203
1 0.611719 0.353516 0.0484375 0.0507812 0.928711
1 0.792969 0.428711 0.242188 0.212891 0.983398
