0 0.142188 0.365234 0.009375 0.015625 0.268799
6 0.453125 0.258789 0.021875 0.0292969 0.274902
0 0.571875 0.369141 0.009375 0.0351562 0.3396
1 0.508594 0.365234 0.0140625 0.0234375 0.39502
1 0.341406 0.367188 0.0203125 0.0234375 0.403564
0 0.154687 0.374023 0.0125 0.0253906 0.435303
3 0.88125 0.503906 0.2125 0.183594 0.438232
0 0.592188 0.354492 0.009375 0.0214844 0.53418
1 0.450781 0.362305 0.0171875 0.0214844 0.614258
1 0.492969 0.365234 0.0171875 0.0273438 0.623535
1 0.324219 0.370117 0.0265625 0.0253906 0.674316
1 0.521094 0.366211 0.0265625 0.0253906 0.683594
8 0.388281 0.258789 0.0140625 0.0214844 0.691406
8 0.453906 0.259766 0.0234375 0.0273438 0.69873
3 0.83125 0.480469 0.14375 0.167969 0.70752
1 0.389844 0.359375 0.0171875 0.0195312 0.782715
0 0.542188 0.363281 0.009375 0.0351562 0.806152
1 0.433594 0.364258 0.0234375 0.0253906 0.824219
3 0.928125 0.537109 0.14375 0.199219 0.859863
1 0.474219 0.369141 0.0328125 0.0351562 0.875977
1 0.410937 0.373047 0.040625 0.0429688 0.889648
1 0.365625 0.368164 0.0375 0.0371094 0.905762
1 0.0257812 0.452148 0.0515625 0.138672 0.923828
1 0.111719 0.404297 0.101562 0.078125 0.929199
1 0.696875 0.414062 0.125 0.132812 0.939941
1 0.277344 0.380859 0.0765625 0.0703125 0.942871
1 0.786719 0.449219 0.182812 0.179688 0.954102
