0 0.0539063 0.385742 0.0140625 0.0410156 0.28125
6 0.379687 0.0654297 0.028125 0.0800781 0.314697
1 0.573438 0.348633 0.040625 0.0175781 0.357666
1 0.273438 0.355469 0.034375 0.0234375 0.422119
1 0.363281 0.351562 0.0140625 0.015625 0.437744
0 0.259375 0.352539 0.009375 0.0253906 0.452148
0 0.996094 0.381836 0.0078125 0.0683594 0.458496
0 0.0632813 0.383789 0.0140625 0.0410156 0.503418
1 0.466406 0.344727 0.0171875 0.0214844 0.551758
1 0.459375 0.345703 0.01875 0.0234375 0.575684
8 0.953125 0.240234 0.09375 0.0742188 0.625488
0 0.971875 0.400391 0.01875 0.0976562 0.693848
6 0.410937 0.0644531 0.025 0.078125 0.834961
1 0.485938 0.350586 0.028125 0.0332031 0.84082
6 0.357812 0.0683594 0.025 0.0742188 0.846191
1 0.147656 0.384766 0.0609375 0.0664062 0.865234
1 0.421094 0.355469 0.0328125 0.0390625 0.890625
1 0.3875 0.366211 0.059375 0.0644531 0.921875
1 0.339844 0.361328 0.0421875 0.0429688 0.935547
1 0.213281 0.382812 0.104687 0.101562 0.960449
1 0.55625 0.453125 0.21875 0.203125 0.975098
