8 0.826563 0.101562 0.065625 0.09375 0.259521
8 0.83125 0.245117 0.06875 0.0996094 0.415771
8 0.727344 0.395508 0.0140625 0.0332031 0.46582
6 0.726562 0.395508 0.015625 0.0332031 0.541016
1 0.369531 0.463867 0.0484375 0.0566406 0.5625
8 0.945312 0.0214844 0.065625 0.0429688 0.725098
0 0.424219 0.451172 0.0109375 0.015625 0.753418
1 0.399219 0.479492 0.0453125 0.0488281 0.865723
8 0.948438 0.115234 0.065625 0.09375 0.871094
1 0.433594 0.484375 0.0515625 0.0546875 0.876465
0 0.277344 0.459961 0.0109375 0.0410156 0.88623
1 0.204688 0.46582 0.046875 0.0410156 0.886719
1 0.473437 0.491211 0.065625 0.0722656 0.928223
1 0.544531 0.501953 0.135937 0.0898438 0.958496
1 0.117188 0.511719 0.153125 0.1875 0.960449
1 0.764063 0.525391 0.24375 0.171875 0.967285
