1 0.335156 0.367188 0.0203125 0.0234375 0.265137
1 0.502344 0.363281 0.0140625 0.0234375 0.364746
0 0.614844 0.363281 0.0078125 0.03125 0.414551
1 0.45 0.360352 0.01875 0.0214844 0.423096
0 0.573438 0.366211 0.009375 0.0371094 0.48291
1 0.75625 0.450195 0.0875 0.173828 0.526367
1 0.492969 0.364258 0.0140625 0.0253906 0.52832
0 0.152344 0.376953 0.0109375 0.03125 0.571289
1 0.5125 0.363281 0.01875 0.0234375 0.577637
1 0.522656 0.364258 0.0234375 0.0253906 0.57959
1 0.0335938 0.405273 0.0609375 0.0605469 0.586914
8 0.385938 0.255859 0.015625 0.0195312 0.649902
0 0.592188 0.354492 0.009375 0.0253906 0.659668
0 0.542188 0.362305 0.009375 0.0332031 0.699219
3 0.884375 0.509766 0.1875 0.171875 0.708496
8 0.452344 0.256836 0.0234375 0.0253906 0.728027
1 0.3875 0.357422 0.01875 0.0195312 0.743164
3 0.93125 0.546875 0.1375 0.21875 0.773926
0 0.1375 0.374023 0.0125 0.0332031 0.774902
1 0.319531 0.369141 0.0296875 0.0234375 0.790527
1 0.432813 0.363281 0.021875 0.0234375 0.830078
1 0.360938 0.367188 0.0375 0.0390625 0.893066
1 0.807813 0.452148 0.203125 0.189453 0.894043
1 0.473437 0.369141 0.034375 0.0351562 0.900391
1 0.410156 0.373047 0.0390625 0.0429688 0.901367
1 0.704687 0.413086 0.128125 0.138672 0.921875
1 0.0914062 0.408203 0.101562 0.0820312 0.94043
1 0.265625 0.381836 0.08125 0.0761719 0.942871
