8 0.8875 0.287109 0.05 0.0742188 0.304688
1 0.267969 0.394531 0.0171875 0.03125 0.388184
1 0.546875 0.393555 0.01875 0.0332031 0.410156
1 0.51875 0.382812 0.01875 0.0273438 0.463867
1 0.498437 0.387695 0.028125 0.0371094 0.555664
1 0.413281 0.378906 0.0203125 0.0273438 0.562012
1 0.251563 0.395508 0.028125 0.0332031 0.637207
1 0.232031 0.399414 0.0265625 0.0371094 0.759277
1 0.539844 0.384766 0.0265625 0.0390625 0.786621
1 0.442969 0.380859 0.0328125 0.0351562 0.794434
1 0.578125 0.40332 0.03125 0.0566406 0.808105
1 0.559375 0.398438 0.028125 0.046875 0.809082
1 0.0132813 0.431641 0.0265625 0.0859375 0.825195
0 0.963281 0.458008 0.0359375 0.189453 0.831055
0 0.939062 0.453125 0.034375 0.179688 0.84082
1 0.321875 0.383789 0.0375 0.0332031 0.841797
0 0.722656 0.418945 0.0296875 0.138672 0.879883
1 0.4 0.394531 0.0375 0.0507812 0.895508
1 0.479688 0.395508 0.046875 0.0488281 0.902344
1 0.1625 0.415039 0.121875 0.119141 0.908203
1 0.613281 0.40918 0.0703125 0.0644531 0.919434
1 0.363281 0.407227 0.0703125 0.0683594 0.931152
