1 0.0539063 0.5 0.107813 0.09375 0.320557
6 0.726562 0.401367 0.009375 0.0214844 0.323975
6 0.273438 0.368164 0.015625 0.0214844 0.371338
6 0.824219 0.297852 0.0140625 0.0410156 0.436279
1 0.141406 0.511719 0.0765625 0.078125 0.485107
6 0.80625 0.303711 0.0125 0.0332031 0.499512
1 0.307813 0.463867 0.05625 0.0410156 0.561035
1 0.1875 0.495117 0.11875 0.0839844 0.562012
6 0.3125 0.413086 0.0125 0.0410156 0.651855
0 0.6 0.469727 0.0125 0.0410156 0.765625
8 0.688281 0.347656 0.0390625 0.015625 0.789551
6 0.626562 0.337891 0.009375 0.0273438 0.8125
1 0.410156 0.474609 0.0515625 0.0429688 0.817383
0 0.515625 0.466797 0.009375 0.0351562 0.867676
1 0.0703125 0.65625 0.140625 0.378906 0.896973
1 0.482031 0.466797 0.0578125 0.0429688 0.907227
1 0.354688 0.512695 0.109375 0.111328 0.962891
1 0.278125 0.551758 0.171875 0.126953 0.968262
