1 0.516406 0.359375 0.0109375 0.0117188 0.349609
0 0.604688 0.365234 0.009375 0.0234375 0.398193
1 0.486719 0.361328 0.0109375 0.0117188 0.608887
1 0.279687 0.383789 0.034375 0.0292969 0.610352
1 0.499219 0.361328 0.0109375 0.0117188 0.691406
1 0.324219 0.378906 0.0265625 0.0273438 0.72168
1 0.307031 0.379883 0.0265625 0.0292969 0.737793
1 0.0296875 0.413086 0.059375 0.142578 0.801758
1 0.34375 0.375977 0.021875 0.0292969 0.827637
0 0.860156 0.360352 0.0234375 0.0410156 0.841309
1 0.532031 0.371094 0.0203125 0.0234375 0.864258
0 0.685156 0.374023 0.0171875 0.0449219 0.894043
1 0.460156 0.37793 0.0453125 0.0410156 0.902832
0 0.666406 0.371094 0.0171875 0.0507812 0.907227
1 0.395312 0.394531 0.071875 0.0703125 0.940918
1 0.227344 0.400391 0.0921875 0.0859375 0.944824
1 0.873438 0.492188 0.253125 0.21875 0.981934
