6 0.314844 0.389648 0.0109375 0.0136719 0.268311
8 0.696875 0.362305 0.01875 0.0253906 0.298096
0 0.489062 0.450195 0.00625 0.0253906 0.331543
1 0.438281 0.448242 0.0171875 0.0214844 0.498047
6 0.291406 0.302734 0.0140625 0.0273438 0.535645
0 0.161719 0.486328 0.0328125 0.0820312 0.699219
1 0.417188 0.449219 0.028125 0.03125 0.741699
1 0.51875 0.449219 0.021875 0.0234375 0.773926
8 0.915625 0.341797 0.01875 0.0351562 0.780762
0 0.0164062 0.487305 0.0140625 0.0605469 0.785645
1 0.329688 0.466797 0.040625 0.0351562 0.804199
0 0.028125 0.483398 0.015625 0.0566406 0.819336
8 0.298438 0.34668 0.021875 0.0253906 0.853516
1 0.0820312 0.492188 0.0828125 0.0546875 0.872559
1 0.660156 0.453125 0.0390625 0.0390625 0.876953
0 0.471875 0.469727 0.01875 0.0566406 0.87793
0 0.221875 0.484375 0.025 0.09375 0.890137
0 0.25 0.481445 0.03125 0.0957031 0.896484
1 0.895312 0.541992 0.209375 0.232422 0.930664
1 0.780469 0.509766 0.120312 0.160156 0.953125
