1 0.23125 0.475586 0.075 0.0644531 0.253906
6 0.329688 0.398438 0.00625 0.0234375 0.268311
8 0.232031 0.387695 0.0296875 0.0136719 0.273438
1 0.0375 0.483398 0.071875 0.0644531 0.291504
8 0.233594 0.342773 0.0171875 0.0214844 0.347168
1 0.135156 0.477539 0.0453125 0.0410156 0.361084
1 0.103125 0.479492 0.084375 0.0449219 0.410889
1 0.496094 0.445312 0.0234375 0.0234375 0.43335
8 0.700781 0.291992 0.0546875 0.0175781 0.509277
1 0.327344 0.457031 0.0390625 0.0351562 0.614258
1 0.954687 0.605469 0.090625 0.332031 0.748047
1 0.26875 0.457031 0.034375 0.03125 0.754883
1 0.522656 0.445312 0.0203125 0.0195312 0.826172
0 0.238281 0.514648 0.0484375 0.158203 0.870605
0 0.56875 0.469727 0.025 0.0683594 0.896484
8 0.230469 0.314453 0.0265625 0.03125 0.903809
0 0.172656 0.520508 0.0390625 0.169922 0.918945
0 0.046875 0.504883 0.046875 0.126953 0.923828
0 0.870313 0.457031 0.028125 0.09375 0.946289
