7 0.046875 0.412109 0.0125 0.0273438 0.261719
0 0.867188 0.397461 0.021875 0.0644531 0.271729
1 0.457812 0.360352 0.009375 0.00976562 0.279541
0 0.236719 0.375977 0.0078125 0.0214844 0.461914
0 0.7625 0.374023 0.015625 0.0527344 0.548828
1 0.447656 0.363281 0.0109375 0.0117188 0.57959
0 0.657031 0.359375 0.0109375 0.0273438 0.619629
1 0.485156 0.362305 0.0109375 0.0136719 0.621094
0 0.792188 0.381836 0.0125 0.0410156 0.62793
0 0.167969 0.37793 0.0078125 0.0332031 0.63916
1 0.339063 0.375977 0.028125 0.0253906 0.648926
1 0.0390625 0.391602 0.05 0.0371094 0.700684
3 0.711719 0.442383 0.117188 0.119141 0.709961
1 0.470313 0.361328 0.0125 0.015625 0.726074
1 0.502344 0.361328 0.0140625 0.015625 0.730469
1 0.623438 0.405273 0.05 0.0605469 0.741699
0 0.566406 0.373047 0.0140625 0.0351562 0.744629
0 0.680469 0.360352 0.0140625 0.0253906 0.746582
3 0.8 0.474609 0.1625 0.171875 0.754395
1 0.523438 0.371094 0.021875 0.0234375 0.767578
0 0.179688 0.376953 0.0125 0.0351562 0.776367
0 0.740625 0.359375 0.01875 0.046875 0.81543
1 0.600781 0.393555 0.0484375 0.0605469 0.825195
1 0.372656 0.375977 0.0296875 0.0371094 0.832031
0 0.54375 0.370117 0.01875 0.0371094 0.837402
1 0.685938 0.415039 0.115625 0.0917969 0.850586
1 0.430469 0.375977 0.0328125 0.0410156 0.861816
1 0.299219 0.374023 0.0515625 0.0527344 0.898926
1 0.923437 0.549805 0.153125 0.404297 0.91748
1 0.399219 0.388672 0.0578125 0.0546875 0.942383
