1 0.228125 0.390625 0.03125 0.0273438 0.410156
1 0.511719 0.366211 0.0140625 0.0214844 0.425293
1 0.291406 0.381836 0.0234375 0.0214844 0.428467
3 0.025 0.43457 0.046875 0.0761719 0.457764
1 0.448438 0.370117 0.025 0.0292969 0.591797
1 0.526563 0.369141 0.015625 0.0273438 0.59375
0 0.0710938 0.390625 0.0140625 0.0351562 0.625488
1 0.5 0.37207 0.015625 0.0332031 0.625977
1 0.5375 0.375977 0.01875 0.0332031 0.629883
6 0.264844 0.137695 0.0359375 0.0488281 0.664062
8 0.264844 0.138672 0.0359375 0.0507812 0.66748
3 0.266406 0.390625 0.0203125 0.0273438 0.682617
1 0.364062 0.380859 0.028125 0.0273438 0.690918
0 0.596875 0.375 0.01875 0.0625 0.740234
0 0.752344 0.37793 0.0140625 0.0605469 0.762695
1 0.559375 0.37793 0.04375 0.0371094 0.776855
1 0.427344 0.375 0.0265625 0.0390625 0.776855
0 0.671875 0.383789 0.01875 0.0761719 0.813965
6 0.407813 0.151367 0.015625 0.0488281 0.814941
6 0.441406 0.150391 0.0140625 0.0507812 0.819824
1 0.328125 0.380859 0.053125 0.0546875 0.868164
0 0.713281 0.374023 0.0171875 0.0683594 0.881836
1 0.484375 0.375 0.0375 0.0390625 0.888184
1 0.171875 0.397461 0.05625 0.0449219 0.90918
1 0.401563 0.382812 0.046875 0.046875 0.911621
