8 0.4375 0.425781 0.00625 0.0117188 0.344971
1 0.278125 0.46582 0.03125 0.0292969 0.445557
1 0.353125 0.467773 0.065625 0.0371094 0.764648
1 0.310937 0.466797 0.04375 0.0351562 0.789062
6 0.639063 0.292969 0.0125 0.0390625 0.805664
6 0.964063 0.211914 0.021875 0.0605469 0.830078
6 0.91875 0.232422 0.01875 0.0507812 0.83252
1 0.222656 0.467773 0.0703125 0.0644531 0.867676
0 0.601562 0.47168 0.015625 0.0566406 0.89502
1 0.903906 0.673828 0.192188 0.378906 0.912109
8 0.724219 0.308594 0.0546875 0.0234375 0.925781
1 0.446875 0.46875 0.08125 0.0546875 0.942871
1 0.096875 0.611328 0.19375 0.304688 0.976562
