4 0.504687 0.34668 0.0125 0.0175781 0.253174
1 0.423438 0.349609 0.009375 0.0078125 0.256836
1 0.528125 0.349609 0.0125 0.0117188 0.26001
8 0.575 0.333008 0.00625 0.00976562 0.340332
1 0.4 0.349609 0.0125 0.0117188 0.420654
4 0.533594 0.34082 0.0140625 0.0292969 0.570312
1 0.505469 0.34668 0.0109375 0.0136719 0.681641
1 0.28125 0.355469 0.034375 0.0273438 0.757324
1 0.379687 0.349609 0.0125 0.015625 0.758301
1 0.308594 0.357422 0.0265625 0.0195312 0.773926
1 0.328125 0.354492 0.0125 0.0136719 0.794434
1 0.491406 0.352539 0.0171875 0.0175781 0.816895
1 0.3625 0.352539 0.0125 0.0136719 0.82373
1 0.917188 0.485352 0.165625 0.333984 0.82959
1 0.54375 0.357422 0.03125 0.0273438 0.888184
1 0.194531 0.368164 0.0359375 0.0292969 0.914062
1 0.607813 0.354492 0.04375 0.0488281 0.916992
1 0.0273438 0.380859 0.0546875 0.0625 0.922363
