0 0.277344 0.374023 0.0109375 0.0292969 0.254883
0 0.942187 0.395508 0.021875 0.111328 0.28125
1 0.54375 0.371094 0.01875 0.0351562 0.305664
0 0.671094 0.367188 0.0109375 0.0390625 0.326904
1 0.415625 0.356445 0.01875 0.0214844 0.357422
0 0.992188 0.417969 0.015625 0.125 0.469482
1 0.5 0.369141 0.025 0.0390625 0.680664
1 0.179688 0.381836 0.040625 0.0722656 0.745605
1 0.51875 0.363281 0.01875 0.03125 0.74707
1 0.44375 0.364258 0.03125 0.0332031 0.748535
1 0.571094 0.379883 0.0265625 0.0488281 0.788086
1 0.5375 0.365234 0.025 0.0351562 0.794434
1 0.555469 0.375 0.0296875 0.0429688 0.800293
1 0.316406 0.364258 0.0453125 0.0292969 0.815918
0 0.952344 0.410156 0.0390625 0.148438 0.844727
0 0.874219 0.417969 0.0421875 0.15625 0.849121
0 0.690625 0.390625 0.028125 0.117188 0.867188
1 0.602344 0.386719 0.0640625 0.0625 0.874512
1 0.403906 0.374023 0.0390625 0.0488281 0.886719
1 0.225 0.386719 0.09375 0.09375 0.916016
1 0.482031 0.375 0.0453125 0.046875 0.921875
1 0.371875 0.383789 0.065625 0.0644531 0.928223
1 0.0570313 0.435547 0.114063 0.167969 0.953125
