1 0.459375 0.361328 0.0125 0.0195312 0.253174
1 0.442187 0.367188 0.015625 0.0273438 0.267334
3 0.15 0.416016 0.040625 0.0546875 0.301514
1 0.332812 0.369141 0.01875 0.0351562 0.314697
1 0.764844 0.972656 0.132812 0.0546875 0.32251
2 0.578125 0.380859 0.01875 0.0351562 0.328613
1 0.498437 0.365234 0.015625 0.0273438 0.335205
3 0.302344 0.381836 0.0171875 0.0253906 0.34082
1 0.527344 0.367188 0.0140625 0.0273438 0.376953
0 0.179688 0.379883 0.015625 0.0371094 0.423828
1 0.45 0.363281 0.021875 0.0234375 0.463867
1 0.311719 0.374023 0.0234375 0.0253906 0.484375
1 0.521875 0.363281 0.0125 0.0234375 0.507812
1 0.55 0.371094 0.040625 0.0351562 0.538574
1 0.534375 0.368164 0.021875 0.0292969 0.555664
1 0.378906 0.367188 0.0171875 0.0273438 0.603027
8 0.811719 0.233398 0.0453125 0.0214844 0.604492
0 0.120312 0.384766 0.015625 0.0351562 0.663086
6 0.302344 0.173828 0.0296875 0.0390625 0.677734
1 0.510938 0.361328 0.015625 0.0195312 0.688477
8 0.810938 0.21582 0.015625 0.0175781 0.695312
6 0.417969 0.181641 0.0109375 0.0429688 0.73584
6 0.444531 0.180664 0.0140625 0.0410156 0.78125
1 0.428906 0.369141 0.0234375 0.0351562 0.796387
0 0.578906 0.366211 0.0171875 0.0527344 0.809082
0 0.641406 0.373047 0.0171875 0.0625 0.816895
0 0.676562 0.367188 0.015625 0.0625 0.845703
1 0.353125 0.37207 0.04375 0.0449219 0.873535
0 0.710938 0.368164 0.015625 0.0566406 0.874512
8 0.302344 0.174805 0.0296875 0.0410156 0.899902
1 0.403906 0.376953 0.0453125 0.046875 0.916016
1 0.482031 0.370117 0.0359375 0.0371094 0.919922
1 0.203906 0.389648 0.0484375 0.0410156 0.927734
