6 0.81875 0.362305 0.0125 0.0371094 0.327881
6 0.796094 0.376953 0.0109375 0.0273438 0.3479
1 0.577344 0.458008 0.0203125 0.0136719 0.367188
1 0.178906 0.495117 0.0546875 0.0644531 0.391113
6 0.172656 0.385742 0.0171875 0.0332031 0.411865
1 0.290625 0.479492 0.03125 0.0371094 0.522949
1 0.263281 0.480469 0.0484375 0.046875 0.588867
1 0.100781 0.496094 0.0453125 0.0429688 0.607422
1 0.5 0.460938 0.021875 0.015625 0.677246
8 0.728906 0.286133 0.0640625 0.0214844 0.687012
1 0.325 0.474609 0.034375 0.0351562 0.697754
0 0.764063 0.489258 0.021875 0.0839844 0.769043
1 0.132812 0.495117 0.04375 0.0527344 0.831055
0 0.0164062 0.574219 0.0328125 0.242188 0.865234
0 0.823438 0.461914 0.025 0.0683594 0.877441
8 0.185156 0.311523 0.0296875 0.0371094 0.885742
0 0.0671875 0.543945 0.053125 0.185547 0.921875
1 0.700781 0.461914 0.0515625 0.0488281 0.927246
1 0.44375 0.481445 0.10625 0.0566406 0.944824
0 0.874219 0.479492 0.0234375 0.0800781 0.95166
