0 0.0671875 0.370117 0.009375 0.0253906 0.345703
1 0.55625 0.386719 0.025 0.046875 0.395996
1 0.453906 0.370117 0.0265625 0.0214844 0.415771
0 0.0734375 0.37207 0.0125 0.0292969 0.45874
1 0.39375 0.367188 0.0125 0.0234375 0.478271
8 0.0804688 0.291992 0.0109375 0.0214844 0.48877
0 0.694531 0.371094 0.0109375 0.0234375 0.550293
1 0.372656 0.368164 0.0109375 0.0214844 0.579102
0 0.0851562 0.373047 0.0109375 0.0351562 0.599609
0 0.183594 0.381836 0.0203125 0.0292969 0.60498
1 0.325 0.369141 0.025 0.0273438 0.606934
1 0.567969 0.392578 0.0328125 0.0585938 0.688477
1 0.539062 0.37793 0.028125 0.0371094 0.704102
1 0.472656 0.370117 0.0609375 0.0253906 0.731934
8 0.08125 0.318359 0.01875 0.0273438 0.739746
1 0.605469 0.391602 0.0703125 0.0839844 0.822754
1 0.350781 0.365234 0.0296875 0.03125 0.827148
0 0.119531 0.380859 0.0140625 0.0429688 0.876465
1 0.410937 0.376953 0.04375 0.0429688 0.878906
1 0.64375 0.40625 0.1 0.105469 0.928223
1 0.046875 0.445312 0.09375 0.167969 0.951172
1 0.74375 0.451172 0.165625 0.144531 0.971191
