1 0.239063 0.476562 0.084375 0.0585938 0.254883
1 0.58125 0.446289 0.0125 0.0136719 0.263672
6 0.213281 0.390625 0.0171875 0.03125 0.27417
8 0.239844 0.34668 0.0203125 0.0214844 0.288574
8 0.955469 0.15332 0.0890625 0.185547 0.460449
1 0.0984375 0.483398 0.053125 0.0410156 0.462891
1 0.273438 0.462891 0.034375 0.0390625 0.479492
1 0.0390625 0.495117 0.075 0.0605469 0.48999
1 0.498437 0.446289 0.028125 0.0253906 0.538574
8 0.696094 0.297852 0.0546875 0.0175781 0.725098
1 0.680469 0.449219 0.0453125 0.0429688 0.746094
1 0.141406 0.479492 0.0421875 0.0371094 0.769043
0 0.877344 0.44043 0.0203125 0.0566406 0.786133
1 0.521875 0.447266 0.021875 0.0195312 0.821777
0 0.552344 0.47168 0.0171875 0.0683594 0.839844
0 0.05625 0.505859 0.03125 0.117188 0.850098
8 0.2375 0.320312 0.025 0.03125 0.866699
0 0.8625 0.463867 0.025 0.0800781 0.878906
0 0.250781 0.512695 0.0421875 0.146484 0.880859
0 0.192188 0.520508 0.0375 0.154297 0.927246
1 0.935938 0.595703 0.128125 0.34375 0.944824
