8 0.530469 0.333008 0.0140625 0.0175781 0.263916
4 0.529688 0.337891 0.015625 0.0234375 0.309326
8 0.510938 0.34375 0.009375 0.015625 0.36084
1 0.395312 0.349609 0.009375 0.0117188 0.396729
1 0.438281 0.354492 0.0171875 0.0175781 0.422363
1 0.500781 0.347656 0.0109375 0.0117188 0.502441
1 0.358594 0.350586 0.0140625 0.0136719 0.537109
1 0.377344 0.349609 0.0140625 0.0117188 0.565918
1 0.324219 0.351562 0.0140625 0.0117188 0.731445
1 0.301562 0.350586 0.015625 0.0136719 0.773438
1 0.286719 0.355469 0.0171875 0.0117188 0.788086
1 0.536719 0.355469 0.0296875 0.03125 0.789062
1 0.482031 0.353516 0.0171875 0.0195312 0.796387
1 0.167187 0.368164 0.025 0.0214844 0.84668
1 0.590625 0.353516 0.040625 0.046875 0.892578
1 0.242969 0.363281 0.0390625 0.0234375 0.908203
1 0.121094 0.370117 0.0671875 0.0488281 0.921875
