8 0.604688 0.28418 0.009375 0.0136719 0.277344
0 0.4875 0.448242 0.00625 0.0253906 0.415039
1 0.071875 0.487305 0.08125 0.0527344 0.625977
8 0.683594 0.310547 0.0515625 0.0195312 0.683105
1 0.973437 0.611328 0.053125 0.273438 0.74707
0 0.102344 0.493164 0.0296875 0.0996094 0.763672
0 0.841406 0.448242 0.0203125 0.0488281 0.862793
8 0.261719 0.331055 0.0234375 0.0292969 0.87207
0 0.51875 0.466797 0.025 0.0664062 0.902344
0 0.246094 0.500977 0.0515625 0.119141 0.904297
1 0.671875 0.450195 0.04375 0.0410156 0.914062
0 0.210938 0.496094 0.046875 0.125 0.926758
1 0.896875 0.548828 0.20625 0.25 0.977051
