0 0.235156 0.355469 0.0078125 0.0234375 0.278809
0 0.359375 0.353516 0.00625 0.0195312 0.306641
0 0.592188 0.351562 0.009375 0.0234375 0.367188
1 0.417188 0.352539 0.028125 0.0253906 0.454346
1 0.521094 0.350586 0.0140625 0.0136719 0.496094
0 0.259375 0.356445 0.009375 0.0253906 0.49707
1 0.373437 0.354492 0.015625 0.0175781 0.513672
1 0.471875 0.350586 0.01875 0.0175781 0.527344
1 0.538281 0.350586 0.0203125 0.0214844 0.563965
1 0.496094 0.349609 0.0234375 0.0117188 0.592773
1 0.29375 0.349609 0.053125 0.0234375 0.610352
1 0.435156 0.351562 0.0140625 0.015625 0.672363
1 0.454688 0.352539 0.01875 0.0214844 0.693359
1 0.210938 0.370117 0.053125 0.0410156 0.715332
1 0.939062 0.56543 0.121875 0.388672 0.733398
6 0.403906 0.166992 0.0140625 0.0488281 0.8125
1 0.559375 0.369141 0.04375 0.0507812 0.81543
6 0.439063 0.166016 0.015625 0.0507812 0.833496
0 0.821875 0.390625 0.025 0.0859375 0.880371
0 0.789062 0.37207 0.01875 0.0761719 0.889648
0 0.767969 0.373047 0.0234375 0.0742188 0.897949
1 0.403125 0.368164 0.053125 0.0488281 0.931152
1 0.299219 0.405273 0.117188 0.103516 0.947754
1 0.5 0.414062 0.125 0.117188 0.971191
