1 0.41875 0.363281 0.01875 0.0273438 0.273682
1 0.191406 0.368164 0.0265625 0.0371094 0.310791
1 0.517969 0.369141 0.0203125 0.03125 0.472656
1 0.500781 0.374023 0.0171875 0.0371094 0.643555
1 0.5375 0.369141 0.025 0.0351562 0.689453
1 0.553125 0.379883 0.025 0.0410156 0.756836
1 0.571094 0.384766 0.0296875 0.0507812 0.771973
1 0.44375 0.367188 0.03125 0.03125 0.786133
0 0.865625 0.422852 0.0375 0.150391 0.799316
0 0.985937 0.416016 0.028125 0.121094 0.825195
1 0.407813 0.37793 0.034375 0.0488281 0.838867
1 0.317187 0.367188 0.053125 0.03125 0.879883
1 0.601562 0.391602 0.0625 0.0605469 0.887695
0 0.685156 0.397461 0.0265625 0.115234 0.890137
0 0.939062 0.414062 0.040625 0.148438 0.914062
1 0.48125 0.378906 0.04375 0.046875 0.916504
1 0.23125 0.388672 0.090625 0.0898438 0.928223
1 0.372656 0.387695 0.0640625 0.0644531 0.932617
1 0.065625 0.436523 0.13125 0.166016 0.949707
