1 0.515625 0.349609 0.009375 0.015625 0.268555
1 0.423438 0.351562 0.009375 0.0078125 0.360107
1 0.389062 0.354492 0.009375 0.00976562 0.457764
1 0.403125 0.352539 0.0125 0.00976562 0.568848
1 0.379687 0.353516 0.009375 0.0117188 0.617188
1 0.36875 0.354492 0.009375 0.00976562 0.637695
1 0.342187 0.352539 0.015625 0.0136719 0.665039
1 0.354688 0.354492 0.009375 0.00976562 0.678223
1 0.232031 0.360352 0.0171875 0.0175781 0.685059
1 0.307031 0.355469 0.0140625 0.0117188 0.712402
1 0.500781 0.352539 0.0109375 0.0136719 0.720703
1 0.4875 0.357422 0.015625 0.0195312 0.808105
1 0.214844 0.360352 0.0296875 0.0214844 0.822266
1 0.186719 0.366211 0.0234375 0.0175781 0.827148
1 0.275781 0.355469 0.0265625 0.0195312 0.845215
1 0.0328125 0.375 0.065625 0.0390625 0.903809
1 0.584375 0.358398 0.0375 0.0449219 0.907227
1 0.529688 0.360352 0.03125 0.0292969 0.928223
