1 0.415625 0.349609 0.00625 0.0078125 0.252197
1 0.303906 0.357422 0.0109375 0.015625 0.311279
4 0.504687 0.34668 0.0125 0.0175781 0.340088
1 0.283594 0.355469 0.0359375 0.0273438 0.383057
1 0.424219 0.349609 0.0109375 0.0078125 0.42041
8 0.574219 0.334961 0.0078125 0.00976562 0.479004
1 0.4 0.350586 0.0125 0.00976562 0.541992
5 0.284375 0.354492 0.034375 0.0292969 0.595215
1 0.38125 0.350586 0.0125 0.0136719 0.624023
4 0.534375 0.341797 0.015625 0.0273438 0.659668
1 0.504687 0.34668 0.0125 0.0136719 0.702148
1 0.364062 0.352539 0.0125 0.0136719 0.737305
1 0.914062 0.473633 0.16875 0.310547 0.767578
1 0.330469 0.356445 0.0140625 0.0136719 0.770996
1 0.314844 0.357422 0.0203125 0.015625 0.776855
1 0.491406 0.352539 0.0171875 0.0175781 0.809082
1 0.54375 0.358398 0.03125 0.0292969 0.883301
1 0.607813 0.355469 0.04375 0.046875 0.897949
1 0.204688 0.369141 0.034375 0.0273438 0.915039
1 0.0375 0.380859 0.075 0.0625 0.916504
