0 0.315625 0.348633 0.00625 0.0175781 0.270508
1 0.434375 0.344727 0.0125 0.0175781 0.271484
1 0.546875 0.345703 0.021875 0.0195312 0.271973
0 0.2875 0.353516 0.0125 0.0195312 0.307373
0 0.0742188 0.378906 0.0171875 0.0390625 0.324219
0 0.434375 0.345703 0.00625 0.0195312 0.37207
1 0.391406 0.339844 0.0203125 0.015625 0.376465
1 0.525 0.34668 0.01875 0.0175781 0.463867
6 0.392188 0.0849609 0.025 0.0761719 0.505859
0 0.00546875 0.376953 0.0109375 0.0507812 0.510254
1 0.4875 0.349609 0.028125 0.0273438 0.786621
6 0.36875 0.0869141 0.021875 0.0683594 0.819336
1 0.464063 0.344727 0.021875 0.0253906 0.820801
1 0.353125 0.357422 0.03125 0.0351562 0.827148
6 0.41875 0.0859375 0.025 0.0742188 0.837402
0 0.93125 0.389648 0.025 0.115234 0.86084
0 0.954687 0.390625 0.03125 0.117188 0.883789
1 0.417188 0.357422 0.0375 0.0390625 0.904297
1 0.159375 0.375977 0.06875 0.0605469 0.906738
1 0.373437 0.375977 0.06875 0.0683594 0.923828
1 0.229687 0.378906 0.1 0.09375 0.958984
1 0.530469 0.450195 0.201562 0.193359 0.970215
