1 0.571875 0.353516 0.040625 0.0273438 0.260498
0 0.2875 0.354492 0.0125 0.0175781 0.322998
0 0.0734375 0.378906 0.01875 0.0390625 0.326904
1 0.432813 0.34668 0.0125 0.0214844 0.386475
1 0.390625 0.34082 0.01875 0.0136719 0.388428
1 0.525 0.34668 0.01875 0.0175781 0.407227
6 0.392969 0.0859375 0.0265625 0.078125 0.454346
1 0.352344 0.357422 0.0296875 0.0351562 0.623535
1 0.4875 0.349609 0.028125 0.0273438 0.75
1 0.464844 0.34668 0.0234375 0.0253906 0.819336
6 0.36875 0.0888672 0.021875 0.0683594 0.82373
6 0.41875 0.0869141 0.025 0.0722656 0.838379
1 0.416406 0.357422 0.0359375 0.0390625 0.89209
0 0.929688 0.387695 0.025 0.107422 0.902832
0 0.953906 0.390625 0.0328125 0.113281 0.90332
1 0.160156 0.375977 0.0671875 0.0605469 0.905762
1 0.371875 0.375977 0.06875 0.0683594 0.924805
1 0.229687 0.378906 0.096875 0.09375 0.959961
1 0.530469 0.449219 0.201562 0.191406 0.970215
