1 0.589063 0.394531 0.040625 0.0429688 0.251465
1 0.102344 0.401367 0.0484375 0.0527344 0.397949
0 0.572656 0.371094 0.0109375 0.0351562 0.406006
3 0.73125 0.431641 0.1125 0.132812 0.511719
0 0.594531 0.362305 0.0078125 0.0253906 0.51416
1 0.501562 0.369141 0.015625 0.0234375 0.537109
0 0.590625 0.362305 0.009375 0.0253906 0.547363
0 0.174219 0.374023 0.0109375 0.0214844 0.547363
1 0.460156 0.364258 0.0203125 0.0214844 0.585938
1 0.525781 0.369141 0.0265625 0.0234375 0.630371
1 0.0117188 0.420898 0.0234375 0.0683594 0.715332
1 0.128906 0.393555 0.0421875 0.0371094 0.733887
0 0.545313 0.365234 0.009375 0.0273438 0.745605
1 0.0601562 0.415039 0.0671875 0.0527344 0.756836
1 0.442969 0.369141 0.0234375 0.0273438 0.815918
1 0.641406 0.402344 0.0703125 0.09375 0.862305
1 0.3125 0.375977 0.025 0.0332031 0.864258
1 0.392969 0.369141 0.0296875 0.03125 0.873535
1 0.697656 0.416992 0.110937 0.115234 0.875488
1 0.41875 0.376953 0.040625 0.0429688 0.894531
1 0.482812 0.375 0.034375 0.0351562 0.907715
1 0.342969 0.375977 0.0515625 0.0488281 0.936523
1 0.217969 0.402344 0.0953125 0.078125 0.954102
1 0.876562 0.529297 0.246875 0.253906 0.959473
