1 0.603125 0.446289 0.01875 0.0136719 0.258789
6 0.20625 0.364258 0.009375 0.0332031 0.331787
1 0.585938 0.447266 0.021875 0.0117188 0.425293
6 0.332812 0.410156 0.00625 0.0234375 0.436768
1 0.796094 0.450195 0.0578125 0.0683594 0.458008
1 0.110937 0.485352 0.05 0.0371094 0.460938
1 0.517969 0.450195 0.0296875 0.0175781 0.667969
1 0.239063 0.470703 0.040625 0.046875 0.755859
0 0.682031 0.475586 0.0203125 0.0761719 0.801758
0 0.0171875 0.545898 0.034375 0.216797 0.858398
8 0.196094 0.305664 0.0296875 0.0371094 0.868164
0 0.852344 0.448242 0.0296875 0.0644531 0.879883
1 0.698438 0.452148 0.05 0.0449219 0.895508
0 0.0679687 0.554688 0.0671875 0.210938 0.908691
0 0.889844 0.47168 0.0265625 0.0878906 0.916992
1 0.304688 0.476562 0.1 0.0585938 0.92334
