1 0.3 0.458008 0.028125 0.0292969 0.559082
6 0.635156 0.304688 0.0109375 0.0351562 0.777344
1 0.332031 0.459961 0.0421875 0.0332031 0.778809
6 0.907812 0.242188 0.021875 0.0507812 0.783203
1 0.925 0.717773 0.15 0.431641 0.791992
8 0.711719 0.318359 0.0484375 0.0195312 0.808594
6 0.873438 0.255859 0.015625 0.0429688 0.808594
1 0.253125 0.457031 0.06875 0.0546875 0.839844
8 0.966406 0.243164 0.0390625 0.0449219 0.848145
1 0.374219 0.461914 0.0640625 0.0332031 0.857422
0 0.600781 0.464844 0.0140625 0.0507812 0.909668
1 0.078125 0.634766 0.15625 0.261719 0.925293
1 0.459375 0.461914 0.075 0.0488281 0.948242
1 0.180469 0.544922 0.242188 0.199219 0.977539
