1 0.495313 0.357422 0.009375 0.0117188 0.263916
1 0.259375 0.383789 0.025 0.0292969 0.290283
1 0.40625 0.362305 0.028125 0.0175781 0.300781
0 0.561719 0.363281 0.0078125 0.0195312 0.348877
0 0.597656 0.365234 0.0078125 0.0273438 0.380859
1 0.472656 0.359375 0.0109375 0.0117188 0.464111
0 0.182031 0.373047 0.0078125 0.0195312 0.492188
1 0.43125 0.361328 0.01875 0.015625 0.505859
1 0.939062 0.572266 0.121875 0.328125 0.567383
1 0.483594 0.358398 0.0109375 0.0136719 0.595215
1 0.28125 0.380859 0.025 0.03125 0.630859
1 0.322656 0.374023 0.0203125 0.0292969 0.67627
1 0.240625 0.386719 0.03125 0.0351562 0.73584
1 0.302344 0.378906 0.0328125 0.03125 0.751953
1 0.519531 0.370117 0.0203125 0.0214844 0.854004
0 0.695312 0.376953 0.015625 0.0507812 0.874023
0 0.901563 0.390625 0.028125 0.109375 0.880371
1 0.203906 0.389648 0.0578125 0.0410156 0.891602
1 0.453125 0.37793 0.04375 0.0410156 0.904297
0 0.670313 0.371094 0.01875 0.0546875 0.913574
1 0.385938 0.393555 0.071875 0.0683594 0.942383
1 0.0984375 0.426758 0.15 0.126953 0.966309
