1 0.210938 0.469727 0.03125 0.0332031 0.253906
3 0.385938 0.460938 0.028125 0.0273438 0.303467
6 0.338281 0.320312 0.0109375 0.0273438 0.404785
8 0.338281 0.320312 0.0109375 0.0273438 0.491211
0 0.153906 0.469727 0.0140625 0.0449219 0.619629
1 0.960938 0.580078 0.078125 0.292969 0.655762
0 0.497656 0.444336 0.0078125 0.0253906 0.665039
1 0.176563 0.475586 0.05 0.0371094 0.669922
6 0.310937 0.300781 0.015625 0.0507812 0.67627
0 0.236719 0.47168 0.0203125 0.0644531 0.713379
8 0.344531 0.359375 0.0171875 0.0234375 0.745605
1 0.524219 0.442383 0.0203125 0.0214844 0.831055
0 0.254687 0.46875 0.021875 0.0703125 0.840332
0 0.276563 0.466797 0.025 0.0703125 0.87207
0 0.114063 0.479492 0.015625 0.0566406 0.873047
1 0.651563 0.445312 0.034375 0.0351562 0.880371
0 0.439063 0.458984 0.015625 0.0429688 0.884277
1 0.745313 0.482422 0.078125 0.132812 0.915039
1 0.698438 0.477539 0.05625 0.0996094 0.92627
1 0.878906 0.494141 0.235938 0.242188 0.960449
