1 0.325 0.345703 0.025 0.015625 0.290771
0 0.246875 0.364258 0.009375 0.0253906 0.328369
0 0.267969 0.361328 0.0078125 0.0234375 0.433838
1 0.134375 0.380859 0.05625 0.0429688 0.45459
0 0.239063 0.366211 0.009375 0.0332031 0.506836
1 0.411719 0.354492 0.0296875 0.0371094 0.556641
1 0.55625 0.368164 0.028125 0.0449219 0.595703
1 0.496875 0.360352 0.028125 0.0371094 0.680664
1 0.222656 0.368164 0.0359375 0.0332031 0.708008
1 0.446094 0.349609 0.0296875 0.03125 0.733887
1 0.520312 0.355469 0.021875 0.03125 0.740723
0 0.860937 0.433594 0.04375 0.210938 0.758301
1 0.545313 0.358398 0.028125 0.0410156 0.762695
1 0.578125 0.37793 0.0375 0.0566406 0.80127
1 0.188281 0.374023 0.0515625 0.0410156 0.816895
0 0.707812 0.365234 0.015625 0.0507812 0.825684
1 0.6 0.384766 0.04375 0.0664062 0.858398
1 0.388281 0.367188 0.0484375 0.0546875 0.904785
1 0.646094 0.396484 0.0921875 0.0898438 0.919922
1 0.478125 0.369141 0.05 0.0507812 0.935547
1 0.0539063 0.389648 0.107813 0.123047 0.941895
1 0.339063 0.385742 0.0875 0.0800781 0.953125
