1 0.884375 0.985352 0.05625 0.0292969 0.284912
1 0.372656 0.361328 0.0109375 0.0195312 0.46167
0 0.1625 0.376953 0.01875 0.03125 0.464355
1 0.465625 0.354492 0.0125 0.0136719 0.518066
1 0.364062 0.362305 0.0125 0.0214844 0.586426
0 0.0304688 0.375 0.0140625 0.046875 0.597168
0 0.264062 0.364258 0.00625 0.0214844 0.631836
0 0.0429688 0.374023 0.0109375 0.0371094 0.669434
1 0.31875 0.364258 0.01875 0.0214844 0.678711
1 0.425781 0.367188 0.0203125 0.0351562 0.680664
1 0.392188 0.362305 0.01875 0.0253906 0.706543
0 0.217969 0.363281 0.0078125 0.03125 0.709961
1 0.570312 0.380859 0.03125 0.0507812 0.727051
0 0.0554687 0.374023 0.0109375 0.0449219 0.729004
1 0.547656 0.374023 0.0296875 0.0449219 0.731934
1 0.5875 0.391602 0.040625 0.0722656 0.745605
0 0.00625 0.381836 0.0125 0.0449219 0.762207
1 0.445312 0.357422 0.021875 0.0195312 0.780762
1 0.342969 0.359375 0.0296875 0.0351562 0.785156
8 0.0398437 0.30957 0.0234375 0.0332031 0.861816
1 0.501562 0.363281 0.065625 0.0273438 0.865234
0 0.0851562 0.37793 0.0140625 0.0449219 0.881836
1 0.628906 0.392578 0.0671875 0.0976562 0.885742
1 0.408594 0.371094 0.0421875 0.0429688 0.90918
1 0.695312 0.415039 0.140625 0.142578 0.959473
1 0.85625 0.491211 0.253125 0.216797 0.959961
