4 0.51328125 0.29296875 0.2734375 0.51171875
6 0.7875 0.193359375 0.0125 0.0390625
6 0.73984375 0.30859375 0.0109375 0.02734375
6 0.7421875 0.3505859375 0.009375 0.025390625
6 0.2671875 0.314453125 0.0125 0.0390625
6 0.159375 0.2822265625 0.009375 0.029296875
8 0.23828125 0.3125 0.0234375 0.02734375
8 0.23828125 0.3388671875 0.0234375 0.017578125
8 0.29140625 0.330078125 0.0265625 0.03515625
0 0.77265625 0.4072265625 0.0109375 0.044921875
0 0.80703125 0.4072265625 0.0140625 0.048828125
1 0.04765625 0.40625 0.0953125 0.14453125
1 0.14296875 0.43359375 0.1203125 0.1171875
1 0.1828125 0.396484375 0.096875 0.13671875
1 0.6578125 0.431640625 0.059375 0.06640625
1 0.8703125 0.435546875 0.10625 0.125
1 0.934375 0.458984375 0.13125 0.15625
