0 0.98203125 0.5009765625 0.0359375 0.283203125
0 0.8640625 0.5048828125 0.10625 0.259765625
0 0.75546875 0.4970703125 0.0796875 0.271484375
0 0.5703125 0.478515625 0.0375 0.1640625
0 0.6 0.47265625 0.028125 0.1171875
0 0.5453125 0.4775390625 0.028125 0.107421875
0 0.5125 0.46875 0.0125 0.046875
0 0.51796875 0.462890625 0.0109375 0.05078125
0 0.5265625 0.4638671875 0.009375 0.033203125
0 0.49609375 0.46484375 0.0109375 0.0546875
0 0.4765625 0.466796875 0.015625 0.05859375
0 0.45234375 0.4638671875 0.0078125 0.021484375
1 0.35703125 0.4755859375 0.0484375 0.048828125
1 0.371875 0.4638671875 0.040625 0.048828125
1 0.4265625 0.470703125 0.034375 0.03515625
1 0.4015625 0.458984375 0.021875 0.0234375
