0 0.734375 0.5224609375 0.0375 0.181640625
0 0.8171875 0.5185546875 0.040625 0.162109375
0 0.484375 0.455078125 0.009375 0.02734375
0 0.47109375 0.453125 0.0078125 0.02734375
0 0.4015625 0.455078125 0.00625 0.02734375
2 0.2515625 0.509765625 0.03125 0.0625
2 0.290625 0.5048828125 0.034375 0.064453125
1 0.92890625 0.544921875 0.1421875 0.234375
1 0.81484375 0.5009765625 0.1390625 0.099609375
1 0.6765625 0.4794921875 0.05 0.087890625
1 0.62578125 0.4765625 0.0515625 0.0703125
1 0.603125 0.455078125 0.0375 0.046875
1 0.58359375 0.45703125 0.0265625 0.04296875
1 0.5625 0.455078125 0.028125 0.03125
1 0.540625 0.4541015625 0.01875 0.029296875
1 0.43984375 0.4560546875 0.0265625 0.021484375
1 0.45390625 0.4501953125 0.0078125 0.009765625
1 0.42265625 0.4482421875 0.0109375 0.017578125
1 0.41640625 0.4501953125 0.0078125 0.013671875
1 0.409375 0.4501953125 0.009375 0.013671875
1 0.40078125 0.453125 0.0171875 0.01953125
1 0.38359375 0.455078125 0.0296875 0.02734375
1 0.3625 0.4619140625 0.015625 0.029296875
1 0.353125 0.462890625 0.01875 0.03515625
1 0.32890625 0.4619140625 0.0453125 0.048828125
1 0.321875 0.470703125 0.034375 0.04296875
1 0.20390625 0.4912109375 0.1078125 0.080078125
1 0.2578125 0.4755859375 0.059375 0.072265625
1 0.0703125 0.51171875 0.13125 0.13671875
1 0.0265625 0.529296875 0.053125 0.12109375
1 0.52109375 0.453125 0.0140625 0.02734375
1 0.4609375 0.451171875 0.00625 0.0078125
11 0.38828125 0.4677734375 0.0109375 0.021484375
