6 0.56171875 0.466796875 0.0109375 0.04296875
6 0.2421875 0.47265625 0.0125 0.046875
6 0.5578125 0.5693359375 0.00625 0.021484375
8 0.2265625 0.515625 0.025 0.03515625
0 0.04453125 0.599609375 0.0421875 0.1484375
0 0.07421875 0.61328125 0.0421875 0.140625
0 0.1359375 0.609375 0.021875 0.09765625
0 0.19453125 0.58984375 0.0203125 0.0703125
0 0.23984375 0.5693359375 0.0078125 0.029296875
0 0.25078125 0.5703125 0.0109375 0.02734375
0 0.21484375 0.576171875 0.0109375 0.03515625
0 0.26640625 0.5712890625 0.0171875 0.029296875
0 0.29296875 0.572265625 0.0109375 0.02734375
0 0.31171875 0.572265625 0.0078125 0.03515625
0 0.33125 0.572265625 0.009375 0.03125
0 0.3421875 0.5732421875 0.009375 0.037109375
0 0.3046875 0.5703125 0.00625 0.02734375
0 0.365625 0.564453125 0.009375 0.01171875
0 0.37578125 0.5615234375 0.0078125 0.017578125
0 0.3953125 0.5654296875 0.00625 0.025390625
0 0.40703125 0.5654296875 0.0046875 0.021484375
0 0.4140625 0.560546875 0.00625 0.01953125
0 0.7390625 0.6103515625 0.01875 0.072265625
0 0.7125 0.6083984375 0.01875 0.076171875
0 0.6953125 0.5966796875 0.015625 0.052734375
0 0.66171875 0.5927734375 0.0140625 0.048828125
0 0.64375 0.5859375 0.0125 0.0390625
0 0.62109375 0.5791015625 0.0140625 0.041015625
0 0.596875 0.572265625 0.00625 0.02734375
0 0.603125 0.572265625 0.009375 0.0234375
0 0.5765625 0.5654296875 0.009375 0.025390625
0 0.540625 0.5615234375 0.00625 0.017578125
1 0.5265625 0.5576171875 0.009375 0.009765625
1 0.515625 0.5625 0.0125 0.015625
1 0.50234375 0.5625 0.0203125 0.01953125
1 0.4890625 0.568359375 0.021875 0.0234375
1 0.47578125 0.564453125 0.0171875 0.01953125
1 0.46015625 0.5625 0.0171875 0.01953125
1 0.44765625 0.5673828125 0.0265625 0.029296875
1 0.43203125 0.572265625 0.0359375 0.02734375
1 0.37265625 0.5966796875 0.0578125 0.056640625
1 0.44765625 0.6435546875 0.1234375 0.126953125
1 0.25703125 0.6396484375 0.1453125 0.115234375
