8 0.26484375 0.416015625 0.0140625 0.015625
8 0.5 0.3955078125 0.021875 0.037109375
8 0.68828125 0.4970703125 0.0078125 0.013671875
0 0.21875 0.494140625 0.021875 0.078125
0 0.41015625 0.4912109375 0.0140625 0.048828125
2 0.4359375 0.5078125 0.021875 0.04296875
1 0.540625 0.4931640625 0.0625 0.033203125
1 0.57734375 0.4921875 0.0265625 0.03515625
1 0.60390625 0.4912109375 0.0390625 0.033203125
1 0.65078125 0.4931640625 0.0328125 0.033203125
1 0.696875 0.4912109375 0.071875 0.041015625
1 0.74140625 0.51171875 0.0859375 0.078125
1 0.82890625 0.5390625 0.2265625 0.16015625
1 0.9328125 0.5458984375 0.134375 0.169921875
11 0.64921875 0.4775390625 0.0796875 0.037109375
8 0.49609375 0.4990234375 0.0078125 0.017578125
