6 0.70546875 0.369140625 0.0171875 0.0625
6 0.696875 0.4326171875 0.021875 0.021484375
6 0.034375 0.3623046875 0.015625 0.056640625
6 0.03671875 0.4189453125 0.0171875 0.021484375
6 0.38671875 0.44921875 0.0046875 0.015625
6 0.58515625 0.4541015625 0.0046875 0.013671875
8 0.70625 0.4111328125 0.04375 0.021484375
8 0.03671875 0.3994140625 0.0421875 0.017578125
0 0.93828125 0.513671875 0.0265625 0.09375
0 0.04296875 0.525390625 0.0484375 0.12109375
0 0.08203125 0.5244140625 0.0203125 0.107421875
0 0.06875 0.5244140625 0.01875 0.115234375
0 0.203125 0.5185546875 0.05 0.111328125
0 0.66953125 0.4873046875 0.0140625 0.021484375
0 0.6328125 0.4912109375 0.009375 0.025390625
0 0.64609375 0.4912109375 0.0171875 0.021484375
0 0.7046875 0.4833984375 0.015625 0.037109375
0 0.290625 0.4853515625 0.009375 0.025390625
0 0.33671875 0.482421875 0.0109375 0.015625
0 0.371875 0.482421875 0.009375 0.01953125
0 0.39609375 0.4853515625 0.0078125 0.021484375
0 0.4078125 0.4853515625 0.00625 0.013671875
0 0.421875 0.48828125 0.00625 0.01953125
0 0.41640625 0.4873046875 0.0046875 0.021484375
1 0.5578125 0.4970703125 0.028125 0.033203125
1 0.51484375 0.4990234375 0.0203125 0.025390625
1 0.528125 0.4951171875 0.0125 0.017578125
1 0.53359375 0.4912109375 0.0171875 0.021484375
7 0.5828125 0.50390625 0.00625 0.01953125
