6 0.4015625 0.376953125 0.009375 0.0234375
6 0.284375 0.34765625 0.0125 0.03125
6 0.39375 0.41796875 0.003125 0.0078125
0 0.46875 0.470703125 0.0125 0.04296875
1 0.61484375 0.482421875 0.1015625 0.09765625
1 0.13359375 0.525390625 0.2578125 0.2265625
1 0.01640625 0.5029296875 0.0328125 0.095703125
1 0.29453125 0.4755859375 0.0265625 0.021484375
1 0.30546875 0.4716796875 0.0203125 0.021484375
1 0.33984375 0.46484375 0.0171875 0.015625
1 0.3625 0.4619140625 0.015625 0.013671875
1 0.38828125 0.45703125 0.0109375 0.01171875
1 0.4328125 0.455078125 0.0125 0.01171875
