0 0.421875 0.4765625 0.015625 0.0546875
0 0.53984375 0.4453125 0.0078125 0.02734375
0 0.534375 0.4462890625 0.009375 0.033203125
0 0.52890625 0.447265625 0.0078125 0.03125
2 0.02578125 0.48828125 0.0421875 0.04296875
2 0.50703125 0.4423828125 0.0046875 0.009765625
1 0.234375 0.521484375 0.15 0.15234375
1 0.321875 0.5107421875 0.04375 0.080078125
1 0.34609375 0.5 0.0546875 0.06640625
1 0.37265625 0.4853515625 0.0453125 0.052734375
1 0.390625 0.4736328125 0.05 0.064453125
1 0.425 0.4677734375 0.028125 0.041015625
1 0.43515625 0.4580078125 0.0390625 0.041015625
1 0.45390625 0.453125 0.0234375 0.03125
1 0.46484375 0.44921875 0.0234375 0.03125
1 0.478125 0.4462890625 0.015625 0.021484375
1 0.4875 0.4423828125 0.0125 0.017578125
1 0.49609375 0.439453125 0.0109375 0.015625
1 0.50078125 0.435546875 0.0078125 0.01171875
1 0.5078125 0.43359375 0.009375 0.01171875
1 0.95703125 0.4736328125 0.0859375 0.095703125
1 0.7890625 0.5888671875 0.209375 0.169921875
1 0.65625 0.51171875 0.0875 0.0859375
1 0.62265625 0.490234375 0.0640625 0.0625
1 0.6 0.4814453125 0.034375 0.048828125
1 0.5984375 0.4716796875 0.053125 0.052734375
1 0.58125 0.4609375 0.0375 0.04296875
1 0.56796875 0.453125 0.0234375 0.03515625
1 0.55703125 0.4462890625 0.0203125 0.029296875
1 0.54375 0.4404296875 0.0125 0.017578125
1 0.53515625 0.4345703125 0.0140625 0.013671875
1 0.296875 0.4453125 0.028125 0.01953125
1 0.31328125 0.4453125 0.0265625 0.015625
1 0.33984375 0.4443359375 0.0296875 0.017578125
1 0.36328125 0.4423828125 0.0203125 0.017578125
1 0.9640625 0.86328125 0.071875 0.2734375
1 0.01796875 0.658203125 0.0359375 0.20703125
