8 0.9671875 0.439453125 0.040625 0.05078125
8 0.96953125 0.4765625 0.0453125 0.0234375
8 0.97109375 0.3984375 0.0453125 0.02734375
8 0.96953125 0.3564453125 0.0453125 0.056640625
0 0.9671875 0.5791015625 0.03125 0.103515625
0 0.87734375 0.5439453125 0.0140625 0.025390625
0 0.865625 0.5478515625 0.009375 0.021484375
0 0.8875 0.544921875 0.00625 0.0234375
0 0.6875 0.54296875 0.0125 0.03125
0 0.33046875 0.5400390625 0.0078125 0.021484375
0 0.3015625 0.5390625 0.009375 0.0234375
0 0.27265625 0.5498046875 0.0171875 0.041015625
0 0.1578125 0.548828125 0.0125 0.046875
0 0.04296875 0.5830078125 0.0203125 0.111328125
0 0.02734375 0.5810546875 0.0203125 0.107421875
0 0.790625 0.5380859375 0.0125 0.017578125
0 0.775 0.533203125 0.009375 0.01953125
1 0.4984375 0.5458984375 0.01875 0.029296875
1 0.484375 0.55078125 0.015625 0.03515625
1 0.47421875 0.5517578125 0.0171875 0.041015625
1 0.44140625 0.5537109375 0.0515625 0.072265625
1 0.38984375 0.578125 0.0953125 0.0859375
1 0.3359375 0.560546875 0.03125 0.03515625
1 0.18515625 0.662109375 0.2828125 0.2265625
1 0.63984375 0.576171875 0.0765625 0.0859375
1 0.5515625 0.611328125 0.14375 0.16015625
1 0.7296875 0.572265625 0.075 0.08203125
1 0.76015625 0.5810546875 0.0828125 0.091796875
1 0.85078125 0.65625 0.2421875 0.21484375
