0 0.03125 0.4345703125 0.05 0.162109375
0 0.09609375 0.4560546875 0.0546875 0.205078125
0 0.1765625 0.4306640625 0.034375 0.107421875
0 0.2078125 0.41015625 0.025 0.1015625
0 0.89296875 0.466796875 0.0359375 0.203125
0 0.796875 0.46484375 0.04375 0.21484375
0 0.865625 0.4658203125 0.046875 0.216796875
0 0.828125 0.4736328125 0.053125 0.208984375
0 0.32890625 0.4384765625 0.0703125 0.080078125
0 0.4203125 0.4462890625 0.065625 0.076171875
0 0.22890625 0.4619140625 0.0421875 0.193359375
0 0.140625 0.4013671875 0.015625 0.060546875
0 0.37265625 0.4345703125 0.0234375 0.087890625
2 0.3796875 0.509765625 0.31875 0.4296875
2 0.9484375 0.45703125 0.103125 0.16015625
1 0.74375 0.423828125 0.08125 0.10546875
1 0.696875 0.4140625 0.040625 0.0859375
1 0.5984375 0.4755859375 0.165625 0.216796875
