5 0.5359375 0.4697265625 0.046875 0.076171875
5 0.6453125 0.478515625 0.09375 0.13671875
1 0.565625 0.4921875 0.01875 0.02734375
1 0.575 0.4951171875 0.01875 0.029296875
1 0.5921875 0.4990234375 0.028125 0.033203125
1 0.50234375 0.4921875 0.0171875 0.0234375
1 0.48203125 0.509765625 0.0203125 0.04296875
1 0.46171875 0.517578125 0.0453125 0.0625
1 0.44453125 0.5234375 0.0453125 0.06640625
1 0.39453125 0.5439453125 0.1046875 0.107421875
1 0.196875 0.595703125 0.18125 0.1875
1 0.10390625 0.662109375 0.2078125 0.28515625
1 0.546875 0.5986328125 0.171875 0.181640625
1 0.646875 0.521484375 0.028125 0.06640625
1 0.69453125 0.5185546875 0.0890625 0.091796875
