4 0.871875 0.4931640625 0.25625 0.533203125
4 0.7171875 0.4462890625 0.04375 0.060546875
6 0.0453125 0.4052734375 0.05 0.064453125
6 0.58125 0.412109375 0.00625 0.015625
6 0.646875 0.40625 0.003125 0.0078125
6 0.54453125 0.4169921875 0.0046875 0.013671875
6 0.69453125 0.40234375 0.0046875 0.01171875
6 0.68671875 0.40625 0.0046875 0.01171875
8 0.4140625 0.4384765625 0.015625 0.017578125
8 0.6234375 0.4091796875 0.015625 0.005859375
8 0.61875 0.40234375 0.015625 0.0078125
0 0.13828125 0.51953125 0.0203125 0.078125
0 0.19765625 0.5517578125 0.0484375 0.091796875
0 0.22578125 0.5458984375 0.0546875 0.087890625
0 0.353125 0.5185546875 0.021875 0.056640625
0 0.3359375 0.50390625 0.021875 0.0703125
0 0.33515625 0.513671875 0.0203125 0.06640625
0 0.24140625 0.482421875 0.0078125 0.015625
0 0.24765625 0.484375 0.0078125 0.015625
3 0.60625 0.4990234375 0.040625 0.060546875
1 0.484375 0.5732421875 0.178125 0.197265625
1 0.22421875 0.5244140625 0.1015625 0.068359375
1 0.64609375 0.4541015625 0.0265625 0.033203125
1 0.66171875 0.455078125 0.0140625 0.0234375
1 0.65859375 0.4345703125 0.0171875 0.017578125
1 0.625 0.451171875 0.021875 0.01953125
1 0.55078125 0.4560546875 0.0328125 0.017578125
1 0.51015625 0.4580078125 0.0359375 0.021484375
1 0.40390625 0.482421875 0.0265625 0.0390625
1 0.6859375 0.4453125 0.021875 0.04296875
