6 0.6859375 0.2841796875 0.04375 0.048828125
6 0.73671875 0.3798828125 0.0109375 0.017578125
6 0.7296875 0.326171875 0.009375 0.03515625
6 0.56171875 0.3505859375 0.0109375 0.041015625
6 0.559375 0.3896484375 0.0125 0.013671875
6 0.09140625 0.369140625 0.0140625 0.04296875
8 0.68203125 0.1767578125 0.0390625 0.083984375
8 0.77265625 0.3671875 0.0265625 0.0078125
8 0.696875 0.2373046875 0.028125 0.041015625
0 0.64296875 0.46875 0.0515625 0.22265625
0 0.43671875 0.4912109375 0.0859375 0.185546875
0 0.86015625 0.4619140625 0.0359375 0.197265625
0 0.66953125 0.47265625 0.0421875 0.1953125
0 0.6890625 0.4423828125 0.040625 0.134765625
0 0.28515625 0.4619140625 0.0109375 0.044921875
1 0.8453125 0.4580078125 0.05 0.068359375
1 0.3796875 0.4580078125 0.034375 0.037109375
1 0.5015625 0.4599609375 0.040625 0.041015625
1 0.2453125 0.4697265625 0.059375 0.052734375
7 0.55 0.466796875 0.009375 0.0390625
