8 0.42734375 0.451171875 0.0078125 0.015625
8 0.45625 0.4658203125 0.00625 0.005859375
8 0.90859375 0.44140625 0.0171875 0.0234375
8 0.909375 0.4169921875 0.01875 0.025390625
0 0.3546875 0.486328125 0.009375 0.01953125
0 0.50625 0.4912109375 0.009375 0.044921875
0 0.49375 0.4931640625 0.009375 0.037109375
0 0.58046875 0.505859375 0.0203125 0.0703125
0 0.62578125 0.5 0.0234375 0.0859375
1 0.0296875 0.474609375 0.059375 0.04296875
1 0.125 0.5400390625 0.25 0.146484375
1 0.26953125 0.5361328125 0.1609375 0.119140625
1 0.25625 0.4765625 0.109375 0.0390625
1 0.3890625 0.486328125 0.034375 0.02734375
1 0.44140625 0.4931640625 0.0859375 0.041015625
