0 0.409375 0.4306640625 0.01875 0.060546875
0 0.5765625 0.443359375 0.021875 0.07421875
0 0.553125 0.44140625 0.021875 0.07421875
1 0.08203125 0.4267578125 0.0796875 0.091796875
1 0.13203125 0.423828125 0.0578125 0.07421875
1 0.18984375 0.41796875 0.0578125 0.0546875
1 0.20703125 0.4375 0.0609375 0.05859375
1 0.2765625 0.447265625 0.115625 0.09375
1 0.2296875 0.41015625 0.053125 0.0390625
1 0.36484375 0.439453125 0.0734375 0.0625
1 0.38671875 0.43359375 0.0453125 0.05859375
1 0.4203125 0.4306640625 0.015625 0.048828125
1 0.43203125 0.427734375 0.0234375 0.0390625
1 0.44609375 0.42578125 0.0171875 0.03515625
1 0.45546875 0.423828125 0.0140625 0.03125
1 0.4640625 0.423828125 0.009375 0.02734375
1 0.46484375 0.4208984375 0.0234375 0.033203125
1 0.47890625 0.421875 0.0109375 0.02734375
1 0.48984375 0.4189453125 0.0109375 0.021484375
1 0.49765625 0.4189453125 0.0109375 0.017578125
1 0.5046875 0.4169921875 0.00625 0.013671875
1 0.51015625 0.416015625 0.0109375 0.015625
1 0.63671875 0.4501953125 0.0796875 0.095703125
1 0.59921875 0.4326171875 0.0234375 0.052734375
1 0.11953125 0.388671875 0.0921875 0.04296875
