8 0.3515625 0.4599609375 0.015625 0.017578125
8 0.37109375 0.4599609375 0.0140625 0.017578125
8 0.59453125 0.4130859375 0.0796875 0.021484375
8 0.465625 0.4033203125 0.04375 0.009765625
1 0.6140625 0.51953125 0.065625 0.0625
1 0.03203125 0.525390625 0.0640625 0.06640625
1 0.25546875 0.4970703125 0.0296875 0.029296875
1 0.23125 0.5 0.028125 0.03125
1 0.2125 0.50390625 0.028125 0.0390625
1 0.1828125 0.509765625 0.05625 0.046875
1 0.36484375 0.4873046875 0.0265625 0.021484375
1 0.38671875 0.515625 0.0515625 0.05859375
1 0.47578125 0.591796875 0.1796875 0.22265625
1 0.55859375 0.4970703125 0.0328125 0.037109375
1 0.32421875 0.4873046875 0.0140625 0.013671875
1 0.6015625 0.490234375 0.04375 0.0390625
