6 0.703125 0.3994140625 0.009375 0.033203125
6 0.30859375 0.408203125 0.0078125 0.01953125
6 0.3484375 0.35546875 0.00625 0.01953125
6 0.35390625 0.361328125 0.0046875 0.015625
6 0.415625 0.412109375 0.00625 0.01953125
6 0.36171875 0.4111328125 0.0046875 0.013671875
6 0.4671875 0.3515625 0.009375 0.02734375
6 0.42421875 0.4052734375 0.0078125 0.021484375
8 0.9375 0.390625 0.021875 0.03515625
8 0.790625 0.36328125 0.01875 0.0234375
8 0.78984375 0.3818359375 0.0265625 0.013671875
8 0.5171875 0.4248046875 0.00625 0.009765625
8 0.62421875 0.42578125 0.0078125 0.0078125
1 0.5375 0.4375 0.0125 0.01171875
6 0.64765625 0.37109375 0.0046875 0.015625
