4 0.3671875 0.4541015625 0.340625 0.169921875
6 0.0484375 0.291015625 0.021875 0.06640625
6 0.06171875 0.302734375 0.0234375 0.0703125
6 0.221875 0.34765625 0.015625 0.05078125
6 0.2703125 0.345703125 0.015625 0.05078125
6 0.87578125 0.37890625 0.0109375 0.03515625
6 0.86484375 0.3779296875 0.0109375 0.037109375
8 0.04453125 0.3662109375 0.0640625 0.033203125
8 0.0890625 0.38671875 0.0125 0.03515625
8 0.77578125 0.42578125 0.0078125 0.01171875
0 0.06796875 0.5068359375 0.0359375 0.146484375
0 0.0375 0.5107421875 0.034375 0.134765625
5 0.6796875 0.4658203125 0.025 0.033203125
1 0.55703125 0.4873046875 0.0671875 0.072265625
1 0.63203125 0.474609375 0.0171875 0.015625
1 0.8703125 0.5595703125 0.259375 0.236328125
1 0.75 0.4814453125 0.053125 0.048828125
1 0.72265625 0.478515625 0.0234375 0.0390625
1 0.7109375 0.474609375 0.01875 0.03515625
1 0.69296875 0.474609375 0.0234375 0.02734375
1 0.66328125 0.47265625 0.0140625 0.015625
