4 0.515625 0.44921875 0.059375 0.0859375
4 0.42734375 0.455078125 0.0890625 0.0390625
4 0.8171875 0.4208984375 0.253125 0.103515625
0 0.96015625 0.5751953125 0.0796875 0.564453125
0 0.6640625 0.46875 0.03125 0.09765625
0 0.67890625 0.4638671875 0.0234375 0.087890625
0 0.64609375 0.466796875 0.0234375 0.08984375
0 0.5484375 0.4599609375 0.009375 0.037109375
0 0.55703125 0.4580078125 0.0078125 0.041015625
0 0.59765625 0.458984375 0.0140625 0.05078125
0 0.6234375 0.4501953125 0.0125 0.041015625
0 0.61171875 0.458984375 0.0109375 0.03515625
0 0.6203125 0.4560546875 0.009375 0.033203125
0 0.58671875 0.45703125 0.0109375 0.04296875
0 0.57890625 0.45703125 0.0140625 0.04296875
0 0.57109375 0.4599609375 0.0109375 0.041015625
0 0.1109375 0.4951171875 0.01875 0.041015625
0 0.128125 0.49609375 0.015625 0.0546875
0 0.146875 0.49609375 0.01875 0.0546875
0 0.38125 0.4677734375 0.0125 0.037109375
1 0.4203125 0.4638671875 0.025 0.021484375
1 0.45 0.46875 0.0375 0.03515625
1 0.478125 0.4658203125 0.01875 0.021484375
1 0.77265625 0.4423828125 0.1203125 0.083984375
1 0.853125 0.4453125 0.1375 0.109375
1 0.9046875 0.44921875 0.153125 0.1328125
7 0.340625 0.478515625 0.00625 0.01953125
