0 0.34609375 0.4423828125 0.0109375 0.025390625
0 0.3578125 0.4443359375 0.0125 0.033203125
2 0.48203125 0.5419921875 0.0421875 0.091796875
2 0.37109375 0.4638671875 0.0140625 0.025390625
2 0.4171875 0.4677734375 0.015625 0.029296875
1 0.040625 0.66796875 0.08125 0.375
1 0.17109375 0.564453125 0.1859375 0.1640625
1 0.27890625 0.5283203125 0.1078125 0.119140625
1 0.31328125 0.5068359375 0.0734375 0.095703125
1 0.346875 0.4931640625 0.053125 0.080078125
1 0.98359375 0.7509765625 0.0328125 0.162109375
1 0.88046875 0.6259765625 0.2390625 0.185546875
1 0.74765625 0.5634765625 0.1671875 0.134765625
1 0.66875 0.5068359375 0.09375 0.080078125
1 0.41328125 0.4580078125 0.0359375 0.041015625
1 0.4359375 0.4560546875 0.021875 0.033203125
1 0.44609375 0.4521484375 0.0140625 0.025390625
1 0.56328125 0.466796875 0.0296875 0.03515625
1 0.546875 0.458984375 0.015625 0.03515625
1 0.53671875 0.458984375 0.0140625 0.03125
1 0.525 0.45703125 0.015625 0.02734375
1 0.88203125 0.4814453125 0.1109375 0.064453125
11 0.58359375 0.5830078125 0.0203125 0.017578125
8 0.37578125 0.404296875 0.0140625 0.015625
8 0.375 0.4140625 0.0125 0.00390625
