4 0.4328125 0.453125 0.1 0.04296875
4 0.51953125 0.4482421875 0.0671875 0.091796875
4 0.84453125 0.4228515625 0.3109375 0.150390625
0 0.078125 0.4912109375 0.021875 0.068359375
0 0.10390625 0.486328125 0.0140625 0.0625
0 0.128125 0.490234375 0.015625 0.03125
0 0.378125 0.4638671875 0.009375 0.025390625
0 0.37109375 0.4638671875 0.0078125 0.021484375
0 0.4171875 0.462890625 0.00625 0.0234375
0 0.5515625 0.4609375 0.0125 0.04296875
0 0.57734375 0.462890625 0.0171875 0.0625
0 0.5875 0.45703125 0.0125 0.04296875
0 0.60546875 0.47265625 0.0265625 0.08203125
0 0.634375 0.4638671875 0.03125 0.095703125
0 0.66015625 0.4599609375 0.0203125 0.076171875
1 0.45234375 0.462890625 0.0265625 0.0234375
1 0.475 0.462890625 0.025 0.0234375
1 0.9140625 0.517578125 0.171875 0.19921875
1 0.85078125 0.4482421875 0.1359375 0.107421875
1 0.91484375 0.439453125 0.1703125 0.1171875
7 0.340625 0.478515625 0.00625 0.01953125
