6 0.9703125 0.3203125 0.0375 0.09375
6 0.67734375 0.4619140625 0.0078125 0.025390625
8 0.6625 0.4658203125 0.0125 0.009765625
0 0.9609375 0.6005859375 0.04375 0.150390625
0 0.92890625 0.591796875 0.0421875 0.17578125
0 0.8984375 0.5908203125 0.04375 0.154296875
0 0.8484375 0.5830078125 0.0375 0.142578125
0 0.946875 0.5234375 0.015625 0.0390625
0 0.653125 0.525390625 0.009375 0.02734375
0 0.7078125 0.53125 0.009375 0.03515625
0 0.71640625 0.5322265625 0.0109375 0.033203125
5 0.34375 0.5234375 0.14375 0.125
1 0.12265625 0.6298828125 0.2453125 0.236328125
1 0.359375 0.57421875 0.1 0.08203125
1 0.51171875 0.6181640625 0.1890625 0.201171875
1 0.6234375 0.5341796875 0.034375 0.029296875
