6 0.85234375 0.255859375 0.0140625 0.046875
6 0.50703125 0.3896484375 0.0109375 0.029296875
0 0.7984375 0.4755859375 0.021875 0.095703125
0 0.7859375 0.470703125 0.015625 0.08203125
0 0.81875 0.478515625 0.015625 0.06640625
0 0.86171875 0.4765625 0.0359375 0.12109375
0 0.83515625 0.49609375 0.0328125 0.12890625
2 0.45546875 0.50390625 0.0203125 0.0390625
2 0.92265625 0.7666015625 0.1546875 0.365234375
3 0.66328125 0.5595703125 0.0546875 0.126953125
1 0.69921875 0.4462890625 0.0203125 0.025390625
1 0.68203125 0.501953125 0.0796875 0.08984375
1 0.68671875 0.44921875 0.0328125 0.01953125
1 0.0890625 0.78515625 0.178125 0.4296875
