8 0.43984375 0.44921875 0.0109375 0.0078125
8 0.55234375 0.45703125 0.0046875 0.01171875
8 0.2734375 0.44140625 0.0375 0.0234375
1 0.47734375 0.4697265625 0.0421875 0.044921875
1 0.446875 0.4638671875 0.009375 0.009765625
1 0.4296875 0.4638671875 0.00625 0.009765625
1 0.39296875 0.4619140625 0.0109375 0.009765625
1 0.3671875 0.4736328125 0.05 0.048828125
1 0.29765625 0.4638671875 0.0203125 0.017578125
1 0.2703125 0.4638671875 0.021875 0.021484375
1 0.14609375 0.470703125 0.0453125 0.03125
1 0.053125 0.5283203125 0.10625 0.279296875
