4 0.903125 0.435546875 0.19375 0.59765625
8 0.64921875 0.373046875 0.0078125 0.015625
8 0.65 0.3876953125 0.009375 0.005859375
8 0.55546875 0.431640625 0.0046875 0.01171875
8 0.515625 0.4453125 0.00625 0.01171875
1 0.48203125 0.4521484375 0.0390625 0.041015625
1 0.46171875 0.458984375 0.0078125 0.01171875
1 0.44140625 0.45703125 0.0109375 0.01171875
1 0.43359375 0.455078125 0.0078125 0.01171875
1 0.32265625 0.46875 0.0921875 0.09765625
1 0.07890625 0.5419921875 0.1578125 0.228515625
11 0.62890625 0.4306640625 0.0734375 0.083984375
