6 0.7375 0.3798828125 0.0125 0.017578125
6 0.73046875 0.3291015625 0.0140625 0.041015625
6 0.6859375 0.283203125 0.046875 0.05078125
6 0.5609375 0.3505859375 0.0125 0.041015625
6 0.55859375 0.3916015625 0.0140625 0.017578125
6 0.09140625 0.3671875 0.0109375 0.0390625
6 0.1171875 0.4072265625 0.0125 0.017578125
8 0.77109375 0.3681640625 0.0296875 0.009765625
8 0.73515625 0.3603515625 0.0109375 0.013671875
8 0.6984375 0.236328125 0.025 0.04296875
8 0.6828125 0.177734375 0.040625 0.08203125
8 0.52734375 0.3896484375 0.0109375 0.017578125
0 0.4171875 0.4658203125 0.01875 0.072265625
0 0.37578125 0.4697265625 0.0296875 0.072265625
0 0.31015625 0.4677734375 0.0203125 0.072265625
0 0.2953125 0.50390625 0.08125 0.19921875
0 0.07734375 0.44921875 0.0171875 0.03125
0 0.05625 0.4609375 0.015625 0.04296875
0 0.065625 0.455078125 0.015625 0.0390625
1 0.76796875 0.4755859375 0.2171875 0.111328125
1 0.50234375 0.4599609375 0.0390625 0.041015625
1 0.47421875 0.4541015625 0.0171875 0.009765625
1 0.24140625 0.46875 0.0484375 0.0546875
1 0.103125 0.48828125 0.165625 0.0859375
7 0.55078125 0.4658203125 0.0109375 0.037109375
