6 0.6015625 0.392578125 0.00625 0.01953125
8 0.83203125 0.3427734375 0.0421875 0.052734375
8 0.83671875 0.3779296875 0.0359375 0.013671875
3 0.48671875 0.611328125 0.0890625 0.19921875
1 0.0859375 0.8896484375 0.171875 0.220703125
1 0.0875 0.654296875 0.175 0.25
1 0.20546875 0.59375 0.1921875 0.1640625
1 0.3 0.5673828125 0.090625 0.107421875
1 0.74921875 0.7529296875 0.4765625 0.494140625
1 0.4015625 0.5712890625 0.1375 0.166015625
1 0.51171875 0.5361328125 0.0546875 0.083984375
1 0.528125 0.5244140625 0.05625 0.076171875
1 0.63125 0.521484375 0.128125 0.0546875
1 0.64609375 0.484375 0.0890625 0.03515625
1 0.56171875 0.5048828125 0.0546875 0.044921875
1 0.3640625 0.505859375 0.084375 0.05078125
1 0.57578125 0.4853515625 0.0546875 0.029296875
1 0.78359375 0.486328125 0.0359375 0.04296875
11 0.44921875 0.4658203125 0.0390625 0.044921875
