6 0.31171875 0.27734375 0.0203125 0.06640625
6 0.2796875 0.2763671875 0.01875 0.076171875
6 0.91484375 0.3564453125 0.0109375 0.033203125
6 0.77578125 0.33984375 0.0109375 0.04296875
0 0.2421875 0.396484375 0.0125 0.06640625
0 0.2328125 0.41015625 0.01875 0.09375
0 0.215625 0.4267578125 0.028125 0.138671875
0 0.1921875 0.400390625 0.01875 0.09375
0 0.26015625 0.388671875 0.0078125 0.046875
0 0.31640625 0.3994140625 0.0140625 0.072265625
0 0.3015625 0.404296875 0.009375 0.07421875
0 0.36015625 0.3935546875 0.0109375 0.044921875
0 0.3359375 0.392578125 0.00625 0.03125
0 0.371875 0.3896484375 0.00625 0.041015625
0 0.3984375 0.3994140625 0.015625 0.044921875
0 0.4109375 0.3955078125 0.0125 0.033203125
0 0.41953125 0.39453125 0.0109375 0.03515625
0 0.38359375 0.400390625 0.0140625 0.05078125
0 0.58359375 0.4013671875 0.0046875 0.021484375
0 0.5890625 0.4013671875 0.00625 0.021484375
0 0.59609375 0.4052734375 0.0078125 0.029296875
0 0.60234375 0.4052734375 0.0078125 0.029296875
0 0.6140625 0.40625 0.00625 0.02734375
0 0.64375 0.40625 0.00625 0.02734375
0 0.5515625 0.3984375 0.00625 0.01953125
3 0.44765625 0.59765625 0.1734375 0.28125
1 0.53046875 0.3994140625 0.0140625 0.013671875
1 0.5125 0.3974609375 0.021875 0.013671875
1 0.8171875 0.45703125 0.171875 0.1171875
