4 0.4921875 0.5322265625 0.01875 0.025390625
0 0.865625 0.546875 0.009375 0.0234375
0 0.84296875 0.546875 0.0203125 0.02734375
0 0.7390625 0.5478515625 0.009375 0.017578125
0 0.728125 0.5439453125 0.009375 0.017578125
0 0.390625 0.5400390625 0.009375 0.025390625
1 0.6734375 0.5478515625 0.03125 0.017578125
1 0.52421875 0.548828125 0.0359375 0.01953125
1 0.521875 0.572265625 0.040625 0.046875
1 0.57734375 0.5810546875 0.0828125 0.099609375
1 0.69765625 0.6611328125 0.2234375 0.216796875
1 0.4359375 0.6494140625 0.178125 0.181640625
1 0.48203125 0.5869140625 0.0671875 0.068359375
1 0.50546875 0.544921875 0.0203125 0.01953125
1 0.47109375 0.5439453125 0.0390625 0.017578125
