4 0.51953125 0.4462890625 0.0671875 0.083984375
4 0.4328125 0.455078125 0.096875 0.0390625
4 0.82265625 0.4033203125 0.2515625 0.076171875
0 0.8328125 0.53125 0.06875 0.234375
0 0.91015625 0.4990234375 0.0828125 0.275390625
0 0.93671875 0.484375 0.0453125 0.18359375
0 0.69765625 0.462890625 0.0265625 0.10546875
0 0.68203125 0.462890625 0.0171875 0.09375
0 0.66640625 0.4697265625 0.0203125 0.095703125
0 0.6515625 0.4638671875 0.021875 0.099609375
0 0.6234375 0.4658203125 0.028125 0.103515625
0 0.63984375 0.4521484375 0.0140625 0.052734375
0 0.60546875 0.4560546875 0.0109375 0.048828125
0 0.59765625 0.4580078125 0.0109375 0.048828125
0 0.58359375 0.4580078125 0.0109375 0.041015625
0 0.58984375 0.4580078125 0.0109375 0.044921875
0 0.57578125 0.4599609375 0.0078125 0.041015625
0 0.55859375 0.4580078125 0.0109375 0.041015625
0 0.5515625 0.4599609375 0.009375 0.041015625
0 0.38125 0.462890625 0.00625 0.01953125
0 0.3765625 0.4658203125 0.00625 0.021484375
0 0.371875 0.466796875 0.00625 0.0234375
0 0.35703125 0.4619140625 0.0046875 0.017578125
0 0.15234375 0.4794921875 0.0140625 0.041015625
0 0.115625 0.4921875 0.015625 0.05859375
0 0.50078125 0.4677734375 0.0171875 0.044921875
1 0.46953125 0.4619140625 0.0328125 0.025390625
1 0.45078125 0.4619140625 0.0234375 0.021484375
1 0.97421875 0.46875 0.0515625 0.1484375
1 0.78203125 0.4443359375 0.1359375 0.087890625
1 0.3015625 0.5078125 0.128125 0.11328125
1 0.06875 0.662109375 0.1375 0.2109375
1 0.92890625 0.4287109375 0.1421875 0.142578125
0 0.12890625 0.4921875 0.0140625 0.03125
