0 0.84375 0.5244140625 0.0375 0.107421875
0 0.8015625 0.5263671875 0.025 0.103515625
1 0.9609375 0.7392578125 0.078125 0.177734375
1 0.959375 0.5244140625 0.08125 0.068359375
1 0.81015625 0.5146484375 0.1890625 0.076171875
1 0.28828125 0.4814453125 0.0984375 0.072265625
1 0.21953125 0.4814453125 0.0671875 0.052734375
1 0.16953125 0.474609375 0.0671875 0.046875
1 0.11640625 0.470703125 0.0734375 0.05078125
1 0.0640625 0.4677734375 0.0625 0.044921875
1 0.021875 0.4697265625 0.04375 0.037109375
1 0.60859375 0.4521484375 0.0421875 0.025390625
1 0.54609375 0.4462890625 0.0578125 0.025390625
1 0.47890625 0.4453125 0.0421875 0.0234375
1 0.40859375 0.4443359375 0.0390625 0.029296875
