2 0.253125 0.6923828125 0.0875 0.189453125
1 0.903125 0.7080078125 0.19375 0.298828125
1 0.77578125 0.5888671875 0.2171875 0.181640625
1 0.70546875 0.5263671875 0.1484375 0.126953125
1 0.62265625 0.517578125 0.0796875 0.08984375
1 0.85390625 0.453125 0.0609375 0.0234375
1 0.67265625 0.4404296875 0.0359375 0.041015625
1 0.5625 0.45703125 0.0375 0.0390625
1 0.57421875 0.4443359375 0.0328125 0.041015625
1 0.54453125 0.4296875 0.0171875 0.015625
1 0.53046875 0.4326171875 0.0109375 0.017578125
1 0.51875 0.4345703125 0.015625 0.017578125
1 0.51015625 0.4384765625 0.0109375 0.017578125
1 0.49921875 0.439453125 0.0171875 0.01953125
1 0.48203125 0.4404296875 0.0203125 0.025390625
1 0.471875 0.4443359375 0.01875 0.025390625
1 0.4578125 0.4423828125 0.03125 0.033203125
1 0.44375 0.4462890625 0.025 0.029296875
1 0.4171875 0.451171875 0.040625 0.03515625
1 0.37421875 0.4765625 0.0171875 0.046875
1 0.36015625 0.4814453125 0.0359375 0.064453125
1 0.31015625 0.4833984375 0.0765625 0.091796875
1 0.2703125 0.5 0.06875 0.09375
1 0.19296875 0.5234375 0.1109375 0.13671875
1 0.09453125 0.576171875 0.1890625 0.203125
11 0.7421875 0.439453125 0.115625 0.05078125
11 0.5890625 0.4228515625 0.0125 0.021484375
8 0.7625 0.3935546875 0.025 0.009765625
