4 0.84453125 0.4169921875 0.3109375 0.138671875
4 0.43359375 0.451171875 0.1015625 0.04296875
4 0.6359375 0.4296875 0.090625 0.05078125
4 0.51640625 0.4462890625 0.0640625 0.083984375
0 0.128125 0.490234375 0.015625 0.02734375
0 0.11640625 0.494140625 0.0140625 0.0546875
0 0.1703125 0.4873046875 0.0125 0.048828125
0 0.3796875 0.4638671875 0.00625 0.021484375
0 0.5484375 0.4599609375 0.009375 0.041015625
0 0.55703125 0.4580078125 0.0109375 0.044921875
0 0.57265625 0.45703125 0.0109375 0.046875
0 0.58125 0.4580078125 0.0125 0.044921875
0 0.590625 0.4560546875 0.015625 0.048828125
0 0.6 0.45703125 0.0125 0.0546875
0 0.6109375 0.4580078125 0.015625 0.060546875
0 0.62890625 0.4775390625 0.0234375 0.095703125
0 0.65390625 0.4658203125 0.0296875 0.115234375
0 0.67421875 0.431640625 0.0171875 0.0234375
1 0.953125 0.490234375 0.09375 0.109375
1 0.91328125 0.4462890625 0.1734375 0.142578125
1 0.8515625 0.443359375 0.140625 0.109375
1 0.45390625 0.462890625 0.0296875 0.0234375
1 0.4765625 0.462890625 0.01875 0.0234375
7 0.340625 0.478515625 0.00625 0.01953125
