6 0.771875 0.2880859375 0.034375 0.076171875
6 0.63359375 0.37890625 0.0109375 0.02734375
6 0.45703125 0.41015625 0.0046875 0.0078125
6 0.428125 0.4111328125 0.003125 0.009765625
6 0.39921875 0.4111328125 0.0046875 0.009765625
6 0.36328125 0.419921875 0.0046875 0.01171875
6 0.3984375 0.4306640625 0.003125 0.005859375
6 0.4203125 0.4267578125 0.003125 0.005859375
6 0.44921875 0.4306640625 0.0015625 0.005859375
6 0.42890625 0.4296875 0.0015625 0.0078125
6 0.46640625 0.2734375 0.0203125 0.05078125
8 0.81484375 0.3515625 0.0234375 0.0390625
8 0.44765625 0.41015625 0.0078125 0.0078125
8 0.42109375 0.4091796875 0.0078125 0.009765625
8 0.41171875 0.408203125 0.0078125 0.0078125
8 0.4328125 0.4296875 0.003125 0.00390625
0 0.95546875 0.4306640625 0.0171875 0.048828125
0 0.6546875 0.4677734375 0.015625 0.056640625
1 0.875 0.44140625 0.04375 0.0390625
1 0.74921875 0.4521484375 0.0359375 0.037109375
1 0.646875 0.46484375 0.04375 0.03515625
1 0.51875 0.4736328125 0.03125 0.033203125
1 0.5015625 0.4736328125 0.015625 0.021484375
1 0.45078125 0.4755859375 0.0484375 0.056640625
1 0.4203125 0.46875 0.01875 0.0234375
1 0.40078125 0.466796875 0.0109375 0.01171875
1 0.38671875 0.466796875 0.0140625 0.01171875
1 0.37421875 0.4697265625 0.0171875 0.017578125
1 0.353125 0.4736328125 0.025 0.017578125
1 0.328125 0.470703125 0.025 0.01953125
1 0.34609375 0.4638671875 0.0140625 0.013671875
1 0.28828125 0.4794921875 0.0453125 0.037109375
1 0.2578125 0.4814453125 0.034375 0.033203125
1 0.15390625 0.494140625 0.0828125 0.07421875
