6 0.7375 0.2861328125 0.015625 0.037109375
6 0.7734375 0.41015625 0.0125 0.01953125
6 0.6921875 0.392578125 0.009375 0.02734375
6 0.69453125 0.4208984375 0.0109375 0.013671875
6 0.42890625 0.3798828125 0.0078125 0.021484375
6 0.4265625 0.408203125 0.009375 0.01171875
8 0.19140625 0.3125 0.0203125 0.03515625
8 0.9234375 0.3720703125 0.040625 0.052734375
8 0.696875 0.4130859375 0.015625 0.009765625
8 0.765625 0.2939453125 0.025 0.021484375
1 0.48046875 0.4423828125 0.0328125 0.037109375
1 0.70859375 0.4560546875 0.0984375 0.048828125
1 0.1921875 0.46875 0.25625 0.23046875
1 0.31953125 0.4638671875 0.0859375 0.142578125
1 0.6359375 0.4560546875 0.03125 0.029296875
1 0.60546875 0.44921875 0.0234375 0.0234375
1 0.59609375 0.443359375 0.0171875 0.01953125
1 0.5875 0.4384765625 0.01875 0.021484375
1 0.57734375 0.435546875 0.0140625 0.01953125
1 0.55546875 0.4326171875 0.0265625 0.013671875
1 0.5 0.4375 0.015625 0.0234375
1 0.35625 0.451171875 0.084375 0.12109375
1 0.509375 0.4306640625 0.0125 0.017578125
