8 0.64453125 0.38671875 0.0359375 0.04296875
8 0.64296875 0.4228515625 0.0203125 0.029296875
8 0.33203125 0.4345703125 0.0078125 0.021484375
0 0.11953125 0.484375 0.0171875 0.07421875
0 0.15390625 0.484375 0.0203125 0.0703125
0 0.1921875 0.4814453125 0.0125 0.052734375
1 0.5984375 0.4990234375 0.109375 0.111328125
1 0.03046875 0.509765625 0.0609375 0.14453125
1 0.3953125 0.4560546875 0.01875 0.021484375
1 0.4109375 0.458984375 0.021875 0.01953125
1 0.37578125 0.4697265625 0.0359375 0.033203125
1 0.3546875 0.458984375 0.01875 0.015625
