0 0.48671875 0.453125 0.0078125 0.02734375
0 0.53671875 0.4482421875 0.0046875 0.017578125
2 0.846875 0.654296875 0.09375 0.1796875
1 0.03046875 0.5048828125 0.0609375 0.142578125
1 0.11796875 0.4931640625 0.1390625 0.115234375
1 0.38203125 0.4619140625 0.0515625 0.044921875
1 0.41640625 0.4619140625 0.0234375 0.033203125
1 0.43828125 0.458984375 0.0234375 0.03125
1 0.4546875 0.458984375 0.021875 0.03125
1 0.4859375 0.4521484375 0.025 0.025390625
1 0.51015625 0.4521484375 0.0140625 0.013671875
1 0.5203125 0.4501953125 0.009375 0.009765625
1 0.52734375 0.4482421875 0.0078125 0.009765625
1 0.5421875 0.44921875 0.00625 0.01171875
6 0.5484375 0.3720703125 0.00625 0.005859375
6 0.4703125 0.4052734375 0.003125 0.005859375
6 0.6125 0.38671875 0.00625 0.015625
6 0.54609375 0.3916015625 0.0046875 0.005859375
0 0.665625 0.453125 0.009375 0.015625
0 0.67734375 0.453125 0.0078125 0.015625
6 0.5875 0.416015625 0.00625 0.015625
