0 0.2015625 0.556640625 0.0375 0.15625
0 0.5140625 0.4345703125 0.003125 0.013671875
0 0.503125 0.435546875 0.00625 0.015625
2 0.3296875 0.5390625 0.040625 0.08984375
2 0.43828125 0.6376953125 0.0796875 0.169921875
1 0.18828125 0.5341796875 0.1078125 0.134765625
1 0.0828125 0.5751953125 0.165625 0.240234375
1 0.2734375 0.5146484375 0.09375 0.091796875
1 0.159375 0.458984375 0.05 0.0390625
1 0.3609375 0.48046875 0.046875 0.05078125
1 0.39140625 0.466796875 0.0359375 0.0390625
1 0.40625 0.4638671875 0.021875 0.037109375
1 0.41640625 0.458984375 0.0265625 0.0390625
1 0.43046875 0.451171875 0.0171875 0.0234375
1 0.43359375 0.447265625 0.0265625 0.02734375
1 0.46015625 0.4521484375 0.0234375 0.025390625
1 0.4625 0.439453125 0.01875 0.01171875
1 0.47578125 0.44140625 0.0140625 0.015625
1 0.48125 0.4375 0.01875 0.01953125
1 0.4921875 0.4375 0.009375 0.015625
1 0.49921875 0.4365234375 0.0109375 0.017578125
1 0.521875 0.4345703125 0.0125 0.013671875
1 0.5078125 0.4365234375 0.009375 0.013671875
1 0.8609375 0.6953125 0.278125 0.29296875
1 0.7546875 0.5859375 0.2125 0.19921875
1 0.6984375 0.505859375 0.11875 0.078125
1 0.6328125 0.4951171875 0.065625 0.048828125
1 0.58359375 0.486328125 0.0671875 0.06640625
1 0.571875 0.4677734375 0.059375 0.060546875
1 0.54140625 0.4580078125 0.0234375 0.041015625
1 0.5296875 0.451171875 0.0125 0.0234375
1 0.78515625 0.458984375 0.0796875 0.0390625
1 0.76171875 0.451171875 0.0890625 0.046875
1 0.65078125 0.458984375 0.0921875 0.0390625
11 0.621875 0.7138671875 0.034375 0.033203125
