8 0.20390625 0.392578125 0.0265625 0.03515625
8 0.9859375 0.2763671875 0.028125 0.083984375
0 0.696875 0.4814453125 0.025 0.072265625
0 0.6671875 0.4794921875 0.025 0.076171875
0 0.52421875 0.462890625 0.0140625 0.03125
0 0.5046875 0.462890625 0.0125 0.0390625
0 0.4921875 0.462890625 0.009375 0.0390625
0 0.478125 0.4658203125 0.009375 0.033203125
0 0.46484375 0.4658203125 0.0109375 0.033203125
1 0.925 0.5673828125 0.15 0.275390625
1 0.58515625 0.4697265625 0.0515625 0.052734375
1 0.34375 0.4716796875 0.028125 0.044921875
1 0.29140625 0.466796875 0.0796875 0.078125
