6 0.01953125 0.203125 0.0296875 0.09765625
6 0.0078125 0.3154296875 0.0125 0.041015625
6 0.06796875 0.3388671875 0.0109375 0.037109375
6 0.11171875 0.4453125 0.0109375 0.03515625
6 0.6046875 0.3984375 0.009375 0.0390625
6 0.66484375 0.44140625 0.0109375 0.04296875
6 0.8890625 0.466796875 0.009375 0.03515625
6 0.93984375 0.328125 0.0109375 0.0390625
6 0.99375 0.3203125 0.0125 0.04296875
8 0.96640625 0.318359375 0.0078125 0.0234375
0 0.52265625 0.5146484375 0.0046875 0.017578125
0 0.45703125 0.51171875 0.0046875 0.01953125
1 0.56875 0.5087890625 0.009375 0.009765625
6 0.66484375 0.4853515625 0.0109375 0.013671875
