8 0.59140625 0.4326171875 0.0046875 0.013671875
0 0.22109375 0.474609375 0.0171875 0.0546875
0 0.253125 0.46484375 0.0125 0.046875
0 0.26640625 0.4677734375 0.0140625 0.048828125
0 0.3015625 0.4677734375 0.0125 0.044921875
1 0.5640625 0.458984375 0.0125 0.01953125
1 0.5390625 0.4599609375 0.0125 0.013671875
1 0.50546875 0.4609375 0.0109375 0.01171875
1 0.48984375 0.458984375 0.0140625 0.015625
1 0.47578125 0.4619140625 0.0109375 0.017578125
1 0.4625 0.4619140625 0.021875 0.025390625
1 0.340625 0.478515625 0.053125 0.05078125
1 0.359375 0.4580078125 0.034375 0.025390625
1 0.3953125 0.4765625 0.06875 0.05859375
7 0.82109375 0.56640625 0.0421875 0.08203125
