4 0.8453125 0.4228515625 0.309375 0.150390625
4 0.521875 0.4462890625 0.071875 0.080078125
4 0.4140625 0.453125 0.05625 0.078125
4 0.6359375 0.4296875 0.090625 0.046875
0 0.62265625 0.4609375 0.0265625 0.0859375
0 0.596875 0.4619140625 0.01875 0.068359375
0 0.57890625 0.4560546875 0.0140625 0.052734375
0 0.55234375 0.4599609375 0.0109375 0.041015625
0 0.42421875 0.4794921875 0.0265625 0.068359375
0 0.44140625 0.47265625 0.0265625 0.08203125
0 0.37890625 0.46484375 0.0078125 0.01953125
0 0.1703125 0.4853515625 0.0125 0.044921875
0 0.11484375 0.490234375 0.0140625 0.046875
0 0.48046875 0.45703125 0.0109375 0.0390625
0 0.128125 0.4892578125 0.0125 0.029296875
1 0.95234375 0.4853515625 0.0953125 0.123046875
1 0.95078125 0.439453125 0.0984375 0.09375
1 0.91171875 0.447265625 0.1765625 0.13671875
7 0.3421875 0.4775390625 0.00625 0.021484375
4 0.4640625 0.4453125 0.046875 0.0234375
1 0.45859375 0.4638671875 0.0296875 0.021484375
