6 0.59765625 0.4482421875 0.0046875 0.017578125
6 0.36640625 0.4453125 0.0046875 0.01953125
0 0.65625 0.513671875 0.01875 0.0625
0 0.90859375 0.53125 0.0234375 0.09765625
0 0.76171875 0.49609375 0.0140625 0.03125
0 0.8125 0.5380859375 0.021875 0.064453125
0 0.87890625 0.505859375 0.0234375 0.07421875
0 0.6859375 0.5068359375 0.009375 0.029296875
0 0.60546875 0.4921875 0.0078125 0.015625
0 0.3765625 0.50390625 0.0125 0.0390625
0 0.28515625 0.4931640625 0.0140625 0.025390625
0 0.83203125 0.5244140625 0.0265625 0.087890625
2 0.578125 0.5302734375 0.021875 0.041015625
1 0.31171875 0.5322265625 0.1015625 0.083984375
1 0.41171875 0.505859375 0.0296875 0.03515625
1 0.45625 0.5546875 0.121875 0.125
1 0.5046875 0.533203125 0.0375 0.08203125
1 0.503125 0.517578125 0.053125 0.07421875
