6 0.38359375 0.2421875 0.0109375 0.05078125
6 0.0765625 0.2001953125 0.0125 0.060546875
6 0.384375 0.373046875 0.00625 0.0234375
6 0.33828125 0.3740234375 0.0078125 0.021484375
6 0.58046875 0.3310546875 0.0140625 0.048828125
8 0.37109375 0.3681640625 0.0109375 0.013671875
0 0.88671875 0.4677734375 0.0328125 0.126953125
0 0.91171875 0.451171875 0.0296875 0.16015625
0 0.93515625 0.4677734375 0.0484375 0.162109375
0 0.95234375 0.4619140625 0.0484375 0.173828125
0 0.66484375 0.4677734375 0.0171875 0.080078125
0 0.5953125 0.4541015625 0.015625 0.044921875
0 0.559375 0.44921875 0.0125 0.0234375
0 0.5609375 0.435546875 0.015625 0.0234375
0 0.51171875 0.4580078125 0.0078125 0.029296875
1 0.19375 0.4853515625 0.0875 0.087890625
