8 0.73046875 0.39453125 0.0109375 0.02734375
8 0.54375 0.41015625 0.009375 0.01171875
8 0.08046875 0.36328125 0.0328125 0.04296875
8 0.08046875 0.4052734375 0.0203125 0.025390625
0 0.96015625 0.50390625 0.0296875 0.0625
0 0.92890625 0.498046875 0.0234375 0.04296875
0 0.9109375 0.5009765625 0.028125 0.064453125
0 0.884375 0.4677734375 0.021875 0.080078125
0 0.85078125 0.48046875 0.0265625 0.0703125
0 0.72578125 0.4765625 0.0140625 0.05078125
0 0.48359375 0.4365234375 0.0078125 0.021484375
0 0.3984375 0.529296875 0.05 0.15625
2 0.67578125 0.4990234375 0.0265625 0.083984375
2 0.7171875 0.5166015625 0.034375 0.041015625
2 0.709375 0.5107421875 0.05 0.052734375
2 0.65859375 0.46875 0.0296875 0.0390625
2 0.5046875 0.4521484375 0.00625 0.017578125
2 0.4984375 0.455078125 0.00625 0.015625
2 0.3078125 0.48046875 0.015625 0.03515625
2 0.14296875 0.5048828125 0.0515625 0.052734375
2 0.13125 0.5087890625 0.0375 0.048828125
2 0.0671875 0.517578125 0.03125 0.06640625
3 0.6171875 0.498046875 0.078125 0.06640625
1 0.5875 0.478515625 0.075 0.078125
1 0.55 0.4697265625 0.03125 0.052734375
1 0.5421875 0.4599609375 0.028125 0.041015625
1 0.53515625 0.45703125 0.0203125 0.0390625
1 0.51875 0.4375 0.021875 0.0234375
1 0.50078125 0.4326171875 0.0078125 0.009765625
1 0.490625 0.4326171875 0.009375 0.009765625
1 0.45625 0.455078125 0.040625 0.04296875
1 0.4421875 0.439453125 0.01875 0.01953125
1 0.43046875 0.4345703125 0.0109375 0.009765625
1 0.4015625 0.44921875 0.034375 0.03515625
1 0.41875 0.4384765625 0.009375 0.013671875
7 0.36640625 0.453125 0.0046875 0.015625
