0 0.525 0.4501953125 0.009375 0.029296875
2 0.425 0.4658203125 0.015625 0.025390625
2 0.4625 0.4580078125 0.0125 0.021484375
1 0.0578125 0.6513671875 0.115625 0.244140625
1 0.346875 0.4794921875 0.08125 0.083984375
1 0.390625 0.4697265625 0.03125 0.052734375
1 0.409375 0.4599609375 0.028125 0.037109375
1 0.42421875 0.4501953125 0.0296875 0.033203125
1 0.434375 0.443359375 0.028125 0.03515625
1 0.4515625 0.443359375 0.0125 0.03125
1 0.4640625 0.4365234375 0.0125 0.017578125
1 0.471875 0.435546875 0.009375 0.015625
1 0.4796875 0.4345703125 0.009375 0.013671875
1 0.48828125 0.4326171875 0.0078125 0.009765625
1 0.509375 0.4443359375 0.015625 0.025390625
1 0.53515625 0.455078125 0.0171875 0.0234375
1 0.5578125 0.4609375 0.028125 0.03515625
1 0.5890625 0.474609375 0.046875 0.06640625
1 0.6109375 0.4921875 0.065625 0.0703125
1 0.671875 0.5283203125 0.103125 0.099609375
1 0.7328125 0.5693359375 0.15 0.134765625
1 0.86796875 0.623046875 0.2546875 0.19921875
1 0.925 0.7763671875 0.15 0.361328125
1 0.0265625 0.49609375 0.053125 0.07421875
1 0.1765625 0.4521484375 0.08125 0.044921875
1 0.2953125 0.453125 0.05625 0.05078125
11 0.4984375 0.4658203125 0.00625 0.005859375
1 0.81796875 0.4443359375 0.0359375 0.025390625
