4 0.53046875 0.5107421875 0.0234375 0.025390625
0 0.27734375 0.513671875 0.0109375 0.046875
0 0.29765625 0.513671875 0.0109375 0.04296875
0 0.340625 0.5146484375 0.009375 0.033203125
0 0.37421875 0.51171875 0.0078125 0.03515625
0 0.384375 0.5107421875 0.009375 0.037109375
0 0.46640625 0.5146484375 0.0078125 0.021484375
0 0.803125 0.490234375 0.015625 0.05078125
0 0.7640625 0.490234375 0.009375 0.03515625
0 0.778125 0.4892578125 0.009375 0.037109375
0 0.69765625 0.4990234375 0.0078125 0.037109375
1 0.6203125 0.5322265625 0.096875 0.103515625
