4 0.57109375 0.3447265625 0.1109375 0.224609375
6 0.91328125 0.3203125 0.0140625 0.0625
6 0.93359375 0.31640625 0.0203125 0.06640625
6 0.39140625 0.2568359375 0.0265625 0.083984375
0 0.43515625 0.39453125 0.0171875 0.0546875
0 0.36328125 0.3720703125 0.0109375 0.021484375
2 0.8421875 0.4345703125 0.01875 0.041015625
2 0.78046875 0.416015625 0.0171875 0.03125
2 0.17890625 0.5751953125 0.1265625 0.240234375
5 0.6578125 0.330078125 0.053125 0.02734375
1 0.71484375 0.40234375 0.0390625 0.05859375
1 0.62734375 0.435546875 0.1640625 0.1953125
1 0.4984375 0.4013671875 0.0375 0.041015625
1 0.3609375 0.3994140625 0.021875 0.041015625
