4 0.28203125 0.443359375 0.0921875 0.03125
4 0.36875 0.4453125 0.05 0.0625
4 0.5921875 0.453125 0.19375 0.07421875
4 0.453125 0.4404296875 0.075 0.033203125
8 0.94296875 0.169921875 0.0578125 0.1015625
0 0.08984375 0.44921875 0.0203125 0.0546875
0 0.17890625 0.4501953125 0.0078125 0.025390625
0 0.18828125 0.453125 0.0109375 0.02734375
0 0.22578125 0.4560546875 0.0109375 0.033203125
0 0.2359375 0.451171875 0.00625 0.01953125
0 0.27734375 0.4541015625 0.0109375 0.029296875
0 0.96484375 0.5400390625 0.0671875 0.248046875
0 0.8921875 0.541015625 0.065625 0.25390625
0 0.84609375 0.5205078125 0.0515625 0.193359375
0 0.79921875 0.482421875 0.0390625 0.109375
0 0.70625 0.501953125 0.0375 0.125
0 0.6296875 0.5439453125 0.065625 0.220703125
0 0.490625 0.560546875 0.065625 0.12890625
0 0.56875 0.4853515625 0.028125 0.091796875
0 0.46171875 0.474609375 0.0203125 0.0703125
0 0.453125 0.4658203125 0.0125 0.052734375
0 0.48515625 0.474609375 0.0203125 0.0703125
0 0.496875 0.4677734375 0.015625 0.056640625
0 0.475 0.466796875 0.015625 0.05859375
0 0.440625 0.4580078125 0.009375 0.029296875
0 0.42265625 0.4560546875 0.0078125 0.029296875
0 0.43125 0.4560546875 0.009375 0.029296875
0 0.40859375 0.44921875 0.0078125 0.015625
0 0.39609375 0.4482421875 0.0109375 0.013671875
2 0.975 0.57421875 0.05 0.10546875
2 0.771875 0.607421875 0.065625 0.15234375
1 0.275 0.4541015625 0.028125 0.021484375
1 0.30234375 0.4541015625 0.0203125 0.017578125
1 0.3203125 0.455078125 0.03125 0.01953125
1 0.39140625 0.482421875 0.0578125 0.05859375
1 0.65 0.4736328125 0.146875 0.072265625
1 0.54296875 0.4658203125 0.0765625 0.056640625
11 0.4890625 0.58984375 0.025 0.0625
11 0.6 0.5703125 0.03125 0.0390625
