6 0.16796875 0.4765625 0.0359375 0.1015625
6 0.1578125 0.0703125 0.078125 0.140625
6 0.475 0.419921875 0.009375 0.01953125
6 0.54375 0.3544921875 0.0125 0.041015625
6 0.58359375 0.3818359375 0.0109375 0.029296875
6 0.61484375 0.400390625 0.0078125 0.01953125
6 0.86640625 0.380859375 0.0109375 0.03125
6 0.76171875 0.4326171875 0.0078125 0.009765625
6 0.38984375 0.4072265625 0.0203125 0.037109375
6 0.34375 0.40625 0.021875 0.03125
8 0.0671875 0.4052734375 0.04375 0.017578125
8 0.06875 0.42578125 0.04375 0.015625
8 0.08359375 0.443359375 0.0453125 0.015625
8 0.5453125 0.408203125 0.015625 0.01953125
8 0.58515625 0.419921875 0.0109375 0.01171875
8 0.615625 0.421875 0.0125 0.01171875
8 0.82734375 0.4189453125 0.0328125 0.009765625
1 0.025 0.5478515625 0.05 0.107421875
1 0.13359375 0.5439453125 0.1796875 0.103515625
1 0.2703125 0.5185546875 0.146875 0.083984375
1 0.475 0.5146484375 0.190625 0.103515625
1 0.53515625 0.501953125 0.1171875 0.078125
1 0.628125 0.4775390625 0.046875 0.052734375
1 0.72109375 0.4990234375 0.1703125 0.095703125
1 0.76796875 0.46484375 0.0421875 0.02734375
1 0.8140625 0.478515625 0.08125 0.0625
