6 0.74921875 0.373046875 0.0109375 0.01953125
6 0.75078125 0.4072265625 0.0140625 0.013671875
6 0.6265625 0.291015625 0.021875 0.0703125
6 0.621875 0.2958984375 0.028125 0.076171875
6 0.553125 0.3740234375 0.009375 0.033203125
6 0.44296875 0.2958984375 0.0140625 0.041015625
6 0.32578125 0.3779296875 0.0109375 0.033203125
6 0.009375 0.333984375 0.0125 0.046875
6 0.090625 0.2568359375 0.0125 0.037109375
6 0.3890625 0.1337890625 0.028125 0.076171875
6 0.78125 0.3759765625 0.009375 0.013671875
8 0.62578125 0.3662109375 0.0140625 0.025390625
8 0.51328125 0.3994140625 0.0109375 0.013671875
8 0.5140625 0.4111328125 0.009375 0.005859375
8 0.27109375 0.3896484375 0.0234375 0.009765625
0 0.590625 0.4462890625 0.0125 0.033203125
0 0.315625 0.46484375 0.0125 0.0546875
0 0.30390625 0.4658203125 0.0140625 0.048828125
0 0.23046875 0.4638671875 0.0171875 0.056640625
0 0.0171875 0.44921875 0.025 0.046875
2 0.7734375 0.49609375 0.021875 0.08203125
2 0.7515625 0.482421875 0.040625 0.08203125
2 0.68671875 0.4833984375 0.0328125 0.068359375
2 0.63828125 0.4912109375 0.0359375 0.072265625
2 0.2609375 0.490234375 0.025 0.0703125
2 0.0203125 0.5068359375 0.0375 0.087890625
2 0.071875 0.4873046875 0.034375 0.068359375
2 0.10390625 0.4892578125 0.0421875 0.064453125
1 0.47421875 0.49609375 0.1328125 0.125
