0 0.9671875 0.587890625 0.065625 0.3984375
0 0.51171875 0.4765625 0.0203125 0.078125
0 0.490625 0.48046875 0.025 0.078125
1 0.340625 0.4541015625 0.053125 0.033203125
1 0.30859375 0.4833984375 0.1015625 0.080078125
1 0.21796875 0.4599609375 0.0953125 0.087890625
1 0.103125 0.4921875 0.20625 0.20703125
1 0.03515625 0.5693359375 0.0703125 0.173828125
1 0.65625 0.48046875 0.159375 0.12890625
1 0.7125 0.5068359375 0.103125 0.142578125
1 0.8453125 0.51171875 0.2375 0.203125
1 0.94765625 0.5634765625 0.1046875 0.232421875
1 0.4171875 0.4833984375 0.121875 0.146484375
1 0.5171875 0.466796875 0.040625 0.05859375
