0 0.9546875 0.3291015625 0.025 0.037109375
0 0.534375 0.447265625 0.009375 0.03125
0 0.52578125 0.447265625 0.0078125 0.03125
0 0.5203125 0.4462890625 0.009375 0.029296875
0 0.38515625 0.48828125 0.0203125 0.06640625
2 0.49453125 0.4404296875 0.0046875 0.009765625
1 0.91640625 0.7822265625 0.1671875 0.388671875
1 0.7109375 0.5537109375 0.13125 0.138671875
1 0.64375 0.5068359375 0.084375 0.083984375
1 0.61171875 0.494140625 0.0453125 0.0625
1 0.60546875 0.4794921875 0.0640625 0.060546875
1 0.58125 0.46484375 0.04375 0.046875
1 0.56328125 0.4609375 0.0234375 0.0390625
1 0.553125 0.4541015625 0.01875 0.029296875
1 0.5484375 0.4453125 0.021875 0.02734375
1 0.5203125 0.4296875 0.009375 0.0078125
1 0.509375 0.4306640625 0.00625 0.005859375
1 0.496875 0.431640625 0.00625 0.0078125
1 0.490625 0.4345703125 0.009375 0.013671875
1 0.4859375 0.435546875 0.009375 0.01171875
1 0.48203125 0.4375 0.0109375 0.01171875
1 0.47421875 0.439453125 0.0140625 0.015625
1 0.46484375 0.4453125 0.0171875 0.0234375
1 0.45078125 0.4482421875 0.0265625 0.033203125
1 0.4390625 0.4541015625 0.025 0.029296875
1 0.41953125 0.4609375 0.0390625 0.04296875
1 0.403125 0.4716796875 0.03125 0.044921875
1 0.3609375 0.4765625 0.071875 0.0703125
1 0.334375 0.49609375 0.06875 0.06640625
1 0.2828125 0.5166015625 0.08125 0.087890625
1 0.23359375 0.541015625 0.0828125 0.11328125
1 0.10234375 0.56640625 0.2046875 0.23046875
1 0.2671875 0.4453125 0.03125 0.01953125
1 0.290625 0.4462890625 0.03125 0.017578125
1 0.31875 0.443359375 0.028125 0.01953125
