8 0.0703125 0.2353515625 0.046875 0.025390625
8 0.06953125 0.2802734375 0.0421875 0.052734375
1 0.190625 0.4296875 0.09375 0.078125
1 0.2515625 0.4228515625 0.053125 0.056640625
1 0.28046875 0.4189453125 0.0328125 0.052734375
1 0.2953125 0.4130859375 0.03125 0.048828125
1 0.33984375 0.4033203125 0.0453125 0.037109375
1 0.3640625 0.400390625 0.021875 0.03125
1 0.39375 0.3984375 0.01875 0.01953125
1 0.4109375 0.396484375 0.015625 0.01953125
1 0.51171875 0.4140625 0.0546875 0.05078125
1 0.48984375 0.40234375 0.0328125 0.04296875
1 0.47109375 0.4013671875 0.0171875 0.029296875
1 0.4609375 0.3974609375 0.015625 0.025390625
1 0.05546875 0.39453125 0.0765625 0.0234375
1 0.4375 0.39453125 0.03125 0.015625
