0 0.72734375 0.517578125 0.0171875 0.05078125
0 0.5015625 0.55078125 0.021875 0.08984375
0 0.2578125 0.529296875 0.009375 0.02734375
2 0.6625 0.572265625 0.084375 0.07421875
3 0.72109375 0.564453125 0.0734375 0.078125
1 0.478125 0.5390625 0.13125 0.0625
1 0.0078125 0.546875 0.015625 0.03125
1 0.03671875 0.541015625 0.0328125 0.03125
1 0.0609375 0.53515625 0.025 0.02734375
1 0.07734375 0.53125 0.0203125 0.02734375
1 0.09609375 0.5283203125 0.0234375 0.021484375
1 0.11640625 0.5322265625 0.0171875 0.021484375
