4 0.484375 0.4638671875 0.01875 0.025390625
6 0.52734375 0.42578125 0.0046875 0.01171875
6 0.48359375 0.42578125 0.0046875 0.01171875
6 0.44296875 0.447265625 0.0046875 0.01171875
6 0.53515625 0.4521484375 0.0015625 0.005859375
6 0.5546875 0.4501953125 0.003125 0.005859375
6 0.5671875 0.4482421875 0.003125 0.009765625
8 0.7203125 0.310546875 0.021875 0.03515625
8 0.72109375 0.376953125 0.0140625 0.0390625
8 0.72578125 0.43359375 0.0140625 0.0234375
1 0.53046875 0.4697265625 0.0046875 0.005859375
1 0.53984375 0.470703125 0.0046875 0.0078125
1 0.5484375 0.47265625 0.0125 0.01953125
1 0.56484375 0.4794921875 0.0328125 0.033203125
