8 0.1953125 0.4404296875 0.009375 0.009765625
0 0.809375 0.4716796875 0.059375 0.173828125
1 0.70078125 0.4658203125 0.1484375 0.181640625
1 0.60859375 0.46875 0.0734375 0.1171875
1 0.55078125 0.4716796875 0.0765625 0.072265625
1 0.49453125 0.46875 0.0671875 0.0625
1 0.45234375 0.46484375 0.0640625 0.0625
1 0.4 0.46484375 0.046875 0.05078125
1 0.340625 0.4658203125 0.075 0.072265625
1 0.284375 0.4658203125 0.04375 0.044921875
1 0.2390625 0.4697265625 0.046875 0.033203125
1 0.15703125 0.4775390625 0.0328125 0.037109375
1 0.12734375 0.4873046875 0.0390625 0.076171875
1 0.0796875 0.4873046875 0.071875 0.115234375
1 0.0328125 0.5029296875 0.065625 0.134765625
1 0.359375 0.435546875 0.053125 0.03515625
