6 0.98828125 0.3046875 0.0234375 0.07421875
6 0.62890625 0.3271484375 0.0140625 0.056640625
6 0.621875 0.3828125 0.01875 0.01953125
6 0.3078125 0.4189453125 0.00625 0.017578125
6 0.009375 0.337890625 0.015625 0.05859375
6 0.01171875 0.392578125 0.0140625 0.015625
8 0.6296875 0.361328125 0.040625 0.01953125
0 0.86796875 0.462890625 0.0328125 0.1015625
0 0.80234375 0.4619140625 0.0265625 0.095703125
0 0.83046875 0.458984375 0.0296875 0.09375
0 0.70390625 0.4609375 0.0203125 0.0859375
0 0.71640625 0.4609375 0.0234375 0.0859375
0 0.51875 0.458984375 0.0125 0.046875
0 0.0296875 0.4609375 0.015625 0.078125
0 0.05703125 0.4560546875 0.0140625 0.064453125
0 0.09296875 0.4599609375 0.0171875 0.044921875
0 0.134375 0.4658203125 0.0125 0.056640625
0 0.1515625 0.4638671875 0.015625 0.060546875
0 0.20859375 0.46484375 0.0171875 0.05078125
2 0.4296875 0.490234375 0.0375 0.0546875
1 0.44765625 0.46484375 0.0328125 0.05078125
1 0.478125 0.46484375 0.028125 0.03515625
1 0.39609375 0.4619140625 0.0203125 0.021484375
1 0.40546875 0.4560546875 0.0109375 0.017578125
