0 0.01875 0.447265625 0.009375 0.03125
0 0.02578125 0.4462890625 0.0078125 0.033203125
0 0.41484375 0.4423828125 0.0046875 0.013671875
0 0.42421875 0.44140625 0.0078125 0.01171875
0 0.4390625 0.4404296875 0.00625 0.009765625
0 0.5890625 0.5009765625 0.028125 0.076171875
0 0.0390625 0.4423828125 0.009375 0.021484375
2 0.48984375 0.4931640625 0.0234375 0.044921875
1 0.0234375 0.5126953125 0.046875 0.083984375
1 0.21640625 0.564453125 0.1609375 0.14453125
1 0.3265625 0.5087890625 0.084375 0.087890625
1 0.365625 0.494140625 0.053125 0.0703125
1 0.39140625 0.478515625 0.0640625 0.07421875
1 0.425 0.4716796875 0.01875 0.048828125
1 0.4375 0.46875 0.025 0.04296875
1 0.4484375 0.462890625 0.021875 0.03515625
1 0.471875 0.4521484375 0.021875 0.025390625
1 0.5421875 0.4599609375 0.028125 0.025390625
1 0.50234375 0.44921875 0.0140625 0.01953125
1 0.51328125 0.447265625 0.0109375 0.01171875
1 0.5234375 0.4443359375 0.009375 0.009765625
1 0.8265625 0.576171875 0.25625 0.23828125
1 0.69375 0.5419921875 0.075 0.111328125
1 0.690625 0.517578125 0.0875 0.09375
1 0.67890625 0.5068359375 0.0796875 0.091796875
1 0.62109375 0.5068359375 0.0609375 0.060546875
1 0.57265625 0.455078125 0.0203125 0.0234375
1 0.56015625 0.453125 0.0109375 0.01953125
1 0.71484375 0.4521484375 0.0390625 0.017578125
11 0.5421875 0.5107421875 0.009375 0.005859375
8 0.44921875 0.4169921875 0.0109375 0.013671875
8 0.44921875 0.42578125 0.0078125 0.00390625
