0 0.4875 0.4052734375 0.0125 0.041015625
0 0.496875 0.404296875 0.015625 0.04296875
0 0.79609375 0.408203125 0.0265625 0.02734375
1 0.52109375 0.396484375 0.0234375 0.02734375
1 0.46484375 0.40234375 0.0234375 0.03125
1 0.43515625 0.4091796875 0.0453125 0.052734375
1 0.40859375 0.4248046875 0.0296875 0.068359375
1 0.36640625 0.43359375 0.0890625 0.08203125
1 0.2390625 0.48046875 0.153125 0.1328125
1 0.1078125 0.5185546875 0.215625 0.302734375
1 0.88984375 0.53125 0.2203125 0.1953125
1 0.78828125 0.490234375 0.1484375 0.15234375
1 0.715625 0.466796875 0.09375 0.1171875
1 0.6359375 0.4365234375 0.06875 0.064453125
1 0.62265625 0.4150390625 0.0484375 0.044921875
1 0.58203125 0.4150390625 0.0296875 0.037109375
1 0.56875 0.40234375 0.025 0.03125
