6 0.10078125 0.22265625 0.0296875 0.08984375
6 0.0734375 0.3212890625 0.0125 0.037109375
6 0.128125 0.3447265625 0.009375 0.033203125
6 0.16640625 0.439453125 0.0078125 0.0234375
6 0.64140625 0.39453125 0.0109375 0.02734375
6 0.70078125 0.435546875 0.0078125 0.02734375
6 0.96328125 0.3330078125 0.0109375 0.037109375
6 0.91640625 0.4658203125 0.0078125 0.029296875
8 0.98671875 0.322265625 0.0078125 0.01953125
0 0.56171875 0.51171875 0.0078125 0.01953125
1 0.60859375 0.505859375 0.0109375 0.01171875
6 0.7 0.4794921875 0.009375 0.009765625
