0 0.41484375 0.4443359375 0.0078125 0.025390625
1 0.03671875 0.6083984375 0.0734375 0.236328125
1 0.19921875 0.544921875 0.1484375 0.125
1 0.328125 0.458984375 0.0375 0.04296875
1 0.35703125 0.4755859375 0.0515625 0.052734375
1 0.37890625 0.466796875 0.0421875 0.0546875
1 0.3375 0.4326171875 0.06875 0.033203125
1 0.38359375 0.435546875 0.0265625 0.0234375
1 0.4078125 0.4365234375 0.025 0.021484375
1 0.4484375 0.4443359375 0.021875 0.025390625
1 0.43203125 0.431640625 0.0171875 0.015625
1 0.459375 0.4345703125 0.0125 0.013671875
1 0.46640625 0.43359375 0.0109375 0.01171875
1 0.47265625 0.4306640625 0.0109375 0.013671875
1 0.49609375 0.4326171875 0.0140625 0.013671875
1 0.52265625 0.4365234375 0.0140625 0.017578125
1 0.52890625 0.4404296875 0.0140625 0.021484375
1 0.54140625 0.4501953125 0.0296875 0.033203125
1 0.54921875 0.4638671875 0.0203125 0.041015625
1 0.5703125 0.46875 0.05 0.05859375
1 0.5875 0.484375 0.0625 0.0625
1 0.63046875 0.5078125 0.0796875 0.0859375
1 0.675 0.53125 0.125 0.1171875
1 0.8828125 0.7216796875 0.234375 0.314453125
1 0.06328125 0.47265625 0.1078125 0.09375
2 0.4375 0.453125 0.009375 0.015625
