1 0.36328125 0.5234375 0.0171875 0.02734375
1 0.353125 0.525390625 0.021875 0.02734375
1 0.33671875 0.52734375 0.0234375 0.0390625
1 0.328125 0.5322265625 0.021875 0.037109375
1 0.26875 0.5390625 0.053125 0.05078125
1 0.1015625 0.5517578125 0.109375 0.126953125
1 0.0375 0.5615234375 0.075 0.158203125
1 0.48359375 0.5224609375 0.0234375 0.025390625
1 0.4984375 0.5302734375 0.025 0.033203125
1 0.51328125 0.5302734375 0.0203125 0.041015625
1 0.52109375 0.5341796875 0.0203125 0.044921875
1 0.534375 0.53515625 0.03125 0.046875
1 0.55390625 0.5419921875 0.0390625 0.060546875
1 0.5609375 0.5498046875 0.01875 0.060546875
1 0.628125 0.54296875 0.134375 0.1328125
1 0.80234375 0.623046875 0.1671875 0.1875
1 0.928125 0.6015625 0.14375 0.375
1 0.46640625 0.5205078125 0.0140625 0.017578125
11 0.30625 0.6328125 0.03125 0.01171875
