4 0.4328125 0.455078125 0.1 0.0390625
4 0.51328125 0.43359375 0.0546875 0.05078125
4 0.81953125 0.4072265625 0.2671875 0.068359375
4 0.63359375 0.4267578125 0.0921875 0.037109375
0 0.12421875 0.5 0.0234375 0.046875
0 0.28984375 0.4716796875 0.0078125 0.029296875
0 0.36171875 0.466796875 0.0046875 0.01953125
0 0.3703125 0.4658203125 0.00625 0.017578125
0 0.37578125 0.466796875 0.0046875 0.01953125
0 0.67734375 0.474609375 0.0359375 0.11328125
0 0.640625 0.4599609375 0.021875 0.064453125
0 0.62109375 0.46875 0.0171875 0.05078125
0 0.61015625 0.4521484375 0.0109375 0.033203125
0 0.59609375 0.470703125 0.0171875 0.0546875
0 0.571875 0.45703125 0.009375 0.03515625
0 0.55546875 0.4619140625 0.0171875 0.041015625
0 0.5796875 0.4580078125 0.0125 0.033203125
1 0.46875 0.4638671875 0.03125 0.025390625
1 0.45234375 0.462890625 0.0265625 0.0234375
1 0.50625 0.5126953125 0.13125 0.115234375
1 0.95234375 0.4873046875 0.0953125 0.111328125
1 0.90546875 0.4482421875 0.1890625 0.134765625
1 0.771875 0.4482421875 0.11875 0.091796875
1 0.85078125 0.4443359375 0.1390625 0.103515625
0 0.1109375 0.5 0.021875 0.046875
