8 0.3703125 0.4521484375 0.00625 0.009765625
1 0.85234375 0.5458984375 0.2953125 0.224609375
1 0.6921875 0.51171875 0.146875 0.13671875
1 0.58203125 0.4814453125 0.0890625 0.087890625
1 0.53359375 0.4814453125 0.0390625 0.056640625
1 0.48828125 0.46875 0.0421875 0.04296875
1 0.4671875 0.4677734375 0.009375 0.029296875
1 0.45546875 0.4677734375 0.0171875 0.017578125
1 0.278125 0.474609375 0.0625 0.0546875
1 0.30546875 0.4716796875 0.0203125 0.048828125
1 0.37578125 0.4697265625 0.0203125 0.017578125
1 0.38828125 0.4658203125 0.0140625 0.017578125
1 0.01484375 0.51171875 0.0296875 0.1484375
1 0.4328125 0.466796875 0.021875 0.015625
