4 0.55625 0.5234375 0.021875 0.0390625
0 0.94765625 0.6064453125 0.0234375 0.103515625
0 0.98125 0.5986328125 0.03125 0.099609375
0 0.6375 0.552734375 0.009375 0.03515625
0 0.77109375 0.5849609375 0.0109375 0.044921875
0 0.5875 0.546875 0.00625 0.01953125
0 0.59921875 0.55078125 0.0078125 0.01953125
3 0.51015625 0.623046875 0.0390625 0.0625
1 0.1359375 0.6298828125 0.15625 0.103515625
1 0.3296875 0.5947265625 0.059375 0.056640625
1 0.41796875 0.591796875 0.0515625 0.046875
1 0.50234375 0.59765625 0.0546875 0.05859375
1 0.45859375 0.5595703125 0.0203125 0.017578125
1 0.55859375 0.5517578125 0.0203125 0.021484375
1 0.49140625 0.5478515625 0.0140625 0.017578125
1 0.45 0.5517578125 0.01875 0.025390625
1 0.50078125 0.5380859375 0.0140625 0.013671875
1 0.55625 0.5361328125 0.0125 0.009765625
