4 0.05546875 0.5263671875 0.1109375 0.123046875
4 0.6625 0.4638671875 0.078125 0.083984375
6 0.85546875 0.408203125 0.0171875 0.05078125
8 0.1203125 0.48828125 0.015625 0.0234375
0 0.271875 0.53125 0.03125 0.08203125
0 0.3046875 0.5302734375 0.021875 0.072265625
0 0.3453125 0.5224609375 0.0375 0.076171875
0 0.37109375 0.51953125 0.0296875 0.08203125
0 0.39921875 0.521484375 0.0328125 0.07421875
0 0.43515625 0.525390625 0.0359375 0.0625
0 0.48515625 0.5322265625 0.0390625 0.064453125
0 0.51015625 0.537109375 0.0328125 0.12109375
0 0.43359375 0.4873046875 0.0203125 0.021484375
0 0.4515625 0.5009765625 0.021875 0.044921875
0 0.48671875 0.4912109375 0.0140625 0.029296875
0 0.47421875 0.48828125 0.0109375 0.02734375
0 0.46328125 0.4873046875 0.0109375 0.025390625
0 0.65703125 0.49609375 0.0265625 0.05859375
0 0.6734375 0.4970703125 0.01875 0.064453125
0 0.68984375 0.4970703125 0.0140625 0.056640625
0 0.71875 0.56640625 0.046875 0.16796875
1 0.2046875 0.5478515625 0.096875 0.091796875
1 0.13671875 0.5322265625 0.0578125 0.060546875
1 0.82265625 0.4921875 0.0859375 0.0703125
1 0.76484375 0.4912109375 0.0453125 0.060546875
1 0.54296875 0.4873046875 0.0296875 0.025390625
1 0.86640625 0.6923828125 0.2671875 0.462890625
1 0.34921875 0.7783203125 0.4484375 0.443359375
