0 0.5109375 0.4921875 0.0375 0.125
0 0.53671875 0.486328125 0.0296875 0.125
0 0.5640625 0.4892578125 0.053125 0.177734375
1 0.2296875 0.4697265625 0.140625 0.099609375
1 0.23515625 0.484375 0.0859375 0.08203125
1 0.178125 0.4921875 0.128125 0.10546875
1 0.0984375 0.5078125 0.153125 0.1328125
1 0.040625 0.583984375 0.08125 0.25
1 0.5109375 0.474609375 0.06875 0.08984375
1 0.67421875 0.4892578125 0.2171875 0.150390625
1 0.70703125 0.5185546875 0.0703125 0.146484375
1 0.8640625 0.49609375 0.271875 0.26953125
1 0.9015625 0.576171875 0.196875 0.328125
1 0.37578125 0.4990234375 0.2140625 0.236328125
