8 0.81875 0.3857421875 0.009375 0.021484375
8 0.81875 0.4140625 0.009375 0.02734375
8 0.97734375 0.39453125 0.0171875 0.0234375
2 0.33359375 0.4833984375 0.0171875 0.025390625
1 0.7828125 0.42578125 0.015625 0.01171875
1 0.78515625 0.443359375 0.0109375 0.01953125
1 0.85703125 0.431640625 0.0328125 0.01171875
1 0.4609375 0.4638671875 0.009375 0.013671875
1 0.40625 0.4658203125 0.0125 0.013671875
1 0.440625 0.451171875 0.00625 0.0078125
1 0.43359375 0.45703125 0.0078125 0.0078125
1 0.3875 0.466796875 0.0125 0.01171875
1 0.36328125 0.46875 0.0171875 0.01953125
1 0.346875 0.4716796875 0.015625 0.017578125
1 0.31484375 0.4775390625 0.0203125 0.021484375
1 0.2890625 0.48046875 0.034375 0.03125
1 0.27578125 0.478515625 0.0265625 0.03125
1 0.19453125 0.4892578125 0.0484375 0.041015625
1 0.03046875 0.5166015625 0.0609375 0.060546875
7 0.7296875 0.51171875 0.01875 0.0703125
