6 0.60390625 0.3369140625 0.0140625 0.044921875
8 0.59609375 0.3916015625 0.0234375 0.044921875
0 0.884375 0.4658203125 0.025 0.119140625
0 0.859375 0.46875 0.03125 0.11328125
0 0.81875 0.4697265625 0.03125 0.111328125
0 0.80078125 0.47265625 0.0296875 0.11328125
0 0.7625 0.4833984375 0.059375 0.115234375
1 0.42421875 0.470703125 0.0515625 0.05078125
1 0.2765625 0.4814453125 0.084375 0.091796875
0 0.76171875 0.4794921875 0.0328125 0.119140625
6 0.0203125 0.3955078125 0.01875 0.060546875
1 0.3703125 0.47265625 0.021875 0.0234375
