6 0.196875 0.3056640625 0.01875 0.060546875
6 0.196875 0.375 0.015625 0.02734375
6 0.54921875 0.1328125 0.0171875 0.06640625
6 0.77109375 0.2861328125 0.0234375 0.064453125
6 0.7703125 0.35546875 0.01875 0.02734375
0 0.71015625 0.4599609375 0.0203125 0.044921875
0 0.7015625 0.4462890625 0.009375 0.037109375
0 0.65546875 0.453125 0.0140625 0.04296875
0 0.134375 0.4267578125 0.015625 0.025390625
2 0.72734375 0.4716796875 0.0265625 0.052734375
2 0.57890625 0.4619140625 0.0046875 0.017578125
2 0.59453125 0.4619140625 0.0046875 0.013671875
1 0.46328125 0.458984375 0.0640625 0.07421875
1 0.36953125 0.4775390625 0.1265625 0.123046875
1 0.30625 0.4541015625 0.05 0.048828125
1 0.1625 0.5478515625 0.325 0.228515625
0 0.43515625 0.44140625 0.0140625 0.0390625
