8 0.5390625 0.408203125 0.009375 0.01171875
8 0.1828125 0.3779296875 0.028125 0.041015625
8 0.18203125 0.40625 0.0265625 0.015625
0 0.91875 0.5068359375 0.046875 0.126953125
0 0.82734375 0.484375 0.0390625 0.05859375
0 0.79296875 0.4853515625 0.0296875 0.107421875
0 0.775 0.470703125 0.021875 0.06640625
0 0.71875 0.4638671875 0.0125 0.041015625
0 0.725 0.453125 0.009375 0.0234375
0 0.665625 0.4521484375 0.015625 0.041015625
0 0.596875 0.4365234375 0.009375 0.025390625
0 0.40546875 0.43359375 0.0046875 0.015625
0 0.49453125 0.6435546875 0.0828125 0.322265625
0 0.88828125 0.486328125 0.0203125 0.06640625
2 0.65234375 0.490234375 0.0359375 0.04296875
2 0.63359375 0.4833984375 0.0171875 0.052734375
2 0.35390625 0.4599609375 0.0109375 0.021484375
2 0.16875 0.4892578125 0.021875 0.048828125
2 0.20625 0.4931640625 0.03125 0.048828125
3 0.59296875 0.4775390625 0.0640625 0.056640625
1 0.56953125 0.4638671875 0.0546875 0.060546875
1 0.5421875 0.458984375 0.025 0.04296875
1 0.53515625 0.453125 0.0203125 0.03515625
1 0.5296875 0.4501953125 0.01875 0.033203125
1 0.51484375 0.4345703125 0.0203125 0.025390625
1 0.4765625 0.4697265625 0.065625 0.068359375
1 0.45859375 0.431640625 0.0140625 0.01171875
1 0.44453125 0.431640625 0.0109375 0.01171875
1 0.42109375 0.439453125 0.0234375 0.02734375
1 0.4328125 0.439453125 0.009375 0.01953125
1 0.490625 0.4306640625 0.009375 0.009765625
1 0.49921875 0.431640625 0.0078125 0.01171875
7 0.37578125 0.447265625 0.0078125 0.015625
