6 0.296875 0.4765625 0.00625 0.0078125
6 0.5390625 0.4619140625 0.00625 0.009765625
8 0.21484375 0.5 0.0234375 0.0078125
8 0.29765625 0.4951171875 0.0140625 0.017578125
8 0.62109375 0.4296875 0.0296875 0.05078125
8 0.62265625 0.4609375 0.0109375 0.01171875
8 0.5390625 0.486328125 0.01875 0.02734375
8 0.5421875 0.5341796875 0.009375 0.017578125
0 0.5203125 0.5185546875 0.00625 0.021484375
0 0.80390625 0.5234375 0.0296875 0.10546875
0 0.7515625 0.5283203125 0.028125 0.099609375
0 0.71484375 0.5361328125 0.0296875 0.080078125
0 0.22734375 0.5537109375 0.0140625 0.033203125
1 0.48828125 0.541015625 0.0328125 0.03125
1 0.48515625 0.5302734375 0.0296875 0.029296875
1 0.471875 0.5244140625 0.01875 0.029296875
1 0.4640625 0.5166015625 0.01875 0.021484375
1 0.4609375 0.5048828125 0.015625 0.013671875
1 0.4078125 0.49609375 0.009375 0.01171875
1 0.39921875 0.5029296875 0.0140625 0.017578125
1 0.39296875 0.5087890625 0.0140625 0.017578125
1 0.38984375 0.51171875 0.0140625 0.015625
1 0.38515625 0.517578125 0.0109375 0.01953125
1 0.3796875 0.5234375 0.015625 0.0234375
1 0.36015625 0.5283203125 0.0234375 0.025390625
1 0.33359375 0.5634765625 0.0765625 0.072265625
7 0.5640625 0.5615234375 0.009375 0.025390625
