6 0.821875 0.341796875 0.021875 0.02734375
6 0.80859375 0.2666015625 0.0234375 0.068359375
6 0.534375 0.35546875 0.021875 0.0234375
6 0.53828125 0.2958984375 0.0140625 0.060546875
8 0.871875 0.3232421875 0.046875 0.013671875
8 0.8171875 0.3125 0.028125 0.01953125
8 0.46953125 0.3701171875 0.0140625 0.021484375
0 0.66640625 0.4560546875 0.0390625 0.130859375
0 0.6375 0.451171875 0.0375 0.1171875
0 0.50703125 0.4462890625 0.0234375 0.091796875
0 0.4828125 0.4580078125 0.05 0.111328125
0 0.4265625 0.45703125 0.05 0.109375
0 0.39921875 0.46484375 0.0296875 0.10546875
0 0.18046875 0.4638671875 0.0453125 0.103515625
0 0.146875 0.4609375 0.028125 0.1171875
0 0.14765625 0.46875 0.0484375 0.10546875
1 0.44921875 0.455078125 0.0296875 0.05078125
1 0.35625 0.44921875 0.015625 0.015625
1 0.09921875 0.45703125 0.0765625 0.0625
7 0.51484375 0.466796875 0.0140625 0.05078125
