2 0.52109375 0.54296875 0.0328125 0.0703125
2 0.596875 0.552734375 0.028125 0.0625
3 0.653125 0.5400390625 0.059375 0.091796875
1 0.5609375 0.505859375 0.01875 0.0234375
1 0.55 0.501953125 0.015625 0.01953125
1 0.5 0.5029296875 0.0125 0.017578125
1 0.4859375 0.501953125 0.01875 0.01953125
1 0.45703125 0.5009765625 0.0296875 0.037109375
1 0.43046875 0.50390625 0.0359375 0.046875
1 0.415625 0.509765625 0.03125 0.04296875
1 0.37890625 0.5107421875 0.0546875 0.072265625
1 0.31796875 0.4765625 0.0578125 0.01953125
1 0.32421875 0.5234375 0.0984375 0.078125
1 0.203125 0.5458984375 0.14375 0.130859375
1 0.0765625 0.5703125 0.153125 0.203125
1 0.5734375 0.5126953125 0.028125 0.037109375
1 0.62890625 0.51171875 0.0484375 0.05859375
1 0.64375 0.53515625 0.071875 0.078125
1 0.70703125 0.5673828125 0.1171875 0.115234375
1 0.875 0.5751953125 0.25 0.333984375
1 0.93828125 0.6767578125 0.1234375 0.302734375
