2 0.50546875 0.4482421875 0.0046875 0.009765625
1 0.93828125 0.6884765625 0.1234375 0.236328125
1 0.6359375 0.486328125 0.059375 0.06640625
1 0.60859375 0.4794921875 0.0203125 0.044921875
1 0.59765625 0.4677734375 0.0421875 0.044921875
1 0.57734375 0.4580078125 0.0234375 0.025390625
1 0.56953125 0.4541015625 0.0234375 0.025390625
1 0.559375 0.4482421875 0.015625 0.017578125
1 0.553125 0.443359375 0.01875 0.01953125
1 0.54296875 0.443359375 0.0078125 0.01171875
1 0.540625 0.4365234375 0.009375 0.009765625
1 0.52890625 0.4521484375 0.0234375 0.025390625
1 0.528125 0.435546875 0.0125 0.01171875
1 0.51875 0.43359375 0.00625 0.0078125
1 0.5015625 0.4345703125 0.009375 0.013671875
1 0.4921875 0.4384765625 0.0125 0.017578125
1 0.4828125 0.4443359375 0.01875 0.025390625
1 0.47109375 0.44921875 0.0234375 0.0234375
1 0.4625 0.4560546875 0.028125 0.033203125
1 0.44921875 0.462890625 0.0296875 0.03515625
1 0.41796875 0.470703125 0.0515625 0.05859375
1 0.35703125 0.5009765625 0.0890625 0.080078125
1 0.35390625 0.4404296875 0.0515625 0.033203125
1 0.25703125 0.4619140625 0.0703125 0.060546875
1 0.18671875 0.482421875 0.1140625 0.08203125
1 0.0921875 0.44921875 0.13125 0.05859375
1 0.11875 0.6318359375 0.2375 0.322265625
1 0.50859375 0.4326171875 0.0046875 0.009765625
11 0.51640625 0.4541015625 0.0015625 0.001953125
