4 0.81875 0.4072265625 0.259375 0.076171875
4 0.51640625 0.447265625 0.0609375 0.078125
4 0.63515625 0.4248046875 0.0890625 0.029296875
0 0.87890625 0.4150390625 0.0203125 0.033203125
0 0.70390625 0.4638671875 0.0265625 0.099609375
0 0.6859375 0.4697265625 0.025 0.103515625
0 0.66171875 0.466796875 0.0296875 0.09765625
0 0.6359375 0.451171875 0.0125 0.05078125
0 0.625 0.44921875 0.009375 0.04296875
0 0.61796875 0.4541015625 0.0078125 0.037109375
0 0.61171875 0.455078125 0.0078125 0.03515625
0 0.6046875 0.4521484375 0.00625 0.029296875
0 0.59921875 0.4599609375 0.0171875 0.052734375
0 0.5875 0.45703125 0.0125 0.04296875
0 0.57578125 0.458984375 0.0109375 0.04296875
0 0.571875 0.4599609375 0.009375 0.044921875
0 0.5578125 0.4580078125 0.0125 0.041015625
0 0.5484375 0.458984375 0.009375 0.0390625
0 0.375 0.46875 0.009375 0.02734375
0 0.3703125 0.466796875 0.00625 0.0234375
0 0.11171875 0.4931640625 0.0203125 0.060546875
0 0.09296875 0.4951171875 0.0171875 0.060546875
1 0.95234375 0.4892578125 0.0953125 0.111328125
1 0.91015625 0.44921875 0.1796875 0.1328125
1 0.85078125 0.4453125 0.1421875 0.1015625
1 0.47421875 0.462890625 0.0234375 0.0234375
1 0.4546875 0.4638671875 0.021875 0.021484375
1 0.42421875 0.4736328125 0.0453125 0.041015625
1 0.359375 0.4638671875 0.015625 0.013671875
1 0.29765625 0.4716796875 0.0296875 0.025390625
7 0.340625 0.4794921875 0.00625 0.021484375
0 0.12890625 0.490234375 0.0140625 0.02734375
