0 0.73125 0.4814453125 0.009375 0.068359375
0 0.6296875 0.4599609375 0.015625 0.048828125
0 0.34296875 0.4365234375 0.0140625 0.029296875
0 0.31796875 0.4560546875 0.0203125 0.052734375
1 0.959375 0.509765625 0.08125 0.11328125
1 0.865625 0.494140625 0.1375 0.08984375
1 0.80078125 0.490234375 0.0578125 0.08203125
1 0.690625 0.484375 0.053125 0.0625
1 0.65234375 0.458984375 0.0296875 0.04296875
1 0.60625 0.4521484375 0.0375 0.029296875
1 0.575 0.4541015625 0.03125 0.037109375
1 0.55859375 0.447265625 0.0171875 0.02734375
1 0.55 0.4453125 0.009375 0.015625
1 0.53984375 0.443359375 0.0109375 0.015625
1 0.53203125 0.44140625 0.0078125 0.01171875
1 0.503125 0.439453125 0.00625 0.0078125
1 0.49921875 0.4404296875 0.0078125 0.009765625
1 0.49140625 0.4384765625 0.0109375 0.013671875
1 0.4859375 0.4404296875 0.009375 0.013671875
1 0.4734375 0.4404296875 0.01875 0.021484375
1 0.46640625 0.4443359375 0.0140625 0.017578125
1 0.45625 0.447265625 0.01875 0.0234375
1 0.453125 0.4521484375 0.015625 0.025390625
1 0.43671875 0.4443359375 0.0265625 0.037109375
1 0.4265625 0.4482421875 0.040625 0.037109375
1 0.4140625 0.458984375 0.046875 0.046875
1 0.365625 0.46484375 0.06875 0.0703125
1 0.29921875 0.4560546875 0.0796875 0.048828125
1 0.2109375 0.49609375 0.128125 0.140625
1 0.08984375 0.53125 0.1796875 0.203125
7 0.27734375 0.486328125 0.0078125 0.03515625
11 0.909375 0.7724609375 0.075 0.052734375
11 0.759375 0.64453125 0.04375 0.02734375
1 0.01484375 0.5712890625 0.0359375 0.193359375
