0 0.19921875 0.4697265625 0.0171875 0.060546875
0 0.34765625 0.4521484375 0.0109375 0.033203125
0 0.609375 0.4501953125 0.009375 0.029296875
0 0.6265625 0.4609375 0.015625 0.0546875
0 0.67265625 0.4580078125 0.0171875 0.033203125
0 0.9296875 0.501953125 0.0375 0.09375
0 0.440625 0.44140625 0.00625 0.0234375
2 0.9484375 0.556640625 0.053125 0.0859375
1 0.8375 0.5771484375 0.21875 0.205078125
1 0.71328125 0.537109375 0.1078125 0.11328125
1 0.671875 0.5146484375 0.071875 0.080078125
1 0.4640625 0.4404296875 0.025 0.033203125
1 0.55 0.4501953125 0.03125 0.037109375
1 0.5125 0.4384765625 0.0125 0.013671875
1 0.52265625 0.4443359375 0.0171875 0.017578125
1 0.49140625 0.4375 0.0078125 0.0078125
2 0.23828125 0.49609375 0.0203125 0.0546875
8 0.62265625 0.40234375 0.0203125 0.0078125
8 0.6234375 0.3955078125 0.00625 0.005859375
