8 0.909375 0.376953125 0.015625 0.0390625
8 0.90546875 0.4296875 0.0203125 0.02734375
8 0.28203125 0.380859375 0.0234375 0.02734375
2 0.2953125 0.4736328125 0.0375 0.033203125
2 0.55625 0.5556640625 0.1 0.072265625
1 0.63203125 0.4345703125 0.0109375 0.017578125
1 0.62109375 0.435546875 0.0109375 0.01953125
1 0.609375 0.439453125 0.0125 0.015625
1 0.596875 0.443359375 0.015625 0.01953125
1 0.58046875 0.4453125 0.0171875 0.0234375
1 0.56875 0.4462890625 0.015625 0.025390625
1 0.5578125 0.44921875 0.01875 0.02734375
1 0.54140625 0.44921875 0.0234375 0.03515625
1 0.5328125 0.453125 0.021875 0.03515625
1 0.51015625 0.4560546875 0.0421875 0.041015625
1 0.49765625 0.4462890625 0.0171875 0.021484375
1 0.484375 0.462890625 0.03125 0.0390625
1 0.4609375 0.4658203125 0.028125 0.041015625
1 0.38828125 0.4423828125 0.0546875 0.017578125
1 0.43046875 0.470703125 0.0515625 0.05078125
1 0.14609375 0.443359375 0.1203125 0.03515625
1 0.14453125 0.4697265625 0.0953125 0.056640625
1 0.234375 0.4638671875 0.084375 0.072265625
1 0.65546875 0.4560546875 0.0265625 0.033203125
1 0.63828125 0.4658203125 0.0453125 0.048828125
1 0.7140625 0.451171875 0.04375 0.03125
1 0.7484375 0.478515625 0.0875 0.07421875
