6 0.03359375 0.3642578125 0.0171875 0.056640625
6 0.03671875 0.423828125 0.0171875 0.01953125
6 0.70546875 0.37109375 0.0203125 0.0625
6 0.69765625 0.4306640625 0.0234375 0.017578125
6 0.3859375 0.44921875 0.00625 0.0234375
6 0.5859375 0.455078125 0.00625 0.015625
8 0.0375 0.40234375 0.04375 0.015625
8 0.7078125 0.4130859375 0.04375 0.017578125
0 0.4203125 0.4892578125 0.00625 0.021484375
0 0.37109375 0.484375 0.0078125 0.01953125
0 0.334375 0.4833984375 0.009375 0.017578125
0 0.14375 0.494140625 0.021875 0.0625
0 0.73125 0.5322265625 0.03125 0.115234375
0 0.7625 0.52734375 0.021875 0.109375
0 0.77578125 0.53125 0.0234375 0.1171875
0 0.7046875 0.486328125 0.015625 0.046875
0 0.671875 0.4912109375 0.0125 0.021484375
1 0.51484375 0.5146484375 0.0453125 0.048828125
1 0.5578125 0.4990234375 0.028125 0.029296875
