8 0.21171875 0.232421875 0.0515625 0.03125
8 0.20859375 0.2900390625 0.0578125 0.033203125
8 0.20390625 0.353515625 0.0578125 0.0390625
0 0.40859375 0.42578125 0.0234375 0.08203125
0 0.62265625 0.3974609375 0.0109375 0.009765625
0 0.671875 0.40625 0.0125 0.015625
5 0.5 0.4013671875 0.053125 0.064453125
1 0.93828125 0.568359375 0.1234375 0.2890625
1 0.85234375 0.525390625 0.2046875 0.16796875
1 0.75390625 0.484375 0.1203125 0.11328125
1 0.71171875 0.455078125 0.0578125 0.07421875
1 0.684375 0.4521484375 0.025 0.064453125
1 0.66875 0.4404296875 0.034375 0.052734375
1 0.62578125 0.4208984375 0.0390625 0.041015625
1 0.60703125 0.416015625 0.0203125 0.03125
1 0.590625 0.4169921875 0.01875 0.029296875
1 0.57578125 0.416015625 0.0171875 0.02734375
