8 0.02890625 0.3154296875 0.0359375 0.048828125
8 0.028125 0.3427734375 0.025 0.009765625
8 0.97265625 0.3076171875 0.0265625 0.060546875
8 0.97109375 0.2490234375 0.0515625 0.017578125
0 0.80859375 0.3203125 0.0171875 0.03515625
0 0.790625 0.3115234375 0.0125 0.025390625
0 0.67734375 0.4873046875 0.0546875 0.138671875
0 0.3546875 0.3935546875 0.00625 0.021484375
0 0.34765625 0.3955078125 0.0078125 0.021484375
0 0.34140625 0.3916015625 0.0078125 0.021484375
0 0.29609375 0.4013671875 0.0078125 0.025390625
2 0.31875 0.5146484375 0.04375 0.091796875
2 0.1984375 0.4921875 0.0375 0.078125
2 0.16484375 0.4833984375 0.0265625 0.072265625
2 0.0921875 0.498046875 0.046875 0.08984375
1 0.47578125 0.4638671875 0.0953125 0.091796875
1 0.4515625 0.4375 0.078125 0.08203125
1 0.4125 0.43359375 0.03125 0.05859375
1 0.39609375 0.416015625 0.0328125 0.0390625
1 0.384375 0.4052734375 0.025 0.029296875
1 0.3734375 0.3984375 0.01875 0.02734375
1 0.36484375 0.3955078125 0.0171875 0.021484375
1 0.3578125 0.392578125 0.0125 0.01953125
1 0.328125 0.3828125 0.00625 0.0078125
1 0.3234375 0.3857421875 0.00625 0.009765625
1 0.31953125 0.388671875 0.0078125 0.01171875
1 0.3140625 0.390625 0.009375 0.01171875
1 0.30859375 0.392578125 0.0078125 0.015625
1 0.2984375 0.392578125 0.01875 0.0234375
1 0.2859375 0.400390625 0.01875 0.03125
1 0.271875 0.40234375 0.021875 0.03515625
1 0.2625 0.40234375 0.021875 0.046875
1 0.23359375 0.4091796875 0.0546875 0.056640625
1 0.1828125 0.4306640625 0.08125 0.072265625
1 0.02109375 0.4296875 0.0421875 0.06640625
1 0.065625 0.4208984375 0.053125 0.052734375
1 0.1 0.458984375 0.103125 0.08984375
1 0.0328125 0.3984375 0.065625 0.04296875
1 0.1546875 0.38671875 0.01875 0.015625
1 0.17109375 0.388671875 0.0140625 0.01171875
1 0.18671875 0.3857421875 0.0171875 0.017578125
1 0.20078125 0.3857421875 0.0140625 0.017578125
