0 0.4328125 0.4580078125 0.01875 0.052734375
0 0.16796875 0.4521484375 0.0359375 0.048828125
2 0.0125 0.5087890625 0.025 0.087890625
2 0.7625 0.5341796875 0.040625 0.091796875
2 0.7015625 0.6298828125 0.115625 0.279296875
2 0.5859375 0.52734375 0.059375 0.1328125
2 0.475 0.5302734375 0.071875 0.138671875
2 0.36953125 0.5654296875 0.0421875 0.142578125
2 0.175 0.4892578125 0.01875 0.041015625
1 0.3171875 0.47265625 0.0375 0.04296875
1 0.265625 0.470703125 0.06875 0.0625
0 0.84296875 0.4423828125 0.0390625 0.068359375
0 0.8203125 0.4423828125 0.028125 0.068359375
