4 0.48359375 0.541015625 0.0421875 0.03125
6 0.53515625 0.494140625 0.0078125 0.02734375
6 0.35078125 0.51171875 0.0046875 0.01953125
6 0.2484375 0.4755859375 0.009375 0.025390625
6 0.65703125 0.525390625 0.0078125 0.0234375
8 0.725 0.4296875 0.046875 0.0078125
8 0.7265625 0.439453125 0.05 0.01171875
8 0.728125 0.451171875 0.053125 0.01171875
8 0.728125 0.466796875 0.05 0.0234375
8 0.62109375 0.4970703125 0.0171875 0.005859375
8 0.62265625 0.5029296875 0.0171875 0.005859375
8 0.42109375 0.509765625 0.0078125 0.015625
8 0.2484375 0.4990234375 0.01875 0.021484375
0 0.9578125 0.5888671875 0.040625 0.138671875
0 0.9234375 0.5947265625 0.046875 0.150390625
0 0.73125 0.5615234375 0.01875 0.080078125
0 0.7140625 0.5615234375 0.01875 0.060546875
0 0.87578125 0.4912109375 0.0140625 0.033203125
0 0.76953125 0.4921875 0.0140625 0.02734375
0 0.69140625 0.505859375 0.0109375 0.0234375
0 0.5375 0.5654296875 0.015625 0.056640625
0 0.50546875 0.560546875 0.0140625 0.05859375
0 0.58125 0.5625 0.0125 0.05078125
0 0.5984375 0.5595703125 0.01875 0.048828125
0 0.75625 0.4951171875 0.009375 0.017578125
0 0.70390625 0.4970703125 0.0109375 0.013671875
0 0.26875 0.5419921875 0.009375 0.025390625
0 0.18515625 0.548828125 0.0109375 0.03125
0 0.415625 0.546875 0.025 0.04296875
0 0.7140625 0.49609375 0.009375 0.015625
0 0.78046875 0.4970703125 0.0109375 0.017578125
0 0.25625 0.54296875 0.015625 0.0234375
1 0.56796875 0.5615234375 0.0546875 0.044921875
1 0.0578125 0.630859375 0.115625 0.15234375
1 0.18828125 0.65234375 0.2140625 0.1953125
1 0.334375 0.58203125 0.090625 0.08203125
1 0.39296875 0.564453125 0.0515625 0.0546875
1 0.44375 0.65234375 0.1625 0.17578125
1 0.4609375 0.55859375 0.0625 0.015625
1 0.4625 0.5478515625 0.05 0.013671875
1 0.52265625 0.546875 0.0171875 0.0234375
1 0.27890625 0.5712890625 0.0296875 0.037109375
1 0.25078125 0.5771484375 0.0578125 0.052734375
1 0.20859375 0.5634765625 0.0609375 0.017578125
1 0.14765625 0.5712890625 0.0578125 0.017578125
