8 0.653125 0.3701171875 0.028125 0.037109375
8 0.653125 0.3935546875 0.015625 0.009765625
0 0.23828125 0.46875 0.0109375 0.04296875
0 0.253125 0.4677734375 0.0125 0.048828125
0 0.52578125 0.44140625 0.0078125 0.01953125
0 0.54765625 0.4404296875 0.0046875 0.013671875
0 0.55859375 0.44140625 0.0078125 0.0234375
0 0.59609375 0.4580078125 0.0140625 0.048828125
0 0.6109375 0.4541015625 0.015625 0.052734375
0 0.62578125 0.4560546875 0.0140625 0.048828125
2 0.35078125 0.515625 0.0296875 0.0546875
2 0.96484375 0.544921875 0.0703125 0.0859375
1 0.8328125 0.4853515625 0.1875 0.111328125
1 0.54765625 0.46484375 0.0671875 0.03515625
1 0.58046875 0.447265625 0.0328125 0.02734375
1 0.35859375 0.4560546875 0.0109375 0.013671875
1 0.3671875 0.4560546875 0.015625 0.017578125
1 0.3734375 0.4580078125 0.015625 0.021484375
1 0.38125 0.4580078125 0.015625 0.021484375
1 0.39453125 0.458984375 0.0234375 0.02734375
1 0.4140625 0.4580078125 0.03125 0.033203125
1 0.4203125 0.4619140625 0.025 0.029296875
1 0.4328125 0.4658203125 0.03125 0.033203125
1 0.3109375 0.45703125 0.0125 0.01953125
1 0.290625 0.4638671875 0.040625 0.048828125
1 0.32890625 0.4599609375 0.0265625 0.033203125
1 0.34375 0.4775390625 0.04375 0.052734375
1 0.09765625 0.4658203125 0.0859375 0.029296875
1 0.11015625 0.5 0.1078125 0.078125
1 0.03828125 0.5029296875 0.0765625 0.099609375
1 0.03203125 0.595703125 0.0640625 0.1484375
1 0.684375 0.56640625 0.159375 0.15234375
1 0.790625 0.6376953125 0.275 0.232421875
1 0.88203125 0.8125 0.2328125 0.375
