6 0.40859375 0.4306640625 0.0046875 0.009765625
6 0.3765625 0.431640625 0.00625 0.01171875
8 0.58984375 0.423828125 0.0140625 0.0234375
8 0.53359375 0.353515625 0.0703125 0.03515625
8 0.4796875 0.4365234375 0.040625 0.013671875
8 0.19140625 0.4443359375 0.0109375 0.017578125
1 0.53515625 0.48828125 0.0515625 0.09765625
1 0.471875 0.5224609375 0.159375 0.158203125
1 0.36640625 0.474609375 0.0671875 0.0703125
1 0.30390625 0.4736328125 0.0421875 0.044921875
1 0.2234375 0.48046875 0.04375 0.0390625
1 0.1421875 0.486328125 0.05 0.03515625
1 0.040625 0.4912109375 0.08125 0.087890625
