8 0.81171875 0.3623046875 0.0609375 0.083984375
1 0.2796875 0.5400390625 0.14375 0.130859375
1 0.32109375 0.46875 0.0390625 0.02734375
1 0.27578125 0.4638671875 0.0453125 0.021484375
1 0.490625 0.4853515625 0.059375 0.060546875
1 0.51953125 0.4697265625 0.0203125 0.025390625
1 0.53828125 0.4638671875 0.0265625 0.021484375
1 0.63359375 0.462890625 0.0140625 0.01171875
1 0.58359375 0.4677734375 0.0203125 0.017578125
1 0.9703125 0.5185546875 0.059375 0.162109375
1 0.95703125 0.44921875 0.0859375 0.0625
1 0.846875 0.4501953125 0.0875 0.041015625
1 0.9125 0.4384765625 0.065625 0.048828125
