6 0.02265625 0.4208984375 0.0140625 0.044921875
0 0.7765625 0.5634765625 0.015625 0.068359375
0 0.7828125 0.5576171875 0.0125 0.056640625
0 0.8 0.5634765625 0.015625 0.064453125
0 0.7953125 0.5380859375 0.015625 0.044921875
0 0.603125 0.544921875 0.009375 0.0234375
2 0.61484375 0.568359375 0.0109375 0.02734375
3 0.5234375 0.64453125 0.0375 0.10546875
3 0.42578125 0.5693359375 0.0171875 0.033203125
1 0.36328125 0.564453125 0.0453125 0.046875
1 0.39609375 0.5537109375 0.0296875 0.033203125
1 0.48515625 0.5830078125 0.0546875 0.080078125
1 0.56484375 0.564453125 0.0265625 0.03515625
