8 0.809375 0.39453125 0.028125 0.03125
8 0.80859375 0.4189453125 0.0296875 0.013671875
8 0.96328125 0.203125 0.0734375 0.1796875
8 0.27734375 0.40234375 0.0171875 0.0546875
5 0.03046875 0.4765625 0.0609375 0.4453125
5 0.696875 0.4755859375 0.13125 0.189453125
5 0.4953125 0.4521484375 0.140625 0.185546875
1 0.30703125 0.51953125 0.1015625 0.109375
1 0.57265625 0.4951171875 0.0234375 0.060546875
1 0.61328125 0.501953125 0.0328125 0.06640625
1 0.6265625 0.5087890625 0.021875 0.091796875
1 0.5234375 0.583984375 0.15625 0.15625
