0 0.53203125 0.443359375 0.0046875 0.015625
0 0.7328125 0.4404296875 0.015625 0.037109375
1 0.959375 0.7939453125 0.08125 0.267578125
1 0.796875 0.583984375 0.20625 0.16796875
1 0.71875 0.53125 0.140625 0.1328125
1 0.64375 0.4931640625 0.08125 0.087890625
1 0.60234375 0.4697265625 0.0578125 0.064453125
1 0.5734375 0.462890625 0.025 0.0390625
1 0.5609375 0.453125 0.01875 0.02734375
1 0.5484375 0.44921875 0.0125 0.01953125
1 0.54296875 0.4443359375 0.0140625 0.017578125
1 0.5171875 0.44921875 0.025 0.02734375
1 0.46953125 0.4443359375 0.0203125 0.021484375
1 0.43515625 0.4619140625 0.0234375 0.029296875
1 0.41328125 0.4677734375 0.0421875 0.041015625
1 0.3265625 0.50390625 0.08125 0.07421875
1 0.02734375 0.5126953125 0.0546875 0.095703125
1 0.053125 0.490234375 0.10625 0.08984375
1 0.175 0.5029296875 0.115625 0.087890625
1 0.23359375 0.4775390625 0.1328125 0.076171875
1 0.290625 0.4638671875 0.059375 0.044921875
1 0.33515625 0.4541015625 0.0421875 0.025390625
1 0.36640625 0.462890625 0.0296875 0.03515625
1 0.4515625 0.4423828125 0.0125 0.017578125
1 0.4828125 0.4423828125 0.015625 0.017578125
1 0.490625 0.4404296875 0.00625 0.013671875
1 0.49453125 0.4404296875 0.0078125 0.013671875
1 0.4984375 0.4375 0.003125 0.0078125
1 0.50546875 0.4365234375 0.0078125 0.009765625
1 0.425 0.439453125 0.028125 0.015625
1 0.1203125 0.4833984375 0.05625 0.080078125
1 0.14296875 0.455078125 0.0546875 0.02734375
1 0.153125 0.4384765625 0.078125 0.025390625
1 0.03046875 0.4482421875 0.0609375 0.029296875
1 0.67109375 0.44140625 0.0390625 0.01953125
