0 0.80390625 0.5146484375 0.0859375 0.201171875
0 0.7859375 0.517578125 0.1 0.2109375
0 0.5875 0.5087890625 0.065625 0.173828125
0 0.546875 0.5 0.04375 0.1875
0 0.50625 0.4873046875 0.040625 0.150390625
0 0.4625 0.5068359375 0.040625 0.173828125
0 0.4796875 0.4853515625 0.034375 0.138671875
0 0.41328125 0.4833984375 0.0515625 0.169921875
0 0.38046875 0.4892578125 0.0546875 0.169921875
0 0.36640625 0.474609375 0.0390625 0.13671875
0 0.31953125 0.4833984375 0.0453125 0.146484375
0 0.3453125 0.462890625 0.03125 0.1328125
0 0.2859375 0.4609375 0.046875 0.14453125
0 0.26015625 0.4189453125 0.0140625 0.068359375
0 0.2421875 0.423828125 0.015625 0.0625
1 0.89921875 0.470703125 0.1421875 0.08203125
1 0.8546875 0.4521484375 0.078125 0.072265625
1 0.6796875 0.4677734375 0.175 0.080078125
1 0.71875 0.43359375 0.09375 0.046875
1 0.1890625 0.42578125 0.065625 0.0546875
1 0.22265625 0.4248046875 0.0234375 0.048828125
1 0.12421875 0.4189453125 0.0515625 0.041015625
