0 0.75390625 0.4970703125 0.0390625 0.126953125
0 0.7078125 0.4892578125 0.046875 0.134765625
0 0.64375 0.48828125 0.034375 0.12890625
0 0.61875 0.4892578125 0.021875 0.119140625
0 0.6015625 0.4853515625 0.0375 0.130859375
0 0.56328125 0.4892578125 0.0359375 0.119140625
0 0.5359375 0.484375 0.01875 0.0625
0 0.52109375 0.4873046875 0.0140625 0.048828125
0 0.5078125 0.4853515625 0.015625 0.052734375
0 0.48203125 0.486328125 0.0140625 0.05078125
0 0.49921875 0.484375 0.0109375 0.05078125
0 0.46796875 0.4833984375 0.0140625 0.048828125
2 0.83125 0.5146484375 0.05625 0.099609375
1 0.41875 0.490234375 0.034375 0.03515625
1 0.3875 0.48828125 0.025 0.02734375
1 0.3234375 0.4853515625 0.08125 0.083984375
1 0.0515625 0.54296875 0.103125 0.31640625
