0 0.15390625 0.5576171875 0.0140625 0.041015625
0 0.64921875 0.734375 0.0734375 0.41796875
0 0.60546875 0.7333984375 0.1078125 0.517578125
3 0.865625 0.5791015625 0.04375 0.033203125
3 0.83359375 0.5732421875 0.0171875 0.033203125
3 0.8125 0.5712890625 0.015625 0.033203125
3 0.7953125 0.572265625 0.0125 0.03515625
3 0.7796875 0.5732421875 0.015625 0.033203125
3 0.7609375 0.5712890625 0.015625 0.033203125
3 0.74453125 0.568359375 0.0171875 0.03515625
3 0.72265625 0.5693359375 0.0171875 0.033203125
3 0.7078125 0.5751953125 0.021875 0.037109375
3 0.56796875 0.57421875 0.0421875 0.0390625
3 0.528125 0.5732421875 0.04375 0.037109375
3 0.49921875 0.5712890625 0.0296875 0.041015625
3 0.4203125 0.5771484375 0.109375 0.060546875
3 0.35234375 0.572265625 0.0359375 0.0390625
3 0.31875 0.56640625 0.034375 0.04296875
3 0.296875 0.5673828125 0.034375 0.033203125
3 0.2625 0.56640625 0.0375 0.03515625
3 0.2296875 0.564453125 0.0375 0.03125
3 0.1875 0.564453125 0.046875 0.03515625
1 0.06484375 0.5546875 0.1296875 0.0703125
