6 0.41796875 0.5029296875 0.0046875 0.021484375
6 0.44453125 0.501953125 0.0046875 0.015625
6 0.56015625 0.50390625 0.0046875 0.0234375
0 0.5515625 0.568359375 0.009375 0.0390625
0 0.57734375 0.5625 0.0140625 0.04296875
0 0.625 0.5791015625 0.025 0.072265625
0 0.64609375 0.5771484375 0.0234375 0.076171875
0 0.7140625 0.5947265625 0.03125 0.119140625
0 0.73515625 0.6025390625 0.0296875 0.107421875
1 0.09296875 0.7255859375 0.1859375 0.275390625
1 0.22109375 0.6181640625 0.1984375 0.197265625
1 0.359375 0.591796875 0.071875 0.078125
1 0.3859375 0.583984375 0.046875 0.06640625
1 0.40546875 0.578125 0.0296875 0.05859375
1 0.4234375 0.572265625 0.025 0.046875
1 0.5125 0.5478515625 0.021875 0.021484375
1 0.54609375 0.5458984375 0.0203125 0.017578125
