4 0.8203125 0.4580078125 0.18125 0.107421875
4 0.103125 0.4091796875 0.20625 0.103515625
4 0.37421875 0.4423828125 0.3453125 0.115234375
4 0.56328125 0.435546875 0.0640625 0.08203125
8 0.88046875 0.384765625 0.0328125 0.0390625
0 0.80078125 0.4833984375 0.0140625 0.076171875
0 0.684375 0.4658203125 0.015625 0.037109375
0 0.65390625 0.4775390625 0.0171875 0.064453125
0 0.6375 0.482421875 0.025 0.08984375
0 0.62578125 0.4794921875 0.0140625 0.060546875
0 0.60859375 0.4755859375 0.0171875 0.068359375
0 0.59375 0.4765625 0.0125 0.06640625
0 0.07421875 0.470703125 0.0265625 0.0859375
0 0.09296875 0.466796875 0.0234375 0.078125
0 0.11015625 0.4638671875 0.0203125 0.056640625
0 0.153125 0.447265625 0.025 0.03515625
0 0.17890625 0.4443359375 0.0265625 0.033203125
0 0.309375 0.4833984375 0.021875 0.095703125
0 0.2890625 0.4658203125 0.021875 0.068359375
0 0.2734375 0.4638671875 0.021875 0.048828125
2 0.0578125 0.6103515625 0.115625 0.181640625
1 0.17890625 0.5283203125 0.2515625 0.142578125
1 0.5609375 0.494140625 0.0625 0.078125
1 0.4359375 0.50390625 0.21875 0.14453125
1 0.7234375 0.482421875 0.09375 0.0703125
1 0.94375 0.466796875 0.065625 0.0390625
