0 0.78359375 0.4765625 0.0609375 0.1484375
0 0.74765625 0.4736328125 0.0453125 0.138671875
0 0.67734375 0.4697265625 0.0515625 0.142578125
2 0.1796875 0.4990234375 0.0375 0.083984375
1 0.1703125 0.474609375 0.103125 0.0859375
1 0.23046875 0.466796875 0.0453125 0.0625
1 0.2515625 0.462890625 0.034375 0.0546875
1 0.26953125 0.458984375 0.0328125 0.046875
1 0.29765625 0.455078125 0.0359375 0.04296875
1 0.328125 0.44921875 0.0375 0.03515625
1 0.35 0.4462890625 0.021875 0.033203125
1 0.36796875 0.4423828125 0.0234375 0.029296875
1 0.38515625 0.443359375 0.0171875 0.01953125
1 0.403125 0.439453125 0.01875 0.015625
1 0.415625 0.44140625 0.009375 0.01171875
1 0.584375 0.4677734375 0.084375 0.080078125
1 0.54375 0.4609375 0.028125 0.05859375
1 0.53125 0.45703125 0.021875 0.0546875
1 0.51171875 0.4521484375 0.0265625 0.037109375
1 0.4984375 0.451171875 0.015625 0.03515625
1 0.4890625 0.4462890625 0.01875 0.025390625
1 0.478125 0.4423828125 0.0125 0.021484375
1 0.46484375 0.439453125 0.0078125 0.01171875
1 0.47109375 0.4423828125 0.0078125 0.017578125
