6 0.42578125 0.3076171875 0.0109375 0.037109375
6 0.60234375 0.3955078125 0.0109375 0.037109375
6 0.603125 0.4365234375 0.0125 0.013671875
6 0.6921875 0.388671875 0.0375 0.04296875
6 0.6921875 0.2626953125 0.025 0.103515625
6 0.9453125 0.2998046875 0.025 0.076171875
6 0.01796875 0.4150390625 0.0109375 0.037109375
6 0.0171875 0.455078125 0.009375 0.01171875
8 0.4625 0.302734375 0.021875 0.02734375
8 0.60859375 0.3505859375 0.0234375 0.013671875
8 0.96328125 0.16796875 0.0359375 0.05859375
1 0.215625 0.50390625 0.06875 0.0546875
1 0.26953125 0.4951171875 0.0421875 0.033203125
1 0.3359375 0.486328125 0.021875 0.0234375
1 0.3578125 0.48828125 0.034375 0.03125
1 0.4015625 0.4814453125 0.01875 0.017578125
1 0.503125 0.478515625 0.01875 0.01953125
1 0.4875 0.4755859375 0.0125 0.009765625
1 0.478125 0.4755859375 0.009375 0.009765625
1 0.06640625 0.5009765625 0.0484375 0.033203125
7 0.0640625 0.51953125 0.009375 0.03125
1 0.11171875 0.498046875 0.0359375 0.02734375
1 0.14921875 0.4951171875 0.0328125 0.029296875
1 0.17734375 0.494140625 0.0234375 0.02734375
