6 0.759375 0.369140625 0.0125 0.0390625
6 0.74453125 0.3720703125 0.0109375 0.037109375
6 0.7625 0.4150390625 0.0125 0.017578125
6 0.74765625 0.4140625 0.0109375 0.015625
6 0.37421875 0.3466796875 0.0140625 0.033203125
6 0.3703125 0.38671875 0.009375 0.015625
6 0.234375 0.3779296875 0.009375 0.017578125
6 0.23828125 0.3388671875 0.0171875 0.041015625
6 0.88671875 0.1875 0.0234375 0.0703125
6 0.9875 0.3193359375 0.025 0.083984375
6 0.9859375 0.3974609375 0.025 0.033203125
6 0.95703125 0.3701171875 0.0109375 0.025390625
8 0.75625 0.3251953125 0.015625 0.033203125
8 0.76484375 0.4013671875 0.0203125 0.009765625
8 0.97421875 0.181640625 0.0453125 0.0390625
8 0.96328125 0.2744140625 0.0109375 0.056640625
1 0.034375 0.5732421875 0.06875 0.310546875
1 0.6578125 0.462890625 0.046875 0.04296875
1 0.4171875 0.4345703125 0.171875 0.080078125
1 0.9359375 0.486328125 0.128125 0.0703125
1 0.6015625 0.44921875 0.028125 0.02734375
1 0.5859375 0.44140625 0.01875 0.0234375
1 0.5734375 0.4326171875 0.025 0.025390625
6 0.06484375 0.3115234375 0.0171875 0.025390625
