6 0.01484375 0.16796875 0.0265625 0.0703125
6 0.17890625 0.169921875 0.0234375 0.0625
6 0.32109375 0.2802734375 0.0140625 0.037109375
6 0.41875 0.26953125 0.015625 0.04296875
6 0.76015625 0.2177734375 0.0140625 0.041015625
6 0.5765625 0.3515625 0.009375 0.03125
6 0.57734375 0.3876953125 0.0140625 0.017578125
6 0.0640625 0.404296875 0.0125 0.015625
6 0.0625 0.369140625 0.009375 0.03125
6 0.69140625 0.2705078125 0.0171875 0.060546875
8 0.1328125 0.138671875 0.040625 0.05078125
8 0.34609375 0.2646484375 0.0234375 0.029296875
0 0.5546875 0.43359375 0.00625 0.01953125
0 0.5609375 0.431640625 0.00625 0.02734375
1 0.340625 0.4404296875 0.040625 0.037109375
1 0.4671875 0.4326171875 0.01875 0.021484375
1 0.42265625 0.43359375 0.0140625 0.01171875
1 0.2203125 0.4814453125 0.2 0.162109375
