0 0.5046875 0.4599609375 0.0125 0.029296875
0 0.5109375 0.4599609375 0.009375 0.029296875
0 0.453125 0.4580078125 0.009375 0.025390625
0 0.45859375 0.45703125 0.0078125 0.02734375
1 0.28359375 0.490234375 0.1015625 0.08203125
1 0.35390625 0.474609375 0.0640625 0.05859375
1 0.40703125 0.4638671875 0.0671875 0.056640625
1 0.48046875 0.4580078125 0.0234375 0.025390625
1 0.9640625 0.5048828125 0.071875 0.080078125
1 0.91171875 0.4814453125 0.1515625 0.091796875
1 0.903125 0.69140625 0.190625 0.34765625
1 0.8140625 0.5888671875 0.24375 0.216796875
1 0.71328125 0.5400390625 0.1359375 0.146484375
1 0.6234375 0.490234375 0.071875 0.0703125
1 0.58828125 0.4775390625 0.0453125 0.052734375
1 0.56953125 0.46875 0.0265625 0.0390625
1 0.5609375 0.4638671875 0.021875 0.037109375
1 0.6453125 0.451171875 0.03125 0.02734375
