0 0.4203125 0.4873046875 0.015625 0.056640625
0 0.46484375 0.478515625 0.0140625 0.04296875
0 0.478125 0.4794921875 0.009375 0.037109375
0 0.490625 0.4814453125 0.009375 0.037109375
0 0.49921875 0.48046875 0.0078125 0.03515625
0 0.52734375 0.4765625 0.0078125 0.02734375
0 0.5375 0.4775390625 0.009375 0.025390625
1 0.1640625 0.611328125 0.328125 0.390625
1 0.871875 0.5869140625 0.246875 0.224609375
1 0.734375 0.5205078125 0.1 0.091796875
1 0.703125 0.498046875 0.059375 0.06640625
1 0.675 0.486328125 0.021875 0.04296875
2 0.3296875 0.5146484375 0.028125 0.076171875
