8 0.23125 0.3857421875 0.025 0.029296875
8 0.23125 0.40625 0.015625 0.0078125
8 0.684375 0.3681640625 0.028125 0.013671875
8 0.68125 0.3359375 0.040625 0.046875
0 0.15546875 0.498046875 0.0296875 0.0703125
0 0.68515625 0.50390625 0.0234375 0.0859375
0 0.5140625 0.4580078125 0.0125 0.041015625
0 0.39921875 0.453125 0.0078125 0.0234375
2 0.75234375 0.5126953125 0.0859375 0.068359375
2 0.7234375 0.5087890625 0.053125 0.064453125
2 0.928125 0.8173828125 0.103125 0.294921875
1 0.865625 0.5283203125 0.221875 0.115234375
1 0.678125 0.484375 0.115625 0.0703125
1 0.675 0.466796875 0.11875 0.0546875
1 0.61640625 0.4853515625 0.0359375 0.052734375
1 0.28125 0.4873046875 0.059375 0.056640625
1 0.3078125 0.48046875 0.021875 0.04296875
1 0.3125 0.478515625 0.025 0.04296875
1 0.32421875 0.4736328125 0.0171875 0.037109375
1 0.33046875 0.470703125 0.0171875 0.03125
1 0.33671875 0.466796875 0.0265625 0.03125
1 0.35 0.4638671875 0.015625 0.025390625
1 0.35625 0.4619140625 0.015625 0.021484375
1 0.36015625 0.45703125 0.0203125 0.02734375
1 0.37421875 0.453125 0.0109375 0.01953125
1 0.37109375 0.45703125 0.0078125 0.01953125
1 0.37890625 0.4501953125 0.0140625 0.017578125
1 0.38515625 0.4482421875 0.0140625 0.017578125
1 0.475 0.46875 0.034375 0.0390625
1 0.465625 0.462890625 0.028125 0.0390625
1 0.453125 0.4599609375 0.01875 0.033203125
1 0.44453125 0.455078125 0.0109375 0.01953125
1 0.4390625 0.451171875 0.0125 0.01953125
1 0.4390625 0.447265625 0.015625 0.015625
