6 0.603125 0.3359375 0.009375 0.04296875
6 0.00625 0.3427734375 0.0125 0.052734375
8 0.596875 0.3916015625 0.025 0.048828125
0 0.8859375 0.4677734375 0.028125 0.119140625
0 0.8609375 0.46875 0.034375 0.11328125
0 0.81953125 0.4697265625 0.0296875 0.111328125
0 0.8015625 0.47265625 0.03125 0.1171875
0 0.7125 0.4853515625 0.03125 0.107421875
0 0.57421875 0.4677734375 0.0171875 0.048828125
1 0.425 0.4716796875 0.05 0.052734375
1 0.371875 0.4716796875 0.021875 0.025390625
1 0.278125 0.4814453125 0.084375 0.091796875
0 0.7046875 0.48046875 0.05625 0.12109375
6 0.01875 0.3935546875 0.01875 0.060546875
