0 0.8234375 0.4853515625 0.053125 0.166015625
0 0.8625 0.5166015625 0.059375 0.166015625
0 0.921875 0.4892578125 0.071875 0.314453125
0 0.58984375 0.474609375 0.0203125 0.0703125
0 0.5671875 0.4755859375 0.021875 0.076171875
0 0.54921875 0.470703125 0.0140625 0.06640625
0 0.53828125 0.48046875 0.0140625 0.0625
0 0.5234375 0.474609375 0.015625 0.0625
0 0.50546875 0.4755859375 0.0171875 0.060546875
0 0.49140625 0.478515625 0.0109375 0.03515625
0 0.47265625 0.4794921875 0.0109375 0.033203125
1 0.40546875 0.484375 0.0234375 0.03125
1 0.3796875 0.482421875 0.0375 0.046875
1 0.43828125 0.484375 0.0421875 0.04296875
