6 0.94765625 0.3544921875 0.0203125 0.029296875
6 0.653125 0.310546875 0.01875 0.06640625
6 0.64765625 0.3759765625 0.0171875 0.021484375
6 0.43671875 0.388671875 0.0078125 0.01953125
8 0.9796875 0.296875 0.034375 0.046875
8 0.41328125 0.4033203125 0.0078125 0.009765625
8 0.65078125 0.3515625 0.0421875 0.015625
0 0.90625 0.462890625 0.040625 0.140625
0 0.8734375 0.470703125 0.034375 0.1328125
0 0.784375 0.478515625 0.040625 0.1328125
0 0.72109375 0.4599609375 0.0296875 0.091796875
0 0.69453125 0.4638671875 0.0328125 0.087890625
0 0.571875 0.4921875 0.028125 0.11328125
0 0.55078125 0.4853515625 0.0203125 0.119140625
0 0.4375 0.4833984375 0.0375 0.115234375
0 0.4328125 0.474609375 0.0375 0.125
0 0.01640625 0.4404296875 0.0171875 0.033203125
0 0.04296875 0.4462890625 0.0171875 0.021484375
0 0.07734375 0.4462890625 0.0140625 0.021484375
2 0.48984375 0.466796875 0.0109375 0.01953125
1 0.41171875 0.46484375 0.0296875 0.03515625
1 0.38203125 0.4619140625 0.0203125 0.025390625
1 0.37578125 0.46484375 0.0265625 0.0234375
1 0.31953125 0.4677734375 0.0390625 0.041015625
1 0.2703125 0.47265625 0.06875 0.06640625
1 0.18984375 0.4765625 0.0921875 0.078125
1 0.02890625 0.505859375 0.0546875 0.1015625
8 0.99296875 0.3369140625 0.0171875 0.017578125
