6 0.71953125 0.3798828125 0.0078125 0.025390625
6 0.95625 0.390625 0.00625 0.01953125
6 0.45078125 0.396484375 0.0078125 0.01953125
8 0.58984375 0.3720703125 0.0171875 0.021484375
8 0.58984375 0.3916015625 0.0171875 0.017578125
8 0.590625 0.4111328125 0.015625 0.021484375
8 0.6265625 0.3974609375 0.028125 0.013671875
8 0.62265625 0.3818359375 0.0328125 0.013671875
8 0.62578125 0.3671875 0.0265625 0.01171875
8 0.92109375 0.3525390625 0.0203125 0.025390625
8 0.22421875 0.29296875 0.0109375 0.015625
8 0.225 0.3037109375 0.0125 0.013671875
3 0.68359375 0.4677734375 0.0265625 0.048828125
3 0.7921875 0.490234375 0.040625 0.07421875
3 0.86328125 0.4638671875 0.0265625 0.044921875
3 0.82109375 0.46875 0.0296875 0.0546875
1 0.4984375 0.5244140625 0.125 0.130859375
1 0.8578125 0.4462890625 0.05 0.044921875
1 0.90078125 0.44921875 0.0453125 0.05078125
1 0.9703125 0.447265625 0.05 0.05078125
