8 0.440625 0.4267578125 0.0125 0.017578125
8 0.6625 0.396484375 0.025 0.03125
0 0.37265625 0.49609375 0.0234375 0.078125
0 0.3953125 0.4951171875 0.021875 0.076171875
1 0.08359375 0.5556640625 0.1671875 0.173828125
1 0.19609375 0.517578125 0.1296875 0.14453125
1 0.2765625 0.5146484375 0.0625 0.095703125
1 0.32578125 0.505859375 0.0609375 0.078125
1 0.41796875 0.470703125 0.0390625 0.04296875
1 0.36640625 0.46484375 0.0484375 0.0390625
1 0.51953125 0.4765625 0.0359375 0.03125
1 0.53984375 0.4775390625 0.0140625 0.025390625
1 0.55078125 0.478515625 0.0171875 0.0234375
1 0.81796875 0.5986328125 0.2640625 0.232421875
1 0.7125 0.548828125 0.109375 0.1484375
1 0.65703125 0.5166015625 0.0703125 0.083984375
1 0.97109375 0.5341796875 0.0578125 0.099609375
11 0.59765625 0.6083984375 0.0234375 0.017578125
11 0.5765625 0.5615234375 0.015625 0.009765625
