6 0.81953125 0.30859375 0.0171875 0.05859375
6 0.6484375 0.3525390625 0.015625 0.056640625
6 0.65234375 0.4111328125 0.0171875 0.021484375
6 0.3984375 0.23046875 0.015625 0.0546875
8 0.63828125 0.2734375 0.0390625 0.0234375
8 0.44921875 0.22265625 0.0296875 0.03515625
8 0.65078125 0.388671875 0.0265625 0.015625
0 0.77109375 0.4873046875 0.0296875 0.091796875
0 0.7328125 0.484375 0.040625 0.11328125
0 0.7265625 0.5029296875 0.021875 0.068359375
1 0.49765625 0.47265625 0.0078125 0.0078125
1 0.49140625 0.4697265625 0.0046875 0.005859375
1 0.475 0.4716796875 0.009375 0.009765625
1 0.509375 0.46875 0.0125 0.01171875
1 0.43671875 0.4755859375 0.0109375 0.013671875
1 0.3515625 0.4951171875 0.059375 0.056640625
1 0.25078125 0.5009765625 0.0703125 0.060546875
1 0.1984375 0.5009765625 0.05625 0.052734375
1 0.11796875 0.5107421875 0.1078125 0.068359375
1 0.0328125 0.5185546875 0.065625 0.064453125
