4 0.85078125 0.392578125 0.2984375 0.78515625
8 0.05390625 0.4052734375 0.0359375 0.017578125
8 0.20234375 0.3837890625 0.0140625 0.029296875
8 0.228125 0.3896484375 0.0125 0.033203125
8 0.23046875 0.3544921875 0.0171875 0.013671875
0 0.04765625 0.5009765625 0.0296875 0.119140625
2 0.69140625 0.546875 0.0609375 0.1328125
5 0.5296875 0.4423828125 0.06875 0.080078125
1 0.440625 0.5185546875 0.153125 0.150390625
1 0.3625 0.48046875 0.01875 0.04296875
1 0.34765625 0.4794921875 0.0203125 0.048828125
1 0.321875 0.48046875 0.05 0.0546875
1 0.52421875 0.4775390625 0.0359375 0.056640625
1 0.5609375 0.478515625 0.0625 0.06640625
