6 0.10703125 0.3291015625 0.0265625 0.083984375
6 0.3375 0.1484375 0.028125 0.08984375
6 0.49140625 0.2861328125 0.0109375 0.037109375
6 0.6125 0.369140625 0.009375 0.03515625
6 0.74140625 0.3125 0.0203125 0.0703125
6 0.725 0.31640625 0.015625 0.08203125
6 0.86484375 0.234375 0.0140625 0.04296875
6 0.86796875 0.3544921875 0.0109375 0.033203125
6 0.83203125 0.35546875 0.0109375 0.0390625
6 0.8375 0.40234375 0.0125 0.01953125
6 0.0640625 0.373046875 0.0125 0.04296875
6 0.2890625 0.37890625 0.009375 0.03515625
0 0.12578125 0.4619140625 0.0109375 0.029296875
0 0.13515625 0.462890625 0.0109375 0.02734375
0 0.15234375 0.4638671875 0.0078125 0.021484375
0 0.15625 0.4609375 0.009375 0.03125
0 0.1734375 0.4609375 0.009375 0.02734375
0 0.203125 0.470703125 0.0125 0.0546875
0 0.21953125 0.4609375 0.0140625 0.03125
0 0.3078125 0.4716796875 0.021875 0.064453125
0 0.321875 0.478515625 0.01875 0.0625
0 0.38515625 0.4775390625 0.0203125 0.060546875
0 0.38828125 0.4765625 0.0140625 0.05859375
0 0.41953125 0.447265625 0.0078125 0.02734375
0 0.43046875 0.4384765625 0.0046875 0.013671875
0 0.72265625 0.4609375 0.0109375 0.0546875
0 0.7109375 0.462890625 0.0125 0.0546875
0 0.68984375 0.474609375 0.0234375 0.0703125
0 0.6671875 0.47265625 0.01875 0.078125
0 0.5328125 0.4716796875 0.01875 0.064453125
2 0.2546875 0.50390625 0.05 0.04296875
2 0.84765625 0.5048828125 0.0390625 0.064453125
2 0.8609375 0.5458984375 0.053125 0.091796875
2 0.97109375 0.576171875 0.0578125 0.1015625
3 0.76796875 0.572265625 0.1484375 0.1171875
1 0.4609375 0.4384765625 0.015625 0.013671875
1 0.50078125 0.4375 0.0109375 0.01171875
1 0.5140625 0.44140625 0.021875 0.01953125
1 0.56015625 0.458984375 0.0359375 0.03125
1 0.4765625 0.4404296875 0.0125 0.009765625
