8 0.196875 0.341796875 0.046875 0.05859375
8 0.19453125 0.3837890625 0.0328125 0.013671875
0 0.834375 0.560546875 0.04375 0.12890625
0 0.603125 0.4609375 0.009375 0.02734375
0 0.4609375 0.4619140625 0.00625 0.017578125
0 0.47265625 0.4560546875 0.0078125 0.013671875
1 0.61484375 0.4462890625 0.0109375 0.013671875
1 0.62265625 0.45703125 0.0140625 0.01953125
1 0.6296875 0.462890625 0.015625 0.0234375
1 0.64296875 0.4697265625 0.0265625 0.041015625
1 0.671875 0.478515625 0.05625 0.07421875
1 0.56875 0.4443359375 0.009375 0.009765625
1 0.55625 0.4501953125 0.0125 0.013671875
1 0.54765625 0.4560546875 0.0140625 0.017578125
1 0.53671875 0.4619140625 0.0140625 0.025390625
1 0.52421875 0.462890625 0.0234375 0.02734375
1 0.5109375 0.4677734375 0.015625 0.021484375
1 0.50078125 0.47265625 0.0234375 0.02734375
1 0.48203125 0.478515625 0.0328125 0.03515625
1 0.465625 0.4892578125 0.03125 0.041015625
1 0.446875 0.4970703125 0.034375 0.052734375
1 0.42421875 0.50390625 0.0484375 0.0625
1 0.39921875 0.5166015625 0.0609375 0.076171875
1 0.3453125 0.5341796875 0.109375 0.099609375
