0 0.83125 0.5478515625 0.040625 0.052734375
0 0.8953125 0.5361328125 0.021875 0.052734375
2 0.51796875 0.509765625 0.0078125 0.01171875
3 0.58359375 0.5380859375 0.0453125 0.037109375
1 0.9125 0.71875 0.175 0.375
1 0.8125 0.6826171875 0.178125 0.212890625
1 0.62265625 0.5205078125 0.0265625 0.037109375
1 0.56796875 0.525390625 0.0359375 0.0390625
1 0.54921875 0.5185546875 0.0171875 0.033203125
1 0.021875 0.7080078125 0.04375 0.169921875
1 0.10234375 0.642578125 0.2046875 0.17578125
1 0.2046875 0.599609375 0.11875 0.12890625
1 0.2734375 0.5771484375 0.08125 0.095703125
1 0.33203125 0.548828125 0.0671875 0.0625
1 0.3625 0.5341796875 0.05625 0.064453125
1 0.3953125 0.5263671875 0.025 0.041015625
1 0.409375 0.5224609375 0.01875 0.033203125
1 0.42265625 0.51953125 0.0203125 0.03125
1 0.4296875 0.5126953125 0.028125 0.033203125
1 0.4484375 0.5107421875 0.0125 0.025390625
1 0.45859375 0.5087890625 0.0109375 0.021484375
1 0.64609375 0.51953125 0.0265625 0.03125
1 0.53984375 0.517578125 0.0109375 0.02734375
1 0.1359375 0.53125 0.109375 0.0546875
1 0.49765625 0.4990234375 0.0078125 0.009765625
11 0.465625 0.5380859375 0.0125 0.009765625
