6 0.8359375 0.0615234375 0.021875 0.072265625
6 0.825 0.33203125 0.0125 0.04296875
6 0.6359375 0.341796875 0.009375 0.03125
6 0.3140625 0.2509765625 0.0125 0.033203125
6 0.4984375 0.3466796875 0.009375 0.033203125
6 0.61953125 0.375 0.0109375 0.015625
6 0.49921875 0.376953125 0.0078125 0.01171875
8 0.46328125 0.2841796875 0.0484375 0.013671875
8 0.39609375 0.373046875 0.0203125 0.0234375
8 0.396875 0.392578125 0.009375 0.0078125
8 0.6390625 0.36328125 0.015625 0.00390625
8 0.840625 0.373046875 0.0125 0.04296875
1 0.0609375 0.43359375 0.05 0.0703125
1 0.2 0.470703125 0.25 0.25390625
1 0.3140625 0.435546875 0.034375 0.078125
