0 0.52265625 0.458984375 0.0078125 0.02734375
0 0.5125 0.4580078125 0.00625 0.025390625
0 0.6703125 0.494140625 0.01875 0.09375
0 0.71875 0.4921875 0.015625 0.08984375
2 0.40546875 0.482421875 0.0171875 0.03125
2 0.434375 0.4775390625 0.01875 0.029296875
2 0.453125 0.462890625 0.00625 0.015625
11 0.44609375 0.46484375 0.0078125 0.015625
1 0.046875 0.5419921875 0.09375 0.166015625
1 0.1171875 0.513671875 0.153125 0.1640625
1 0.2484375 0.490234375 0.11875 0.10546875
1 0.30390625 0.4853515625 0.0390625 0.076171875
1 0.34453125 0.4814453125 0.0546875 0.056640625
1 0.3640625 0.470703125 0.040625 0.0546875
1 0.39453125 0.466796875 0.0328125 0.04296875
1 0.41875 0.46484375 0.015625 0.02734375
1 0.459375 0.4541015625 0.00625 0.017578125
1 0.4953125 0.4609375 0.025 0.02734375
1 0.96953125 0.5615234375 0.0609375 0.123046875
1 0.9390625 0.537109375 0.121875 0.14453125
1 0.8625 0.5263671875 0.1375 0.123046875
1 0.965625 0.4560546875 0.06875 0.052734375
1 0.7765625 0.5 0.109375 0.1171875
1 0.71328125 0.4931640625 0.0390625 0.064453125
1 0.68046875 0.478515625 0.0578125 0.07421875
1 0.63671875 0.4794921875 0.0484375 0.052734375
1 0.59765625 0.4619140625 0.0328125 0.033203125
1 0.571875 0.45703125 0.01875 0.0234375
1 0.4734375 0.451171875 0.015625 0.015625
1 0.5546875 0.458984375 0.0125 0.0234375
