6 0.23046875 0.50390625 0.0078125 0.0234375
8 0.30859375 0.505859375 0.0171875 0.01953125
8 0.35 0.51953125 0.009375 0.015625
8 0.52734375 0.5166015625 0.0203125 0.037109375
8 0.465625 0.5458984375 0.021875 0.009765625
8 0.1828125 0.5234375 0.0125 0.015625
0 0.75078125 0.5732421875 0.0109375 0.029296875
0 0.73515625 0.5732421875 0.0171875 0.044921875
0 0.71484375 0.57421875 0.0109375 0.04296875
0 0.7 0.5751953125 0.0125 0.037109375
0 0.64296875 0.564453125 0.0109375 0.0390625
0 0.6328125 0.56640625 0.0125 0.046875
0 0.621875 0.568359375 0.0125 0.046875
0 0.61328125 0.5703125 0.0109375 0.05078125
0 0.58828125 0.5693359375 0.0140625 0.021484375
0 0.54375 0.560546875 0.009375 0.03125
0 0.43359375 0.556640625 0.0078125 0.03125
0 0.2828125 0.552734375 0.009375 0.02734375
0 0.25546875 0.552734375 0.0109375 0.03125
0 0.14140625 0.56640625 0.0140625 0.046875
0 0.1140625 0.62109375 0.0375 0.1796875
0 0.0796875 0.56640625 0.01875 0.05859375
0 0.06796875 0.5625 0.0171875 0.046875
0 0.05234375 0.56640625 0.0109375 0.04296875
0 0.04140625 0.5703125 0.0171875 0.05078125
0 0.01953125 0.564453125 0.0140625 0.0390625
1 0.46640625 0.5654296875 0.0296875 0.029296875
1 0.41875 0.5615234375 0.025 0.029296875
1 0.30546875 0.7822265625 0.4421875 0.435546875
1 0.059375 0.7666015625 0.11875 0.337890625
