8 0.71953125 0.36328125 0.0265625 0.04296875
8 0.684375 0.294921875 0.0375 0.046875
0 0.496875 0.455078125 0.009375 0.02734375
0 0.04765625 0.484375 0.0265625 0.08203125
0 0.02890625 0.48828125 0.0234375 0.08984375
2 0.13984375 0.5048828125 0.0421875 0.080078125
2 0.121875 0.5087890625 0.04375 0.076171875
2 0.371875 0.48828125 0.021875 0.0546875
2 0.4109375 0.4892578125 0.021875 0.056640625
2 0.665625 0.501953125 0.025 0.08203125
2 0.6875 0.50390625 0.0375 0.078125
1 0.26171875 0.4677734375 0.1015625 0.099609375
1 0.33046875 0.4755859375 0.0484375 0.060546875
1 0.353125 0.470703125 0.028125 0.05078125
1 0.3890625 0.4619140625 0.021875 0.048828125
1 0.428125 0.4609375 0.015625 0.03125
1 0.44296875 0.458984375 0.0234375 0.0234375
1 0.60234375 0.4765625 0.0546875 0.05859375
2 0.02578125 0.509765625 0.0453125 0.078125
2 0.9046875 0.5078125 0.06875 0.0546875
