6 0.72890625 0.2666015625 0.0203125 0.029296875
0 0.84765625 0.453125 0.0390625 0.13671875
0 0.7625 0.443359375 0.01875 0.0859375
0 0.5703125 0.44140625 0.015625 0.04296875
0 0.5859375 0.439453125 0.015625 0.0390625
0 0.3875 0.44921875 0.00625 0.03125
0 0.465625 0.4560546875 0.009375 0.033203125
0 0.096875 0.45703125 0.021875 0.0546875
2 0.8421875 0.482421875 0.053125 0.09375
1 0.5046875 0.458984375 0.053125 0.05078125
1 0.2640625 0.4609375 0.059375 0.05078125
1 0.27890625 0.44921875 0.0578125 0.0625
1 0.3109375 0.453125 0.021875 0.046875
1 0.325 0.4560546875 0.0125 0.033203125
1 0.35234375 0.4541015625 0.0234375 0.021484375
1 0.365625 0.451171875 0.015625 0.01953125
1 0.3953125 0.4501953125 0.021875 0.025390625
1 0.42421875 0.4501953125 0.0203125 0.025390625
1 0.4546875 0.44921875 0.015625 0.01953125
1 0.44375 0.4482421875 0.009375 0.013671875
1 0.49609375 0.4462890625 0.0484375 0.056640625
