4 0.51875 0.4482421875 0.065625 0.080078125
4 0.4328125 0.4541015625 0.096875 0.041015625
0 0.91953125 0.6064453125 0.1421875 0.568359375
0 0.7953125 0.51953125 0.096875 0.328125
0 0.659375 0.4638671875 0.021875 0.080078125
0 0.63984375 0.4677734375 0.0203125 0.083984375
0 0.625 0.453125 0.00625 0.03125
0 0.62265625 0.4384765625 0.0078125 0.017578125
0 0.6140625 0.45703125 0.009375 0.03515625
0 0.60703125 0.4619140625 0.0078125 0.033203125
0 0.5953125 0.45703125 0.0125 0.04296875
0 0.575 0.458984375 0.009375 0.0390625
0 0.58515625 0.4560546875 0.0078125 0.041015625
0 0.55703125 0.4580078125 0.0078125 0.041015625
0 0.54921875 0.458984375 0.0078125 0.0390625
0 0.56953125 0.451171875 0.0046875 0.02734375
0 0.68515625 0.4296875 0.0140625 0.01953125
0 0.3765625 0.466796875 0.0125 0.0390625
0 0.1734375 0.4931640625 0.01875 0.048828125
0 0.1609375 0.4931640625 0.015625 0.052734375
0 0.12890625 0.4912109375 0.0140625 0.029296875
0 0.1109375 0.4970703125 0.021875 0.048828125
4 0.63671875 0.42578125 0.0921875 0.0234375
