6 0.64921875 0.3681640625 0.0109375 0.029296875
6 0.61875 0.3291015625 0.0125 0.044921875
6 0.56796875 0.37109375 0.0109375 0.03125
6 0.4546875 0.2958984375 0.0125 0.033203125
6 0.378125 0.2939453125 0.01875 0.037109375
6 0.57265625 0.4013671875 0.0109375 0.013671875
6 0.2109375 0.2138671875 0.015625 0.052734375
6 0.10390625 0.2294921875 0.0171875 0.048828125
6 0.02265625 0.380859375 0.0109375 0.0390625
6 0.12109375 0.380859375 0.0109375 0.0390625
6 0.67421875 0.2880859375 0.0109375 0.033203125
6 0.696875 0.330078125 0.0125 0.01953125
8 0.4 0.2919921875 0.0125 0.021484375
8 0.5640625 0.3251953125 0.028125 0.013671875
8 0.55703125 0.3984375 0.0109375 0.015625
8 0.01328125 0.298828125 0.0234375 0.01171875
0 0.76953125 0.4462890625 0.0328125 0.103515625
1 0.3359375 0.453125 0.04375 0.02734375
1 0.3859375 0.4521484375 0.021875 0.017578125
1 0.23203125 0.4609375 0.0203125 0.0234375
