0 0.50234375 0.4716796875 0.0078125 0.025390625
0 0.37578125 0.4833984375 0.0171875 0.076171875
1 0.0890625 0.505859375 0.078125 0.078125
1 0.28125 0.4658203125 0.01875 0.025390625
1 0.33046875 0.46484375 0.0234375 0.0234375
1 0.3515625 0.4814453125 0.0375 0.041015625
1 0.39375 0.46875 0.021875 0.03125
1 0.40625 0.47265625 0.028125 0.03125
1 0.4484375 0.466796875 0.03125 0.03125
1 0.4640625 0.47265625 0.04375 0.0390625
1 0.5984375 0.4892578125 0.096875 0.099609375
1 0.1046875 0.4794921875 0.05625 0.033203125
