8 0.69765625 0.296875 0.0265625 0.03515625
0 0.93984375 0.638671875 0.1203125 0.72265625
0 0.7859375 0.6357421875 0.265625 0.619140625
0 0.56953125 0.451171875 0.0109375 0.03515625
0 0.55703125 0.447265625 0.0109375 0.03125
1 0.503125 0.4697265625 0.05 0.048828125
1 0.496875 0.4609375 0.040625 0.0625
1 0.47109375 0.4580078125 0.0203125 0.048828125
1 0.45625 0.458984375 0.015625 0.0234375
1 0.42265625 0.4609375 0.0328125 0.03515625
1 0.36953125 0.462890625 0.0140625 0.01953125
1 0.35546875 0.4658203125 0.0234375 0.021484375
1 0.33359375 0.46875 0.0140625 0.03125
1 0.32109375 0.4658203125 0.0171875 0.041015625
1 0.2875 0.4609375 0.053125 0.05859375
1 0.2734375 0.474609375 0.053125 0.05078125
