1 0.86015625 0.673828125 0.2796875 0.24609375
1 0.74765625 0.4521484375 0.0609375 0.060546875
1 0.603125 0.470703125 0.046875 0.05078125
1 0.6078125 0.4404296875 0.0375 0.025390625
1 0.58828125 0.4365234375 0.0109375 0.013671875
1 0.5734375 0.4365234375 0.015625 0.017578125
1 0.55390625 0.4375 0.0140625 0.01953125
1 0.540625 0.44140625 0.021875 0.0234375
1 0.51953125 0.4443359375 0.0203125 0.021484375
1 0.5015625 0.447265625 0.028125 0.02734375
1 0.4859375 0.451171875 0.01875 0.03125
1 0.46875 0.451171875 0.0375 0.04296875
1 0.45078125 0.4580078125 0.0390625 0.037109375
1 0.41328125 0.466796875 0.0515625 0.046875
1 0.328125 0.5087890625 0.04375 0.076171875
1 0.2890625 0.5234375 0.059375 0.10546875
1 0.175 0.537109375 0.18125 0.16796875
1 0.053125 0.599609375 0.10625 0.22265625
11 0.8484375 0.453125 0.15 0.0859375
11 0.61796875 0.4248046875 0.0140625 0.017578125
