4 0.69453125 0.4501953125 0.0578125 0.080078125
6 0.6578125 0.361328125 0.00625 0.01953125
0 0.44140625 0.5087890625 0.0328125 0.048828125
0 0.48359375 0.48828125 0.0109375 0.05078125
0 0.478125 0.4873046875 0.009375 0.052734375
0 0.628125 0.470703125 0.0125 0.04296875
0 0.60390625 0.46484375 0.0078125 0.03125
1 0.04453125 0.69140625 0.0890625 0.2421875
1 0.171875 0.6005859375 0.303125 0.240234375
1 0.36484375 0.56640625 0.1234375 0.1171875
1 0.57578125 0.4716796875 0.0265625 0.033203125
1 0.55859375 0.478515625 0.0359375 0.0390625
1 0.64375 0.4716796875 0.028125 0.037109375
1 0.7390625 0.4873046875 0.06875 0.076171875
1 0.76484375 0.50390625 0.0796875 0.08984375
1 0.80546875 0.546875 0.0515625 0.12109375
1 0.91015625 0.5078125 0.1796875 0.41015625
1 0.784375 0.5302734375 0.0375 0.060546875
