0 0.9484375 0.4970703125 0.059375 0.197265625
0 0.7328125 0.5 0.034375 0.1171875
0 0.68125 0.4931640625 0.04375 0.126953125
0 0.62578125 0.4931640625 0.0296875 0.119140625
0 0.60390625 0.490234375 0.0171875 0.11328125
0 0.58671875 0.4873046875 0.0359375 0.123046875
0 0.55625 0.490234375 0.034375 0.11328125
0 0.53046875 0.4892578125 0.0171875 0.060546875
0 0.50390625 0.48828125 0.0140625 0.05078125
0 0.48125 0.490234375 0.015625 0.046875
0 0.46796875 0.486328125 0.0109375 0.046875
2 0.7921875 0.51953125 0.05625 0.09765625
1 0.1015625 0.541015625 0.203125 0.265625
1 0.42109375 0.49609375 0.0390625 0.0390625
1 0.39375 0.4892578125 0.028125 0.029296875
1 0.3390625 0.4892578125 0.075 0.072265625
