6 0.3046875 0.2880859375 0.0125 0.037109375
6 0.41953125 0.29296875 0.0140625 0.0390625
6 0.0765625 0.3818359375 0.0125 0.037109375
6 0.5625 0.3818359375 0.009375 0.033203125
6 0.69453125 0.2626953125 0.0359375 0.107421875
6 0.70078125 0.3408203125 0.0296875 0.037109375
6 0.7234375 0.37890625 0.009375 0.04296875
6 0.7625 0.3798828125 0.009375 0.044921875
6 0.85234375 0.2275390625 0.0140625 0.064453125
6 0.89375 0.29296875 0.015625 0.08984375
6 0.04296875 0.0166015625 0.0359375 0.033203125
8 0.32578125 0.2861328125 0.0140625 0.017578125
8 0.5578125 0.3349609375 0.01875 0.013671875
0 0.84609375 0.4697265625 0.0421875 0.138671875
0 0.80546875 0.4697265625 0.0390625 0.134765625
1 0.33671875 0.4541015625 0.0640625 0.080078125
1 0.41015625 0.4921875 0.1234375 0.1171875
1 0.4984375 0.4609375 0.03125 0.03125
1 0.47890625 0.4609375 0.0171875 0.02734375
1 0.4609375 0.4560546875 0.01875 0.025390625
1 0.63671875 0.4697265625 0.1578125 0.095703125
