4 0.3203125 0.4306640625 0.034375 0.048828125
6 0.60546875 0.2900390625 0.0140625 0.041015625
6 0.6171875 0.2880859375 0.009375 0.044921875
8 0.48984375 0.4033203125 0.0046875 0.013671875
8 0.5265625 0.38671875 0.009375 0.015625
8 0.15546875 0.3857421875 0.0171875 0.021484375
0 0.87109375 0.380859375 0.0109375 0.04296875
0 0.88828125 0.3759765625 0.0171875 0.052734375
0 0.88046875 0.3818359375 0.0109375 0.041015625
0 0.9046875 0.3896484375 0.0125 0.056640625
0 0.53828125 0.4453125 0.0171875 0.0625
1 0.42578125 0.431640625 0.0171875 0.015625
1 0.390625 0.4345703125 0.009375 0.009765625
1 0.4015625 0.4345703125 0.0125 0.013671875
1 0.27734375 0.447265625 0.0421875 0.03515625
1 0.35703125 0.4462890625 0.0671875 0.080078125
1 0.4796875 0.447265625 0.053125 0.05859375
1 0.9203125 0.4560546875 0.159375 0.130859375
7 0.59375 0.478515625 0.015625 0.0546875
8 0.64140625 0.33203125 0.0453125 0.015625
8 0.61875 0.3505859375 0.040625 0.013671875
