4 0.5078125 0.392578125 0.084375 0.125
6 0.38515625 0.3671875 0.0046875 0.01953125
8 0.0421875 0.259765625 0.040625 0.0234375
8 0.04140625 0.2958984375 0.0171875 0.021484375
8 0.04140625 0.3310546875 0.0234375 0.048828125
8 0.03984375 0.373046875 0.0203125 0.03125
8 0.6953125 0.3642578125 0.025 0.037109375
8 0.3953125 0.3779296875 0.00625 0.013671875
8 0.40546875 0.3779296875 0.0046875 0.013671875
1 0.046875 0.4931640625 0.09375 0.169921875
1 0.33515625 0.421875 0.0703125 0.06640625
1 0.40234375 0.423828125 0.0671875 0.078125
1 0.45234375 0.4013671875 0.0140625 0.013671875
1 0.25859375 0.3984375 0.0453125 0.0390625
1 0.85625 0.45703125 0.1 0.08984375
