6 0.2140625 0.375 0.021875 0.09765625
6 0.3328125 0.466796875 0.009375 0.03515625
6 0.0296875 0.4853515625 0.009375 0.033203125
6 0.41640625 0.404296875 0.0109375 0.01171875
6 0.88046875 0.4580078125 0.0109375 0.013671875
6 0.984375 0.41796875 0.0125 0.015625
8 0.22421875 0.4755859375 0.0546875 0.072265625
8 0.2265625 0.5283203125 0.053125 0.056640625
8 0.18125 0.4736328125 0.01875 0.021484375
8 0.8390625 0.453125 0.021875 0.0234375
8 0.87109375 0.4228515625 0.0234375 0.025390625
8 0.91171875 0.458984375 0.0265625 0.0078125
8 0.915625 0.47265625 0.021875 0.01171875
0 0.98984375 0.4951171875 0.0171875 0.083984375
3 0.54453125 0.6259765625 0.0828125 0.162109375
1 0.16796875 0.55078125 0.0796875 0.05078125
1 0.26875 0.548828125 0.0625 0.0546875
1 0.3078125 0.5458984375 0.0375 0.044921875
1 0.71640625 0.5283203125 0.0296875 0.025390625
1 0.79453125 0.5244140625 0.0421875 0.033203125
1 0.77578125 0.521484375 0.0328125 0.03125
1 0.7328125 0.517578125 0.015625 0.015625
1 0.7515625 0.515625 0.021875 0.02734375
