8 0.8875 0.2587890625 0.028125 0.052734375
8 0.5734375 0.33984375 0.009375 0.015625
8 0.25859375 0.3466796875 0.0109375 0.021484375
8 0.31875 0.3408203125 0.01875 0.005859375
0 0.5203125 0.3623046875 0.009375 0.033203125
0 0.4171875 0.3837890625 0.009375 0.037109375
1 0.92578125 0.416015625 0.1484375 0.09765625
1 0.85546875 0.5634765625 0.2890625 0.255859375
1 0.59375 0.455078125 0.1 0.10546875
1 0.48671875 0.3603515625 0.0234375 0.029296875
1 0.47421875 0.3505859375 0.0171875 0.021484375
1 0.46796875 0.4169921875 0.0578125 0.064453125
1 0.31796875 0.4130859375 0.0703125 0.068359375
1 0.2515625 0.455078125 0.096875 0.10546875
1 0.0921875 0.5302734375 0.184375 0.185546875
1 0.3953125 0.3642578125 0.021875 0.025390625
1 0.40234375 0.3544921875 0.0234375 0.025390625
1 0.43671875 0.3447265625 0.0140625 0.017578125
1 0.41796875 0.3466796875 0.0140625 0.017578125
7 0.54375 0.3916015625 0.00625 0.017578125
