6 0.9171875 0.326171875 0.0125 0.046875
6 0.896875 0.3271484375 0.015625 0.044921875
6 0.01796875 0.2509765625 0.0203125 0.072265625
8 0.7140625 0.4013671875 0.009375 0.013671875
8 0.41640625 0.3984375 0.0109375 0.0234375
2 0.88671875 0.5009765625 0.0453125 0.072265625
5 0.57578125 0.447265625 0.0265625 0.0390625
1 0.1390625 0.53125 0.278125 0.23828125
1 0.21640625 0.4658203125 0.3890625 0.220703125
1 0.45390625 0.4755859375 0.0890625 0.107421875
1 0.6890625 0.4697265625 0.06875 0.052734375
1 0.65390625 0.4638671875 0.0328125 0.044921875
1 0.63046875 0.458984375 0.0296875 0.04296875
1 0.59296875 0.455078125 0.0265625 0.02734375
1 0.5328125 0.453125 0.021875 0.015625
