6 0.7453125 0.359375 0.015625 0.05078125
6 0.02578125 0.357421875 0.0140625 0.0546875
6 0.03203125 0.416015625 0.0265625 0.046875
8 0.73515625 0.41796875 0.0265625 0.05078125
8 0.653125 0.3955078125 0.015625 0.025390625
8 0.653125 0.4208984375 0.0125 0.021484375
0 0.021875 0.5126953125 0.028125 0.107421875
0 0.56875 0.48828125 0.015625 0.04296875
0 0.8359375 0.5048828125 0.01875 0.111328125
0 0.77890625 0.5087890625 0.0265625 0.115234375
0 0.8203125 0.51171875 0.028125 0.12890625
0 0.871875 0.51171875 0.025 0.109375
0 0.89140625 0.505859375 0.0265625 0.12890625
0 0.2734375 0.4697265625 0.00625 0.009765625
0 0.2828125 0.4697265625 0.00625 0.009765625
0 0.3078125 0.48046875 0.009375 0.02734375
1 0.40546875 0.48046875 0.0078125 0.0078125
1 0.3828125 0.482421875 0.0125 0.0234375
1 0.365625 0.4814453125 0.03125 0.029296875
1 0.32578125 0.4912109375 0.0515625 0.037109375
1 0.278125 0.498046875 0.059375 0.05078125
1 0.43359375 0.48828125 0.0578125 0.0625
1 0.51640625 0.4951171875 0.0421875 0.041015625
7 0.71171875 0.5322265625 0.0140625 0.052734375
