4 0.43515625 0.4267578125 0.0453125 0.087890625
8 0.8359375 0.373046875 0.015625 0.01953125
8 0.83828125 0.4111328125 0.0171875 0.033203125
0 0.9453125 0.474609375 0.015625 0.05859375
0 0.928125 0.4765625 0.01875 0.05859375
0 0.78984375 0.466796875 0.0171875 0.0546875
0 0.565625 0.44921875 0.009375 0.02734375
0 0.40859375 0.4443359375 0.0109375 0.037109375
0 0.1265625 0.455078125 0.03125 0.1171875
2 0.77109375 0.513671875 0.0421875 0.08203125
3 0.53203125 0.482421875 0.0359375 0.0625
1 0.671875 0.4658203125 0.0625 0.064453125
1 0.58984375 0.4541015625 0.0359375 0.017578125
