6 0.22109375 0.1728515625 0.0265625 0.072265625
6 0.53203125 0.3212890625 0.0265625 0.060546875
6 0.06953125 0.330078125 0.0203125 0.05859375
6 0.534375 0.376953125 0.0125 0.0234375
6 0.334375 0.3955078125 0.009375 0.029296875
6 0.546875 0.361328125 0.0125 0.04296875
8 0.3609375 0.4140625 0.0125 0.015625
8 0.07578125 0.42578125 0.0234375 0.05859375
8 0.50703125 0.3603515625 0.0453125 0.009765625
8 0.5578125 0.404296875 0.009375 0.015625
8 0.44296875 0.4326171875 0.0203125 0.005859375
5 0.19375 0.439453125 0.084375 0.08203125
1 0.03515625 0.4619140625 0.0703125 0.064453125
1 0.11640625 0.462890625 0.0796875 0.046875
1 0.25 0.4521484375 0.03125 0.037109375
1 0.2765625 0.455078125 0.021875 0.0234375
1 0.29921875 0.45703125 0.0234375 0.0234375
1 0.3375 0.4541015625 0.03125 0.021484375
1 0.30625 0.4521484375 0.034375 0.029296875
1 0.35859375 0.453125 0.0171875 0.01953125
1 0.3796875 0.451171875 0.04375 0.03125
1 0.47109375 0.453125 0.0421875 0.0390625
