6 0.0265625 0.1513671875 0.053125 0.205078125
6 0.31953125 0.3818359375 0.0203125 0.076171875
6 0.32890625 0.5576171875 0.0140625 0.037109375
8 0.16484375 0.18359375 0.1453125 0.05859375
8 0.159375 0.255859375 0.15 0.08984375
8 0.15625 0.330078125 0.146875 0.0703125
8 0.15546875 0.3857421875 0.1453125 0.033203125
8 0.1546875 0.4326171875 0.14375 0.044921875
0 0.559375 0.55078125 0.015625 0.03515625
0 0.35234375 0.5966796875 0.0234375 0.103515625
0 0.37109375 0.58203125 0.0171875 0.09375
0 0.38359375 0.591796875 0.0171875 0.109375
0 0.26875 0.556640625 0.009375 0.02734375
0 0.275 0.5556640625 0.009375 0.029296875
0 0.0828125 0.5595703125 0.009375 0.033203125
0 0.07109375 0.55859375 0.0109375 0.03515625
0 0.428125 0.5517578125 0.009375 0.029296875
0 0.43671875 0.5517578125 0.0078125 0.025390625
1 0.20859375 0.5732421875 0.0796875 0.064453125
1 0.4703125 0.646484375 0.165625 0.171875
1 0.86015625 0.734375 0.2796875 0.53125
1 0.69453125 0.6318359375 0.1640625 0.173828125
1 0.62578125 0.5869140625 0.0640625 0.083984375
1 0.50234375 0.5634765625 0.0890625 0.064453125
1 0.578125 0.5556640625 0.025 0.033203125
