2 0.61328125 0.53125 0.0453125 0.09375
2 0.56875 0.5234375 0.046875 0.08984375
3 0.89609375 0.6015625 0.2078125 0.2265625
1 0.115625 0.53515625 0.23125 0.1640625
1 0.26875 0.4951171875 0.13125 0.115234375
1 0.19296875 0.4521484375 0.1328125 0.052734375
1 0.3703125 0.482421875 0.078125 0.0625
1 0.403125 0.470703125 0.05625 0.0625
1 0.43984375 0.470703125 0.0296875 0.0390625
1 0.45234375 0.462890625 0.0359375 0.04296875
1 0.475 0.4638671875 0.015625 0.025390625
1 0.4921875 0.4609375 0.015625 0.01953125
1 0.5046875 0.4619140625 0.0125 0.017578125
1 0.953125 0.685546875 0.09375 0.25
1 0.79296875 0.5556640625 0.1953125 0.173828125
1 0.70546875 0.5087890625 0.1328125 0.146484375
1 0.64296875 0.49609375 0.0484375 0.07421875
1 0.59453125 0.47265625 0.0203125 0.03515625
1 0.5140625 0.4619140625 0.00625 0.013671875
1 0.51875 0.4599609375 0.003125 0.009765625
1 0.52265625 0.458984375 0.0046875 0.0078125
