8 0.3796875 0.4345703125 0.03125 0.083984375
8 0.4796875 0.39453125 0.053125 0.015625
8 0.11640625 0.3291015625 0.0953125 0.115234375
8 0.01328125 0.3125 0.0265625 0.109375
8 0.23203125 0.4580078125 0.0109375 0.013671875
8 0.33984375 0.4033203125 0.0265625 0.013671875
5 0.67109375 0.470703125 0.1359375 0.16015625
1 0.93125 0.4638671875 0.034375 0.025390625
1 0.91484375 0.5673828125 0.1703125 0.142578125
1 0.509375 0.4501953125 0.015625 0.013671875
1 0.5109375 0.4599609375 0.01875 0.017578125
1 0.55703125 0.458984375 0.0203125 0.0234375
1 0.5640625 0.4658203125 0.025 0.033203125
1 0.5734375 0.4716796875 0.03125 0.033203125
1 0.59921875 0.4951171875 0.0328125 0.033203125
1 0.565625 0.517578125 0.053125 0.0546875
1 0.646875 0.5439453125 0.121875 0.115234375
1 0.4546875 0.4384765625 0.0125 0.013671875
1 0.46953125 0.435546875 0.0109375 0.01171875
1 0.46875 0.4462890625 0.015625 0.013671875
1 0.40390625 0.431640625 0.0109375 0.01171875
1 0.421875 0.435546875 0.0125 0.01171875
1 0.43125 0.4384765625 0.009375 0.013671875
1 0.42578125 0.4423828125 0.0109375 0.013671875
1 0.4140625 0.4482421875 0.015625 0.021484375
1 0.4203125 0.46484375 0.01875 0.02734375
1 0.4125 0.4755859375 0.028125 0.033203125
1 0.334375 0.439453125 0.009375 0.01171875
1 0.3453125 0.435546875 0.009375 0.01171875
1 0.3375 0.4482421875 0.0125 0.009765625
1 0.33828125 0.4609375 0.0140625 0.015625
1 0.32890625 0.4638671875 0.0140625 0.009765625
1 0.3046875 0.478515625 0.025 0.0234375
1 0.3296875 0.482421875 0.03125 0.03125
1 0.3546875 0.4462890625 0.0125 0.013671875
1 0.36015625 0.4501953125 0.0078125 0.013671875
1 0.36328125 0.4560546875 0.0078125 0.013671875
1 0.05078125 0.546875 0.1015625 0.06640625
1 0.14296875 0.5244140625 0.0359375 0.048828125
1 0.178125 0.5146484375 0.04375 0.044921875
1 0.24921875 0.517578125 0.0578125 0.0546875
1 0.259375 0.4892578125 0.03125 0.025390625
1 0.36171875 0.50390625 0.0421875 0.03515625
1 0.4859375 0.4951171875 0.04375 0.037109375
1 0.484375 0.5263671875 0.053125 0.064453125
1 0.44609375 0.560546875 0.1296875 0.125
