0 0.7046875 0.4677734375 0.021875 0.072265625
2 0.60078125 0.48828125 0.0296875 0.04296875
1 0.2296875 0.48828125 0.103125 0.07421875
1 0.28359375 0.484375 0.0421875 0.06640625
1 0.3265625 0.4765625 0.053125 0.05078125
1 0.3453125 0.4677734375 0.040625 0.052734375
1 0.37421875 0.46875 0.0328125 0.04296875
1 0.39140625 0.4677734375 0.0171875 0.037109375
1 0.4390625 0.4580078125 0.025 0.021484375
1 0.44609375 0.4541015625 0.0203125 0.021484375
1 0.45859375 0.4541015625 0.0078125 0.021484375
1 0.46484375 0.4541015625 0.0078125 0.017578125
1 0.47578125 0.455078125 0.0140625 0.01171875
1 0.48515625 0.4560546875 0.0078125 0.009765625
1 0.4921875 0.45703125 0.00625 0.0078125
1 0.49765625 0.4580078125 0.0046875 0.005859375
1 0.5109375 0.455078125 0.0125 0.01171875
0 0.51875 0.4521484375 0.00625 0.021484375
0 0.52890625 0.451171875 0.0046875 0.01953125
7 0.6890625 0.509765625 0.015625 0.04296875
