2 0.88125 0.84375 0.15625 0.3125
1 0.76015625 0.58984375 0.1796875 0.18359375
1 0.85703125 0.501953125 0.1078125 0.08984375
1 0.92421875 0.4541015625 0.1171875 0.056640625
1 0.75 0.455078125 0.05625 0.04296875
1 0.79453125 0.4462890625 0.0515625 0.025390625
1 0.83203125 0.43359375 0.0796875 0.03125
1 0.8125 0.474609375 0.1125 0.0625
1 0.6609375 0.501953125 0.103125 0.10546875
1 0.6171875 0.49609375 0.03125 0.078125
1 0.5953125 0.4638671875 0.05 0.052734375
1 0.57265625 0.447265625 0.0328125 0.0390625
1 0.4984375 0.451171875 0.028125 0.02734375
1 0.51875 0.44921875 0.015625 0.0234375
1 0.53046875 0.447265625 0.0078125 0.015625
1 0.5484375 0.453125 0.025 0.03125
1 0.04921875 0.5068359375 0.0984375 0.072265625
1 0.08828125 0.5947265625 0.1765625 0.169921875
1 0.01953125 0.6591796875 0.0390625 0.158203125
1 0.2984375 0.515625 0.096875 0.0859375
1 0.3328125 0.498046875 0.065625 0.06640625
1 0.35859375 0.482421875 0.0578125 0.06640625
1 0.4 0.4716796875 0.04375 0.044921875
1 0.41875 0.4677734375 0.021875 0.041015625
1 0.4296875 0.4619140625 0.03125 0.037109375
1 0.4421875 0.4521484375 0.034375 0.033203125
1 0.4578125 0.447265625 0.01875 0.02734375
1 0.275 0.4609375 0.034375 0.03125
1 0.2890625 0.453125 0.059375 0.03515625
