6 0.5421875 0.341796875 0.0125 0.0390625
6 0.6015625 0.37890625 0.0125 0.0390625
6 0.84453125 0.267578125 0.0109375 0.03515625
6 0.88828125 0.2607421875 0.0109375 0.037109375
6 0.928125 0.32421875 0.021875 0.06640625
6 0.9703125 0.3505859375 0.009375 0.041015625
6 0.9265625 0.3916015625 0.009375 0.021484375
6 0.81015625 0.3955078125 0.0109375 0.033203125
6 0.4953125 0.4130859375 0.003125 0.009765625
6 0.94765625 0.3896484375 0.0109375 0.025390625
8 0.86640625 0.259765625 0.0078125 0.01953125
8 0.98671875 0.40625 0.0171875 0.03125
0 0.09296875 0.4697265625 0.0203125 0.076171875
0 0.1015625 0.46484375 0.021875 0.08984375
0 0.14765625 0.4482421875 0.0203125 0.052734375
0 0.79140625 0.4609375 0.0109375 0.04296875
0 0.8015625 0.4619140625 0.009375 0.044921875
0 0.90078125 0.4755859375 0.0234375 0.080078125
0 0.95234375 0.4755859375 0.0203125 0.080078125
0 0.97421875 0.4736328125 0.0265625 0.080078125
0 0.56796875 0.4599609375 0.0078125 0.021484375
1 0.4953125 0.4580078125 0.015625 0.017578125
1 0.703125 0.5126953125 0.16875 0.169921875
