6 0.3109375 0.4609375 0.009375 0.0390625
6 0.55859375 0.4580078125 0.0140625 0.041015625
8 0.53125 0.521484375 0.0125 0.015625
8 0.3375 0.5068359375 0.009375 0.021484375
8 0.8140625 0.505859375 0.025 0.04296875
0 0.26328125 0.5673828125 0.0140625 0.037109375
0 0.28828125 0.56640625 0.0203125 0.03515625
0 0.33125 0.5625 0.015625 0.05078125
0 0.34375 0.5498046875 0.009375 0.025390625
0 0.4015625 0.5615234375 0.009375 0.033203125
0 0.53828125 0.5673828125 0.0140625 0.033203125
0 0.54453125 0.568359375 0.0109375 0.03125
0 0.63515625 0.552734375 0.0078125 0.0234375
0 0.65390625 0.5595703125 0.0109375 0.037109375
0 0.73515625 0.5751953125 0.0140625 0.056640625
0 0.74765625 0.5751953125 0.0171875 0.060546875
0 0.7703125 0.578125 0.015625 0.0546875
0 0.840625 0.576171875 0.015625 0.0625
0 0.859375 0.58203125 0.0125 0.0625
0 0.90859375 0.5654296875 0.0140625 0.025390625
1 0.09453125 0.6298828125 0.1890625 0.138671875
1 0.19140625 0.6044921875 0.1109375 0.107421875
1 0.3703125 0.5849609375 0.06875 0.072265625
1 0.4640625 0.619140625 0.11875 0.1171875
1 0.4640625 0.5498046875 0.071875 0.021484375
