4 0.8796875 0.419921875 0.240625 0.125
4 0.52265625 0.4443359375 0.0734375 0.083984375
4 0.43359375 0.4501953125 0.0953125 0.041015625
0 0.115625 0.494140625 0.0125 0.0546875
0 0.12890625 0.490234375 0.0140625 0.03125
0 0.17109375 0.48828125 0.0140625 0.05078125
0 0.36640625 0.46484375 0.0078125 0.0234375
0 0.34609375 0.4609375 0.0046875 0.0078125
0 0.3765625 0.4658203125 0.00625 0.021484375
0 0.3828125 0.462890625 0.00625 0.01953125
0 0.5515625 0.4609375 0.0125 0.0390625
0 0.559375 0.453125 0.00625 0.03125
0 0.571875 0.455078125 0.009375 0.03515625
0 0.58046875 0.4560546875 0.0109375 0.048828125
0 0.5859375 0.453125 0.00625 0.03515625
0 0.59296875 0.4580078125 0.0109375 0.041015625
0 0.60625 0.4599609375 0.0125 0.052734375
0 0.621875 0.4599609375 0.015625 0.056640625
0 0.62578125 0.447265625 0.0109375 0.03515625
0 0.6328125 0.4501953125 0.00625 0.041015625
0 0.66328125 0.4423828125 0.0046875 0.025390625
0 0.67109375 0.4306640625 0.0078125 0.021484375
0 0.69453125 0.4755859375 0.0421875 0.154296875
0 0.73125 0.4765625 0.03125 0.140625
2 0.40390625 0.5087890625 0.0296875 0.064453125
1 0.46171875 0.4619140625 0.0109375 0.021484375
1 0.4765625 0.4619140625 0.021875 0.025390625
1 0.6453125 0.4482421875 0.021875 0.025390625
1 0.85 0.4443359375 0.140625 0.103515625
1 0.91328125 0.4482421875 0.1734375 0.134765625
1 0.95234375 0.486328125 0.0953125 0.11328125
7 0.340625 0.478515625 0.00625 0.01953125
9 0.4515625 0.515625 0.0125 0.00390625
