4 0.49375 0.3974609375 0.028125 0.021484375
6 0.55 0.392578125 0.003125 0.01171875
6 0.534375 0.4033203125 0.003125 0.009765625
8 0.8796875 0.201171875 0.05625 0.1796875
8 0.83359375 0.25 0.0453125 0.13671875
8 0.38125 0.3583984375 0.025 0.021484375
8 0.40859375 0.369140625 0.0140625 0.01953125
0 0.3046875 0.3623046875 0.009375 0.029296875
0 0.31484375 0.3623046875 0.0078125 0.021484375
0 0.3015625 0.4130859375 0.015625 0.048828125
0 0.33515625 0.412109375 0.0265625 0.05078125
0 0.37578125 0.4140625 0.0171875 0.05078125
0 0.41640625 0.412109375 0.0109375 0.03125
0 0.446875 0.4130859375 0.009375 0.021484375
1 0.93828125 0.482421875 0.1234375 0.203125
1 0.1890625 0.5048828125 0.259375 0.185546875
1 0.48125 0.4560546875 0.09375 0.095703125
1 0.7703125 0.4560546875 0.10625 0.080078125
1 0.6953125 0.4375 0.06875 0.06640625
1 0.6578125 0.4404296875 0.021875 0.037109375
1 0.58515625 0.423828125 0.0203125 0.01953125
1 0.64375 0.427734375 0.034375 0.046875
1 0.6234375 0.4228515625 0.028125 0.037109375
1 0.53125 0.41796875 0.015625 0.01953125
1 0.553125 0.4208984375 0.009375 0.009765625
1 0.79765625 0.416015625 0.1109375 0.11328125
