6 0.6046875 0.3349609375 0.009375 0.021484375
6 0.58984375 0.3369140625 0.0078125 0.021484375
6 0.64453125 0.3837890625 0.0109375 0.041015625
6 0.59609375 0.3984375 0.0109375 0.02734375
6 0.57578125 0.3818359375 0.0109375 0.029296875
6 0.56015625 0.40625 0.0046875 0.015625
6 0.58203125 0.4169921875 0.0078125 0.009765625
6 0.44296875 0.3701171875 0.0078125 0.017578125
6 0.3640625 0.365234375 0.00625 0.01953125
6 0.2640625 0.326171875 0.009375 0.03125
6 0.16171875 0.3408203125 0.0078125 0.025390625
6 0.196875 0.4189453125 0.00625 0.017578125
6 0.053125 0.41015625 0.00625 0.01953125
6 0.05390625 0.365234375 0.0078125 0.0234375
6 0.53046875 0.4072265625 0.0078125 0.017578125
8 0.375 0.3623046875 0.009375 0.013671875
8 0.0984375 0.3740234375 0.028125 0.009765625
8 0.4796875 0.3896484375 0.021875 0.005859375
0 0.5078125 0.4560546875 0.0125 0.041015625
0 0.56953125 0.458984375 0.0109375 0.03515625
0 0.584375 0.4560546875 0.0125 0.033203125
0 0.55390625 0.44921875 0.0078125 0.02734375
1 0.88515625 0.4462890625 0.1078125 0.064453125
1 0.06953125 0.458984375 0.0546875 0.03125
1 0.10625 0.458984375 0.040625 0.03125
1 0.24375 0.470703125 0.075 0.0625
1 0.328125 0.4560546875 0.05 0.048828125
1 0.3546875 0.45703125 0.01875 0.03515625
1 0.47265625 0.4560546875 0.0515625 0.056640625
1 0.3796875 0.44921875 0.028125 0.0234375
1 0.2859375 0.455078125 0.028125 0.02734375
