6 0.1890625 0.205078125 0.0375 0.05078125
6 0.0140625 0.236328125 0.028125 0.05078125
6 0.38671875 0.224609375 0.0328125 0.04296875
6 0.26171875 0.224609375 0.0328125 0.04296875
6 0.61015625 0.3505859375 0.0359375 0.044921875
6 0.440625 0.40625 0.00625 0.0078125
6 0.403125 0.4052734375 0.003125 0.009765625
6 0.34296875 0.4052734375 0.0046875 0.013671875
6 0.38359375 0.3984375 0.0046875 0.01171875
6 0.3453125 0.44140625 0.003125 0.0078125
8 0.13359375 0.2119140625 0.0265625 0.044921875
8 0.2984375 0.2314453125 0.021875 0.037109375
8 0.43046875 0.2275390625 0.0203125 0.041015625
8 0.71171875 0.349609375 0.0390625 0.06640625
8 0.37578125 0.3994140625 0.0078125 0.009765625
8 0.4109375 0.40625 0.00625 0.0078125
8 0.35859375 0.4599609375 0.0046875 0.013671875
0 0.60703125 0.4697265625 0.0265625 0.064453125
1 0.78828125 0.4404296875 0.0171875 0.021484375
1 0.4171875 0.4541015625 0.015625 0.033203125
1 0.3921875 0.4619140625 0.0125 0.013671875
1 0.2546875 0.474609375 0.03125 0.0390625
1 0.23515625 0.4775390625 0.0265625 0.041015625
1 0.2 0.478515625 0.059375 0.05078125
1 0.14609375 0.4794921875 0.0609375 0.056640625
1 0.07734375 0.4931640625 0.0578125 0.048828125
1 0.47890625 0.4853515625 0.1390625 0.158203125
1 0.34296875 0.4638671875 0.0171875 0.013671875
11 0.29921875 0.4599609375 0.0609375 0.076171875
