0 0.78671875 0.5498046875 0.0296875 0.072265625
0 0.81484375 0.51171875 0.0484375 0.15234375
0 0.7578125 0.5107421875 0.046875 0.150390625
1 0.890625 0.4814453125 0.071875 0.068359375
1 0.95234375 0.505859375 0.0984375 0.16796875
1 0.8125 0.484375 0.16875 0.078125
1 0.73515625 0.4814453125 0.0359375 0.068359375
1 0.67109375 0.48046875 0.0921875 0.0703125
1 0.50546875 0.484375 0.0984375 0.0625
1 0.44765625 0.4833984375 0.1015625 0.072265625
1 0.1625 0.46875 0.171875 0.08203125
1 0.3265625 0.4794921875 0.16875 0.087890625
1 0.03046875 0.4619140625 0.0578125 0.052734375
1 0.2375 0.4716796875 0.06875 0.068359375
