6 0.8484375 0.2685546875 0.0375 0.068359375
6 0.834375 0.0859375 0.040625 0.14453125
6 0.7859375 0.111328125 0.034375 0.1328125
6 0.6 0.32421875 0.015625 0.05859375
6 0.58671875 0.330078125 0.0109375 0.05078125
6 0.478125 0.43359375 0.003125 0.0078125
6 0.4640625 0.431640625 0.003125 0.0078125
6 0.43125 0.431640625 0.003125 0.0078125
6 0.59765625 0.390625 0.0109375 0.01953125
6 0.38515625 0.1640625 0.0140625 0.05859375
6 0.22890625 0.1494140625 0.0140625 0.056640625
8 0.84453125 0.203125 0.0359375 0.046875
8 0.60546875 0.2353515625 0.0734375 0.021484375
8 0.54765625 0.4638671875 0.0296875 0.033203125
8 0.50625 0.43359375 0.00625 0.01171875
0 0.740625 0.45703125 0.00625 0.01953125
5 0.2484375 0.4443359375 0.115625 0.107421875
1 0.465625 0.4599609375 0.0125 0.017578125
1 0.525 0.4677734375 0.021875 0.029296875
1 0.10625 0.4716796875 0.04375 0.025390625
