8 0.6671875 0.3623046875 0.034375 0.013671875
8 0.5984375 0.404296875 0.009375 0.01953125
8 0.7953125 0.3310546875 0.021875 0.037109375
0 0.55078125 0.431640625 0.0109375 0.03515625
1 0.4921875 0.4326171875 0.0125 0.009765625
1 0.46328125 0.435546875 0.0296875 0.03515625
1 0.3578125 0.4365234375 0.034375 0.033203125
1 0.32890625 0.451171875 0.0234375 0.04296875
1 0.31171875 0.453125 0.0203125 0.046875
1 0.28125 0.453125 0.05625 0.06640625
1 0.2703125 0.4638671875 0.04375 0.064453125
1 0.21875 0.4677734375 0.075 0.080078125
1 0.146875 0.4814453125 0.09375 0.095703125
1 0.06171875 0.4970703125 0.1234375 0.119140625
1 0.71328125 0.5087890625 0.1765625 0.142578125
