6 0.725 0.244140625 0.028125 0.11328125
6 0.69765625 0.2724609375 0.0234375 0.095703125
6 0.1625 0.25390625 0.0375 0.0859375
6 0.109375 0.26171875 0.046875 0.05859375
6 0.2953125 0.2763671875 0.021875 0.048828125
6 0.28125 0.41015625 0.015625 0.02734375
6 0.69453125 0.4228515625 0.0171875 0.029296875
6 0.08984375 0.40234375 0.0109375 0.03515625
8 0.075 0.3056640625 0.040625 0.025390625
8 0.72109375 0.42578125 0.0171875 0.03125
0 0.38515625 0.4111328125 0.0203125 0.060546875
0 0.46484375 0.404296875 0.0078125 0.02734375
0 0.48046875 0.4072265625 0.0078125 0.033203125
0 0.71015625 0.416015625 0.0109375 0.03125
0 0.5875 0.408203125 0.00625 0.01953125
0 0.6515625 0.412109375 0.00625 0.01953125
0 0.65546875 0.412109375 0.0046875 0.01953125
1 0.87578125 0.47265625 0.1265625 0.09375
1 0.590625 0.4140625 0.021875 0.0234375
1 0.59921875 0.40234375 0.0171875 0.015625
1 0.50078125 0.4013671875 0.0296875 0.025390625
