0 0.59609375 0.453125 0.0109375 0.0390625
0 0.58125 0.4521484375 0.0125 0.041015625
0 0.58828125 0.455078125 0.0078125 0.0390625
0 0.56875 0.455078125 0.0125 0.0390625
0 0.51171875 0.4404296875 0.0078125 0.017578125
0 0.5375 0.4404296875 0.009375 0.021484375
0 0.26171875 0.466796875 0.0140625 0.04296875
0 0.25078125 0.466796875 0.0109375 0.04296875
2 0.83671875 0.513671875 0.0734375 0.05859375
2 0.87109375 0.5068359375 0.0515625 0.060546875
2 0.37890625 0.4912109375 0.0171875 0.037109375
1 0.85 0.4619140625 0.1125 0.076171875
1 0.7421875 0.474609375 0.128125 0.0859375
1 0.74375 0.6162109375 0.25625 0.216796875
1 0.64921875 0.5517578125 0.1265625 0.130859375
1 0.609375 0.5234375 0.103125 0.1015625
1 0.51796875 0.4658203125 0.0765625 0.037109375
1 0.55390625 0.4521484375 0.0296875 0.029296875
1 0.0828125 0.73046875 0.165625 0.34375
1 0.13359375 0.546875 0.1265625 0.12109375
1 0.05234375 0.5439453125 0.1046875 0.083984375
1 0.1265625 0.4697265625 0.065625 0.044921875
1 0.18046875 0.4853515625 0.0734375 0.060546875
1 0.29296875 0.4619140625 0.0390625 0.044921875
1 0.3203125 0.458984375 0.021875 0.03125
1 0.3453125 0.4697265625 0.0375 0.044921875
1 0.42265625 0.462890625 0.0296875 0.03125
1 0.40546875 0.4609375 0.0140625 0.02734375
1 0.39921875 0.4580078125 0.0171875 0.029296875
1 0.3859375 0.4580078125 0.01875 0.025390625
1 0.37109375 0.45703125 0.0140625 0.01953125
8 0.60546875 0.384765625 0.0203125 0.02734375
8 0.6046875 0.404296875 0.009375 0.0078125
