6 0.68671875 0.3515625 0.0140625 0.0390625
6 0.47578125 0.2158203125 0.0140625 0.048828125
6 0.36640625 0.412109375 0.0046875 0.01171875
6 0.40390625 0.404296875 0.0046875 0.0078125
6 0.43515625 0.404296875 0.0046875 0.01171875
6 0.46484375 0.4033203125 0.0046875 0.009765625
6 0.428125 0.421875 0.003125 0.0078125
6 0.440625 0.4248046875 0.003125 0.005859375
6 0.45625 0.42578125 0.003125 0.0078125
6 0.4359375 0.4248046875 0.003125 0.005859375
6 0.696875 0.3974609375 0.021875 0.025390625
6 0.98046875 0.1630859375 0.0390625 0.150390625
8 0.37734375 0.4091796875 0.0078125 0.009765625
8 0.41484375 0.4033203125 0.0078125 0.009765625
8 0.4265625 0.4033203125 0.00625 0.009765625
8 0.45546875 0.404296875 0.0078125 0.01171875
8 0.70078125 0.376953125 0.0296875 0.01171875
0 0.7203125 0.462890625 0.025 0.0703125
0 0.73125 0.4482421875 0.015625 0.060546875
1 0.959375 0.4296875 0.053125 0.0390625
1 0.81015625 0.4462890625 0.0390625 0.044921875
1 0.690625 0.458984375 0.04375 0.04296875
1 0.4578125 0.470703125 0.05 0.0546875
1 0.53515625 0.4677734375 0.0390625 0.041015625
1 0.51328125 0.4716796875 0.0171875 0.025390625
1 0.43046875 0.46484375 0.0171875 0.0234375
1 0.4046875 0.4619140625 0.009375 0.013671875
1 0.39140625 0.4609375 0.0140625 0.015625
1 0.3734375 0.46484375 0.01875 0.01953125
1 0.3453125 0.4697265625 0.034375 0.033203125
1 0.31171875 0.4716796875 0.0328125 0.029296875
1 0.2625 0.474609375 0.015625 0.03515625
1 0.275 0.4755859375 0.0125 0.029296875
1 0.22890625 0.484375 0.0609375 0.05859375
1 0.13359375 0.49609375 0.0578125 0.046875
11 0.41796875 0.455078125 0.0171875 0.0234375
