6 0.6078125 0.265625 0.021875 0.0703125
6 0.33203125 0.1162109375 0.0234375 0.076171875
6 0.75234375 0.2353515625 0.0234375 0.076171875
6 0.77265625 0.3330078125 0.0234375 0.033203125
8 0.6328125 0.3212890625 0.05625 0.017578125
0 0.7375 0.462890625 0.040625 0.125
0 0.92421875 0.541015625 0.1515625 0.34765625
0 0.3625 0.5927734375 0.1625 0.376953125
0 0.11484375 0.66015625 0.1328125 0.41796875
0 0.184375 0.6376953125 0.1125 0.373046875
0 0.02265625 0.57421875 0.0453125 0.359375
0 0.3 0.4697265625 0.028125 0.087890625
1 0.23046875 0.4873046875 0.0796875 0.083984375
1 0.27734375 0.4677734375 0.0421875 0.048828125
1 0.3921875 0.458984375 0.025 0.0234375
1 0.42265625 0.44921875 0.0078125 0.0078125
1 0.44921875 0.46484375 0.0296875 0.02734375
1 0.4375 0.4560546875 0.009375 0.013671875
1 0.375 0.4560546875 0.015625 0.021484375
11 0.2265625 0.6494140625 0.1625 0.302734375
