4 0.53359375 0.4013671875 0.0546875 0.095703125
8 0.9546875 0.2490234375 0.05 0.060546875
8 0.953125 0.34765625 0.025 0.05859375
1 0.446875 0.431640625 0.06875 0.0703125
1 0.48125 0.41796875 0.0375 0.046875
1 0.57421875 0.4169921875 0.0265625 0.029296875
1 0.615625 0.431640625 0.059375 0.0625
1 0.9109375 0.4482421875 0.06875 0.056640625
1 0.70546875 0.427734375 0.0296875 0.02734375
1 0.671875 0.427734375 0.034375 0.02734375
1 0.65 0.4189453125 0.01875 0.021484375
1 0.7609375 0.4248046875 0.05625 0.060546875
1 0.80078125 0.435546875 0.0234375 0.0390625
