6 0.1171875 0.3974609375 0.015625 0.044921875
6 0.246875 0.3837890625 0.015625 0.064453125
6 0.24375 0.4375 0.009375 0.015625
6 0.48203125 0.28125 0.0265625 0.046875
6 0.57421875 0.287109375 0.0140625 0.04296875
6 0.72109375 0.3837890625 0.0140625 0.041015625
6 0.75 0.375 0.015625 0.0390625
6 0.28359375 0.1484375 0.0484375 0.08984375
6 0.85625 0.3828125 0.021875 0.03515625
8 0.85234375 0.283203125 0.0296875 0.12109375
8 0.0546875 0.2470703125 0.109375 0.033203125
8 0.3890625 0.4599609375 0.009375 0.009765625
8 0.44296875 0.4521484375 0.0078125 0.017578125
8 0.44296875 0.466796875 0.0078125 0.01171875
8 0.64140625 0.43359375 0.0078125 0.01953125
8 0.5234375 0.2783203125 0.021875 0.037109375
8 0.6265625 0.3291015625 0.0625 0.013671875
1 0.47265625 0.4853515625 0.0484375 0.052734375
1 0.5671875 0.490234375 0.11875 0.14453125
1 0.6828125 0.4853515625 0.065625 0.115234375
1 0.74296875 0.4931640625 0.1484375 0.162109375
1 0.88671875 0.5224609375 0.2265625 0.259765625
7 0.2265625 0.5009765625 0.009375 0.025390625
