6 0.80859375 0.2666015625 0.0234375 0.068359375
6 0.821875 0.341796875 0.021875 0.02734375
6 0.534375 0.3564453125 0.021875 0.025390625
6 0.53828125 0.2958984375 0.0171875 0.060546875
8 0.81640625 0.314453125 0.0265625 0.01953125
8 0.871875 0.3232421875 0.046875 0.013671875
8 0.46953125 0.3701171875 0.0140625 0.021484375
0 0.66796875 0.4560546875 0.0390625 0.130859375
0 0.5078125 0.4462890625 0.021875 0.091796875
0 0.1875 0.46484375 0.034375 0.11328125
0 0.16171875 0.4697265625 0.0484375 0.115234375
0 0.1109375 0.4619140625 0.053125 0.115234375
0 0.07421875 0.462890625 0.0390625 0.10546875
0 0.0171875 0.462890625 0.034375 0.11328125
1 0.40703125 0.44921875 0.0078125 0.0078125
1 0.4375 0.4541015625 0.053125 0.052734375
1 0.38359375 0.44921875 0.0078125 0.0078125
1 0.3890625 0.4482421875 0.00625 0.009765625
7 0.51484375 0.4638671875 0.0171875 0.056640625
