6 0.025 0.0810546875 0.05 0.162109375
6 0.07265625 0.103515625 0.0359375 0.05859375
6 0.92578125 0.0673828125 0.0515625 0.134765625
6 0.803125 0.1435546875 0.034375 0.103515625
6 0.64140625 0.29296875 0.0171875 0.0625
6 0.6234375 0.306640625 0.015625 0.0546875
6 0.6328125 0.404296875 0.0125 0.01953125
6 0.61953125 0.404296875 0.0109375 0.01953125
6 0.85 0.333984375 0.015625 0.0546875
8 0.9234375 0.1640625 0.04375 0.05859375
8 0.79921875 0.2158203125 0.0265625 0.041015625
0 0.0609375 0.3935546875 0.046875 0.138671875
0 0.5453125 0.400390625 0.00625 0.01953125
0 0.43125 0.4013671875 0.009375 0.021484375
0 0.28359375 0.3935546875 0.0203125 0.072265625
0 0.2671875 0.390625 0.015625 0.08203125
0 0.01875 0.3876953125 0.0375 0.158203125
2 0.47265625 0.4140625 0.0140625 0.03515625
1 0.8078125 0.451171875 0.278125 0.14453125
1 0.684375 0.4287109375 0.0625 0.056640625
1 0.5625 0.4052734375 0.015625 0.017578125
