8 0.39375 0.416015625 0.0125 0.015625
0 0.38984375 0.4453125 0.0078125 0.01953125
0 0.41953125 0.4423828125 0.0046875 0.017578125
0 0.4234375 0.4462890625 0.00625 0.025390625
0 0.43984375 0.44921875 0.0078125 0.0234375
0 0.44609375 0.4453125 0.0046875 0.015625
0 0.45234375 0.4462890625 0.0046875 0.017578125
0 0.3640625 0.447265625 0.009375 0.015625
2 0.40703125 0.45703125 0.0109375 0.0234375
1 0.04921875 0.4970703125 0.0984375 0.083984375
1 0.27265625 0.5322265625 0.1578125 0.162109375
1 0.34765625 0.4638671875 0.0921875 0.048828125
1 0.85234375 0.5927734375 0.2140625 0.173828125
1 0.7515625 0.54296875 0.134375 0.12890625
1 0.8109375 0.46875 0.0875 0.03515625
1 0.68828125 0.5205078125 0.0734375 0.091796875
1 0.65703125 0.505859375 0.0578125 0.0703125
1 0.62109375 0.4833984375 0.0609375 0.056640625
1 0.56328125 0.4609375 0.0328125 0.03125
1 0.4875 0.451171875 0.034375 0.02734375
1 0.54453125 0.4541015625 0.0203125 0.021484375
1 0.53359375 0.4521484375 0.0109375 0.021484375
1 0.52578125 0.4453125 0.0140625 0.015625
1 0.5171875 0.4443359375 0.009375 0.013671875
1 0.028125 0.44140625 0.05625 0.03515625
