6 0.6046875 0.4345703125 0.00625 0.021484375
6 0.27578125 0.4208984375 0.0078125 0.025390625
8 0.74921875 0.3876953125 0.0515625 0.052734375
0 0.63828125 0.552734375 0.0296875 0.0625
0 0.86796875 0.4951171875 0.0296875 0.087890625
0 0.91484375 0.5029296875 0.0328125 0.080078125
0 0.8265625 0.4951171875 0.01875 0.052734375
0 0.68984375 0.4931640625 0.0140625 0.044921875
0 0.6765625 0.4970703125 0.009375 0.044921875
0 0.6703125 0.4970703125 0.0125 0.044921875
0 0.64296875 0.4970703125 0.0109375 0.037109375
0 0.2296875 0.513671875 0.021875 0.07421875
0 0.33515625 0.4921875 0.0109375 0.0390625
0 0.32421875 0.4833984375 0.0109375 0.025390625
0 0.453125 0.490234375 0.009375 0.0234375
0 0.97109375 0.5126953125 0.0265625 0.091796875
0 0.62578125 0.494140625 0.0078125 0.03515625
0 0.59375 0.48828125 0.00625 0.0234375
2 0.58203125 0.5283203125 0.0203125 0.044921875
1 0.04140625 0.5263671875 0.0828125 0.138671875
1 0.13359375 0.5146484375 0.1140625 0.107421875
1 0.20234375 0.5078125 0.0453125 0.078125
1 0.25703125 0.5 0.0765625 0.0859375
1 0.4875 0.529296875 0.090625 0.09375
