0 0.08125 0.4677734375 0.034375 0.044921875
0 0.56171875 0.4853515625 0.0234375 0.091796875
0 0.5828125 0.494140625 0.028125 0.08203125
0 0.596875 0.484375 0.021875 0.08203125
2 0.49375 0.443359375 0.00625 0.01171875
1 0.034375 0.4609375 0.06875 0.0390625
1 0.034375 0.4423828125 0.05 0.021484375
1 0.0796875 0.4521484375 0.046875 0.041015625
1 0.12578125 0.4560546875 0.0515625 0.037109375
1 0.1859375 0.4521484375 0.0375 0.033203125
1 0.30078125 0.4560546875 0.0296875 0.021484375
1 0.328125 0.4521484375 0.04375 0.025390625
1 0.290625 0.4423828125 0.046875 0.021484375
1 0.2484375 0.4375 0.028125 0.015625
1 0.10390625 0.5771484375 0.2078125 0.201171875
1 0.0171875 0.673828125 0.034375 0.171875
1 0.24140625 0.5263671875 0.1390625 0.162109375
1 0.31328125 0.517578125 0.0453125 0.09375
1 0.33671875 0.50390625 0.0515625 0.078125
1 0.35625 0.490234375 0.046875 0.06640625
1 0.37421875 0.4814453125 0.0390625 0.060546875
1 0.39140625 0.470703125 0.0515625 0.06640625
1 0.42734375 0.4609375 0.0328125 0.03515625
1 0.4453125 0.4521484375 0.028125 0.033203125
1 0.46171875 0.4521484375 0.0171875 0.025390625
1 0.46953125 0.44921875 0.0109375 0.0234375
1 0.46796875 0.4462890625 0.0203125 0.025390625
1 0.47734375 0.443359375 0.0078125 0.01953125
1 0.48125 0.44140625 0.015625 0.0234375
1 0.48828125 0.4375 0.0078125 0.015625
1 0.503125 0.431640625 0.00625 0.0078125
1 0.51875 0.451171875 0.028125 0.03125
1 0.5109375 0.431640625 0.00625 0.0078125
1 0.56796875 0.44921875 0.0265625 0.0234375
1 0.5515625 0.451171875 0.009375 0.0234375
1 0.5515625 0.4453125 0.021875 0.02734375
1 0.5421875 0.4453125 0.009375 0.01953125
1 0.5375 0.439453125 0.009375 0.015625
1 0.53671875 0.4345703125 0.0109375 0.013671875
1 0.5265625 0.4326171875 0.009375 0.009765625
1 0.53046875 0.435546875 0.0046875 0.01171875
1 0.64609375 0.5048828125 0.0796875 0.080078125
1 0.6296875 0.4873046875 0.05625 0.072265625
1 0.8484375 0.6181640625 0.303125 0.302734375
1 0.72890625 0.5458984375 0.1421875 0.173828125
