6 0.7484375 0.306640625 0.021875 0.08203125
6 0.76171875 0.3642578125 0.0171875 0.025390625
6 0.503125 0.3203125 0.01875 0.05859375
6 0.4984375 0.375 0.015625 0.01953125
6 0.4671875 0.3828125 0.01875 0.01953125
8 0.80859375 0.34765625 0.0328125 0.015625
8 0.428125 0.3837890625 0.0125 0.017578125
0 0.00703125 0.4609375 0.0140625 0.05859375
0 0.02421875 0.4580078125 0.0171875 0.052734375
0 0.10390625 0.4462890625 0.0109375 0.021484375
0 0.49453125 0.43359375 0.0265625 0.05078125
0 0.515625 0.45703125 0.03125 0.09375
1 0.40078125 0.4658203125 0.1984375 0.123046875
1 0.07890625 0.4736328125 0.0734375 0.072265625
1 0.27109375 0.4931640625 0.3703125 0.142578125
