6 0.83203125 0.0849609375 0.0453125 0.150390625
6 0.8390625 0.26953125 0.025 0.06640625
6 0.78828125 0.1123046875 0.0328125 0.130859375
6 0.38671875 0.1650390625 0.0171875 0.060546875
6 0.59921875 0.32421875 0.0140625 0.05859375
6 0.58671875 0.3310546875 0.0109375 0.052734375
6 0.596875 0.390625 0.009375 0.0234375
6 0.478125 0.4345703125 0.003125 0.009765625
6 0.4640625 0.431640625 0.003125 0.0078125
6 0.43125 0.4326171875 0.003125 0.009765625
8 0.84453125 0.2001953125 0.0359375 0.041015625
8 0.60625 0.236328125 0.078125 0.0234375
8 0.54765625 0.46484375 0.0265625 0.03515625
8 0.50625 0.4326171875 0.00625 0.009765625
8 0.41484375 0.4384765625 0.0109375 0.005859375
8 0.30859375 0.439453125 0.0046875 0.0078125
0 0.096875 0.5126953125 0.084375 0.232421875
0 0.76953125 0.4580078125 0.0046875 0.021484375
5 0.10546875 0.4296875 0.2109375 0.19140625
1 0.46953125 0.4560546875 0.0078125 0.009765625
1 0.45546875 0.4638671875 0.0109375 0.013671875
