4 0.5421875 0.45703125 0.021875 0.01171875
6 0.34140625 0.3583984375 0.0140625 0.056640625
6 0.7328125 0.3984375 0.009375 0.0234375
6 0.9421875 0.3193359375 0.021875 0.064453125
8 0.9625 0.380859375 0.0375 0.046875
8 0.34296875 0.4091796875 0.0328125 0.037109375
8 0.7421875 0.4208984375 0.015625 0.021484375
8 0.95703125 0.2568359375 0.0453125 0.060546875
8 0.73828125 0.3603515625 0.0171875 0.021484375
8 0.73984375 0.37890625 0.0171875 0.015625
8 0.3421875 0.439453125 0.025 0.0234375
0 0.0078125 0.603515625 0.015625 0.13671875
0 0.06484375 0.5732421875 0.0390625 0.123046875
0 0.11015625 0.529296875 0.0421875 0.08203125
0 0.91484375 0.4794921875 0.0265625 0.083984375
0 0.9890625 0.45703125 0.021875 0.046875
0 0.865625 0.4580078125 0.0125 0.021484375
0 0.88515625 0.4619140625 0.0140625 0.025390625
0 0.89921875 0.4580078125 0.0140625 0.025390625
0 0.875 0.4580078125 0.009375 0.021484375
0 0.26875 0.48828125 0.0125 0.0390625
0 0.68125 0.4658203125 0.01875 0.052734375
0 0.94609375 0.462890625 0.0265625 0.05859375
2 0.575 0.4794921875 0.03125 0.025390625
2 0.51875 0.4853515625 0.078125 0.060546875
3 0.403125 0.490234375 0.08125 0.0625
1 0.078125 0.845703125 0.15625 0.30859375
1 0.2328125 0.6298828125 0.303125 0.248046875
1 0.9296875 0.6259765625 0.140625 0.294921875
1 0.62265625 0.681640625 0.3390625 0.35546875
1 0.834375 0.5400390625 0.1625 0.154296875
1 0.6484375 0.4658203125 0.096875 0.044921875
1 0.60390625 0.50390625 0.1171875 0.03125
1 0.3640625 0.4912109375 0.0625 0.041015625
1 0.596875 0.47265625 0.0375 0.03125
1 0.5578125 0.4765625 0.040625 0.03515625
1 0.440625 0.482421875 0.021875 0.03125
1 0.453125 0.48046875 0.015625 0.02734375
1 0.4625 0.478515625 0.0125 0.02734375
