6 0.7484375 0.39453125 0.009375 0.04296875
6 0.20390625 0.3994140625 0.0171875 0.044921875
8 0.74765625 0.4423828125 0.0203125 0.037109375
8 0.21015625 0.4482421875 0.0234375 0.033203125
8 0.7484375 0.486328125 0.009375 0.015625
8 0.58359375 0.4365234375 0.0046875 0.005859375
0 0.03359375 0.517578125 0.0234375 0.09375
0 0.05703125 0.51171875 0.0265625 0.09765625
0 0.07421875 0.51953125 0.0234375 0.09765625
0 0.33515625 0.486328125 0.0109375 0.0390625
0 0.5671875 0.4736328125 0.009375 0.025390625
2 0.91796875 0.578125 0.0546875 0.09765625
1 0.4703125 0.5263671875 0.071875 0.068359375
1 0.5 0.5146484375 0.05 0.056640625
1 0.4515625 0.490234375 0.04375 0.04296875
1 0.47421875 0.48046875 0.0171875 0.02734375
1 0.6171875 0.4716796875 0.01875 0.021484375
1 0.60390625 0.4658203125 0.0078125 0.009765625
1 0.59296875 0.46484375 0.0078125 0.0078125
1 0.5828125 0.46484375 0.009375 0.0078125
0 0.9625 0.4990234375 0.01875 0.072265625
0 0.97421875 0.5 0.0109375 0.07421875
