6 0.9859375 0.4208984375 0.021875 0.060546875
6 0.98359375 0.505859375 0.0171875 0.01953125
6 0.33515625 0.505859375 0.0078125 0.0234375
8 0.6890625 0.486328125 0.03125 0.02734375
8 0.7171875 0.486328125 0.021875 0.03515625
8 0.71484375 0.4501953125 0.0296875 0.033203125
8 0.9578125 0.4384765625 0.046875 0.041015625
8 0.95625 0.390625 0.04375 0.05078125
0 0.0203125 0.5654296875 0.015625 0.037109375
0 0.0578125 0.5634765625 0.021875 0.044921875
0 0.0765625 0.564453125 0.01875 0.0390625
0 0.59765625 0.5634765625 0.0140625 0.048828125
0 0.615625 0.5673828125 0.015625 0.048828125
0 0.6296875 0.5654296875 0.0125 0.044921875
0 0.6390625 0.5615234375 0.0125 0.048828125
0 0.6484375 0.56640625 0.00625 0.04296875
0 0.30546875 0.5595703125 0.0109375 0.025390625
0 0.32734375 0.5576171875 0.0109375 0.021484375
0 0.36015625 0.556640625 0.0078125 0.015625
1 0.115625 0.7060546875 0.23125 0.244140625
1 0.4875 0.5986328125 0.0875 0.103515625
1 0.40546875 0.5673828125 0.0296875 0.029296875
1 0.4203125 0.564453125 0.01875 0.02734375
