4 0.8234375 0.408203125 0.25625 0.078125
4 0.5171875 0.4453125 0.059375 0.078125
4 0.43203125 0.447265625 0.0953125 0.02734375
4 0.63515625 0.427734375 0.0890625 0.03515625
0 0.73671875 0.4755859375 0.0390625 0.126953125
0 0.6921875 0.4736328125 0.040625 0.115234375
0 0.66640625 0.4404296875 0.0109375 0.037109375
0 0.678125 0.4306640625 0.0125 0.025390625
0 0.6328125 0.44921875 0.0125 0.046875
0 0.625 0.447265625 0.009375 0.03515625
0 0.609375 0.4638671875 0.015625 0.064453125
0 0.5953125 0.455078125 0.0125 0.046875
0 0.58515625 0.4580078125 0.0109375 0.044921875
0 0.578125 0.453125 0.009375 0.03515625
0 0.571875 0.4599609375 0.009375 0.041015625
0 0.5578125 0.4580078125 0.009375 0.041015625
0 0.5484375 0.4609375 0.009375 0.0390625
0 0.053125 0.5 0.015625 0.06640625
0 0.03671875 0.4970703125 0.0234375 0.068359375
0 0.04375 0.4765625 0.009375 0.03125
0 0.1109375 0.4990234375 0.021875 0.048828125
0 0.12890625 0.490234375 0.0140625 0.02734375
1 0.953125 0.486328125 0.09375 0.109375
1 0.91015625 0.4482421875 0.1796875 0.130859375
1 0.85234375 0.44921875 0.1390625 0.10546875
1 0.4734375 0.462890625 0.028125 0.0234375
1 0.45390625 0.462890625 0.0234375 0.0234375
1 0.42109375 0.46484375 0.0265625 0.0234375
1 0.3703125 0.4951171875 0.103125 0.080078125
1 0.64609375 0.4462890625 0.0171875 0.017578125
1 0.29609375 0.474609375 0.0265625 0.01953125
