6 0.55703125 0.3544921875 0.0078125 0.021484375
6 0.61015625 0.40625 0.0078125 0.0234375
6 0.61484375 0.431640625 0.0078125 0.01171875
8 0.7203125 0.3017578125 0.05 0.064453125
8 0.7203125 0.345703125 0.0375 0.02734375
8 0.9546875 0.3046875 0.015625 0.07421875
0 0.8015625 0.486328125 0.028125 0.10546875
0 0.80859375 0.447265625 0.0203125 0.0546875
0 0.759375 0.515625 0.078125 0.28515625
0 0.85703125 0.5498046875 0.0859375 0.333984375
2 0.70234375 0.5126953125 0.0453125 0.080078125
1 0.27578125 0.564453125 0.5515625 0.59765625
1 0.53515625 0.4658203125 0.0234375 0.033203125
11 0.74140625 0.5703125 0.0765625 0.14453125
8 0.6203125 0.3720703125 0.015625 0.009765625
