0 0.34375 0.49609375 0.06875 0.19921875
0 0.44453125 0.4921875 0.0421875 0.16796875
1 0.596875 0.501953125 0.2625 0.3359375
1 0.06875 0.5107421875 0.1375 0.326171875
1 0.20078125 0.48046875 0.2765625 0.234375
1 0.28046875 0.4697265625 0.1828125 0.162109375
1 0.415625 0.4697265625 0.1375 0.158203125
1 0.94453125 0.517578125 0.1109375 0.16015625
1 0.87890625 0.486328125 0.2421875 0.19140625
1 0.8046875 0.4736328125 0.134375 0.142578125
1 0.72421875 0.4775390625 0.0265625 0.068359375
1 0.37421875 0.482421875 0.0390625 0.125
