0 0.759375 0.51953125 0.071875 0.24609375
0 0.68984375 0.5087890625 0.0453125 0.263671875
0 0.6609375 0.5146484375 0.06875 0.287109375
0 0.5046875 0.4541015625 0.040625 0.048828125
0 0.44609375 0.455078125 0.0265625 0.04296875
1 0.859375 0.51171875 0.25625 0.16015625
1 0.77578125 0.486328125 0.1703125 0.16015625
1 0.6015625 0.4931640625 0.059375 0.080078125
1 0.57734375 0.4765625 0.0984375 0.08203125
1 0.38671875 0.4697265625 0.0515625 0.052734375
1 0.35 0.4716796875 0.0375 0.041015625
1 0.33046875 0.466796875 0.0546875 0.046875
1 0.2921875 0.46875 0.028125 0.03515625
1 0.19140625 0.4677734375 0.0859375 0.068359375
1 0.15 0.4853515625 0.09375 0.080078125
1 0.0875 0.4873046875 0.175 0.119140625
11 0.4796875 0.451171875 0.16875 0.1015625
11 0.4484375 0.5029296875 0.0375 0.064453125
11 0.50546875 0.5048828125 0.0453125 0.064453125
