4 0.63359375 0.4267578125 0.2953125 0.115234375
4 0.4453125 0.416015625 0.075 0.03515625
4 0.26328125 0.4443359375 0.0984375 0.041015625
4 0.34296875 0.419921875 0.0546875 0.04296875
8 0.496875 0.2373046875 0.034375 0.044921875
0 0.94375 0.505859375 0.090625 0.38671875
0 0.8171875 0.51171875 0.09375 0.359375
0 0.8890625 0.5244140625 0.1125 0.412109375
0 0.54375 0.4599609375 0.034375 0.115234375
0 0.4375 0.4755859375 0.03125 0.119140625
0 0.48046875 0.46875 0.0390625 0.1171875
0 0.45546875 0.4462890625 0.0140625 0.064453125
0 0.4203125 0.4501953125 0.0125 0.060546875
0 0.378125 0.4453125 0.009375 0.03125
0 0.40234375 0.4453125 0.0078125 0.03125
0 0.19375 0.4541015625 0.00625 0.025390625
0 0.1390625 0.458984375 0.009375 0.02734375
0 0.01796875 0.4736328125 0.0109375 0.025390625
1 0.684375 0.44140625 0.190625 0.1015625
1 0.60546875 0.4365234375 0.0921875 0.083984375
1 0.3390625 0.478515625 0.084375 0.07421875
1 0.28671875 0.451171875 0.0296875 0.0234375
7 0.184375 0.46484375 0.00625 0.015625
