8 0.2953125 0.46484375 0.00625 0.0078125
0 0.66796875 0.4794921875 0.0515625 0.162109375
0 0.10859375 0.4873046875 0.0203125 0.076171875
0 0.07734375 0.4814453125 0.0203125 0.072265625
0 0.04921875 0.474609375 0.0171875 0.0546875
0 0.02578125 0.4755859375 0.0171875 0.060546875
1 0.27578125 0.4775390625 0.0234375 0.021484375
1 0.25625 0.4736328125 0.015625 0.017578125
1 0.22734375 0.4736328125 0.0296875 0.025390625
1 0.18203125 0.4736328125 0.0578125 0.025390625
1 0.10546875 0.4814453125 0.1015625 0.041015625
