8 0.81171875 0.3701171875 0.0109375 0.017578125
8 0.4953125 0.3818359375 0.009375 0.017578125
0 0.2140625 0.4462890625 0.04375 0.123046875
2 0.53984375 0.4443359375 0.0265625 0.044921875
2 0.49140625 0.451171875 0.0234375 0.0390625
2 0.465625 0.4541015625 0.01875 0.033203125
2 0.42421875 0.4501953125 0.0296875 0.044921875
2 0.378125 0.4560546875 0.03125 0.044921875
2 0.2984375 0.4609375 0.040625 0.046875
2 0.26328125 0.4609375 0.0484375 0.0625
2 0.18671875 0.474609375 0.0546875 0.0625
2 0.146875 0.4755859375 0.03125 0.060546875
2 0.11796875 0.4814453125 0.0265625 0.052734375
2 0.08515625 0.4814453125 0.0484375 0.072265625
2 0.02734375 0.4833984375 0.0546875 0.080078125
1 0.94375 0.4365234375 0.1125 0.103515625
1 0.7828125 0.4267578125 0.06875 0.076171875
1 0.4984375 0.4287109375 0.04375 0.029296875
1 0.06328125 0.41796875 0.1265625 0.0859375
1 0.6046875 0.4267578125 0.04375 0.025390625
1 0.5234375 0.41796875 0.090625 0.04296875
