4 0.81484375 0.4619140625 0.3578125 0.490234375
0 0.0578125 0.576171875 0.028125 0.078125
0 0.134375 0.5703125 0.0125 0.0546875
0 0.2 0.56640625 0.015625 0.05078125
0 0.21796875 0.56640625 0.0140625 0.046875
0 0.2328125 0.5654296875 0.0125 0.044921875
0 0.25390625 0.56640625 0.0140625 0.0390625
0 0.265625 0.5654296875 0.009375 0.041015625
0 0.2765625 0.5634765625 0.0125 0.041015625
0 0.29921875 0.56640625 0.0078125 0.02734375
0 0.31015625 0.568359375 0.0078125 0.02734375
0 0.31953125 0.5673828125 0.0078125 0.025390625
0 0.60390625 0.56640625 0.0078125 0.0234375
0 0.6125 0.5673828125 0.00625 0.021484375
0 0.33984375 0.56640625 0.0078125 0.01953125
1 0.57265625 0.5693359375 0.0171875 0.017578125
1 0.55234375 0.5673828125 0.0203125 0.025390625
1 0.5328125 0.5673828125 0.025 0.044921875
1 0.47578125 0.62109375 0.1390625 0.16015625
1 0.353125 0.568359375 0.01875 0.0234375
1 0.58984375 0.5703125 0.0171875 0.015625
