8 0.7484375 0.3369140625 0.046875 0.021484375
8 0.7296875 0.48046875 0.015625 0.01171875
8 0.71484375 0.419921875 0.0078125 0.02734375
8 0.26328125 0.4658203125 0.0171875 0.005859375
0 0.3078125 0.5048828125 0.00625 0.021484375
1 0.8828125 0.572265625 0.234375 0.4375
1 0.3234375 0.517578125 0.025 0.0234375
1 0.35 0.5146484375 0.028125 0.025390625
1 0.36953125 0.509765625 0.0140625 0.015625
1 0.46875 0.51171875 0.025 0.0234375
1 0.42578125 0.50390625 0.0203125 0.0234375
7 0.075 0.5322265625 0.0125 0.041015625
