6 0.475 0.3095703125 0.009375 0.029296875
6 0.5453125 0.384765625 0.00625 0.01953125
8 0.34375 0.4091796875 0.0125 0.017578125
0 0.01171875 0.455078125 0.0109375 0.04296875
0 0.4921875 0.443359375 0.009375 0.02734375
0 0.121875 0.4482421875 0.00625 0.021484375
1 0.2234375 0.4765625 0.0875 0.0625
1 0.328125 0.4501953125 0.05 0.029296875
1 0.3921875 0.4501953125 0.06875 0.052734375
1 0.46171875 0.466796875 0.0734375 0.06640625
1 0.53515625 0.462890625 0.0671875 0.046875
1 0.50546875 0.44140625 0.0453125 0.02734375
1 0.6171875 0.466796875 0.065625 0.046875
1 0.6890625 0.474609375 0.065625 0.05859375
1 0.7453125 0.4560546875 0.065625 0.060546875
1 0.71328125 0.435546875 0.0546875 0.03515625
1 0.79453125 0.4365234375 0.0453125 0.029296875
6 0.69375 0.29296875 0.0125 0.0390625
