6 0.09140625 0.4345703125 0.0078125 0.029296875
6 0.1859375 0.3544921875 0.009375 0.029296875
6 0.20546875 0.3701171875 0.0078125 0.025390625
6 0.22890625 0.44140625 0.0078125 0.0234375
6 0.31484375 0.443359375 0.0078125 0.02734375
6 0.3375 0.3349609375 0.01875 0.060546875
6 0.77265625 0.41796875 0.0171875 0.05859375
6 0.653125 0.384765625 0.009375 0.02734375
6 0.8796875 0.3466796875 0.009375 0.033203125
6 0.90078125 0.3369140625 0.0078125 0.029296875
6 0.2546875 0.408203125 0.0125 0.0390625
8 0.61796875 0.4609375 0.0078125 0.01171875
8 0.47421875 0.4599609375 0.0078125 0.013671875
0 0.7609375 0.521484375 0.01875 0.05859375
1 0.5078125 0.478515625 0.01875 0.015625
1 0.5109375 0.46875 0.009375 0.0078125
