6 0.4453125 0.244140625 0.021875 0.06640625
6 0.46953125 0.251953125 0.0171875 0.046875
6 0.921875 0.28125 0.015625 0.06640625
6 0.9078125 0.2822265625 0.009375 0.064453125
6 0.85625 0.30859375 0.015625 0.05859375
8 0.8609375 0.2470703125 0.021875 0.025390625
8 0.61875 0.3359375 0.01875 0.015625
0 0.19921875 0.3837890625 0.0515625 0.154296875
0 0.39375 0.3759765625 0.021875 0.083984375
0 0.4890625 0.3759765625 0.009375 0.044921875
5 0.934375 0.3759765625 0.13125 0.150390625
1 0.73125 0.3564453125 0.071875 0.033203125
1 0.78359375 0.3642578125 0.0359375 0.021484375
1 0.7453125 0.5458984375 0.509375 0.345703125
