6 0.58515625 0.4375 0.0078125 0.0234375
6 0.5828125 0.4638671875 0.009375 0.009765625
6 0.2515625 0.4306640625 0.009375 0.029296875
6 0.2515625 0.455078125 0.009375 0.01171875
8 0.69453125 0.4091796875 0.0328125 0.041015625
8 0.63046875 0.4375 0.0203125 0.03125
0 0.81875 0.4931640625 0.025 0.064453125
0 0.7484375 0.5107421875 0.01875 0.072265625
0 0.678125 0.5107421875 0.01875 0.052734375
0 0.7015625 0.5078125 0.015625 0.04296875
0 0.71484375 0.490234375 0.0265625 0.04296875
0 0.6359375 0.4951171875 0.00625 0.033203125
0 0.5421875 0.5 0.009375 0.01171875
0 0.24921875 0.4931640625 0.0109375 0.037109375
2 0.37734375 0.5517578125 0.0296875 0.072265625
1 0.525 0.4951171875 0.015625 0.017578125
1 0.48671875 0.5283203125 0.0828125 0.087890625
