0 0.5578125 0.4638671875 0.009375 0.033203125
0 0.5515625 0.4619140625 0.009375 0.033203125
0 0.53046875 0.4541015625 0.0046875 0.013671875
0 0.53515625 0.453125 0.0046875 0.015625
0 0.5390625 0.453125 0.003125 0.015625
0 0.43046875 0.4697265625 0.0171875 0.060546875
0 0.50859375 0.453125 0.0046875 0.015625
1 0.909375 0.7275390625 0.18125 0.443359375
1 0.8234375 0.5595703125 0.25625 0.244140625
1 0.70234375 0.541015625 0.0734375 0.140625
1 0.671875 0.5185546875 0.075 0.107421875
1 0.65625 0.4951171875 0.090625 0.103515625
1 0.60546875 0.486328125 0.0421875 0.0625
1 0.5875 0.478515625 0.034375 0.046875
1 0.58671875 0.4658203125 0.0515625 0.044921875
1 0.0671875 0.5654296875 0.134375 0.216796875
1 0.16328125 0.5283203125 0.1484375 0.142578125
1 0.28125 0.50390625 0.103125 0.09375
1 0.36015625 0.4853515625 0.0734375 0.064453125
1 0.3890625 0.4755859375 0.059375 0.064453125
1 0.4265625 0.46875 0.0375 0.05078125
1 0.45078125 0.4658203125 0.0234375 0.037109375
1 0.4703125 0.462890625 0.028125 0.03125
1 0.4890625 0.45703125 0.01875 0.01953125
1 0.50234375 0.4541015625 0.0109375 0.013671875
