6 0.4703125 0.4169921875 0.00625 0.017578125
6 0.9890625 0.1181640625 0.021875 0.115234375
8 0.51015625 0.412109375 0.0140625 0.015625
0 0.4875 0.455078125 0.00625 0.0234375
0 0.8125 0.451171875 0.028125 0.09375
0 0.8265625 0.4404296875 0.025 0.083984375
0 0.99375 0.4560546875 0.0125 0.130859375
2 0.46875 0.4697265625 0.009375 0.025390625
1 0.340625 0.4609375 0.028125 0.03125
1 0.39140625 0.4580078125 0.0171875 0.021484375
1 0.40234375 0.4580078125 0.0078125 0.013671875
1 0.42578125 0.466796875 0.0328125 0.03515625
1 0.665625 0.4931640625 0.23125 0.220703125
6 0.978125 0.2548828125 0.04375 0.064453125
