0 0.67109375 0.4765625 0.0234375 0.08203125
0 0.53515625 0.451171875 0.0140625 0.0390625
2 0.5390625 0.4912109375 0.01875 0.044921875
1 0.4921875 0.4384765625 0.01875 0.021484375
1 0.39453125 0.4599609375 0.0296875 0.037109375
1 0.38125 0.4765625 0.05 0.05078125
1 0.33515625 0.490234375 0.0609375 0.06640625
1 0.2609375 0.5107421875 0.109375 0.111328125
1 0.5625 0.46484375 0.040625 0.05078125
1 0.66796875 0.4609375 0.0390625 0.05859375
1 0.82109375 0.4716796875 0.1640625 0.072265625
2 0.69375 0.4921875 0.01875 0.04296875
