6 0.64921875 0.4013671875 0.0078125 0.021484375
6 0.653125 0.4267578125 0.00625 0.009765625
6 0.5984375 0.3505859375 0.00625 0.017578125
8 0.73125 0.353515625 0.034375 0.0234375
8 0.73125 0.3134765625 0.046875 0.056640625
8 0.02265625 0.3662109375 0.0328125 0.044921875
0 0.83125 0.53125 0.103125 0.36328125
0 0.77890625 0.50390625 0.0703125 0.31640625
2 0.7234375 0.498046875 0.053125 0.06640625
1 0.59921875 0.4697265625 0.0421875 0.056640625
1 0.37734375 0.53125 0.4359375 0.484375
1 0.04296875 0.484375 0.0859375 0.15625
1 0.1015625 0.498046875 0.075 0.09765625
11 0.771875 0.564453125 0.084375 0.16015625
8 0.659375 0.3701171875 0.0125 0.009765625
8 0.94453125 0.3134765625 0.0140625 0.072265625
