8 0.59296875 0.4140625 0.0234375 0.01171875
8 0.5921875 0.3837890625 0.040625 0.048828125
8 0.028125 0.4033203125 0.0125 0.017578125
0 0.346875 0.4580078125 0.015625 0.029296875
0 0.35390625 0.4560546875 0.0140625 0.041015625
0 0.23046875 0.462890625 0.0140625 0.05078125
0 0.24609375 0.4521484375 0.0140625 0.033203125
0 0.04609375 0.4384765625 0.0109375 0.017578125
0 0.48359375 0.4970703125 0.0296875 0.076171875
2 0.50625 0.4833984375 0.0375 0.037109375
2 0.51484375 0.4814453125 0.0421875 0.037109375
2 0.34921875 0.5 0.0578125 0.04296875
2 0.20859375 0.4794921875 0.0296875 0.044921875
2 0.18828125 0.4814453125 0.0328125 0.037109375
2 0.16484375 0.474609375 0.0203125 0.046875
2 0.11171875 0.4755859375 0.0203125 0.033203125
1 0.76953125 0.4853515625 0.1671875 0.076171875
1 0.03671875 0.4638671875 0.0703125 0.041015625
1 0.11875 0.4677734375 0.075 0.044921875
1 0.76484375 0.5966796875 0.2671875 0.185546875
1 0.89375 0.6982421875 0.2125 0.275390625
