6 0.35078125 0.43359375 0.0140625 0.03125
6 0.61171875 0.435546875 0.0109375 0.03125
8 0.0140625 0.4794921875 0.01875 0.025390625
8 0.0140625 0.4326171875 0.0125 0.021484375
0 0.15390625 0.4990234375 0.0109375 0.041015625
0 0.28671875 0.5029296875 0.0078125 0.044921875
0 0.2734375 0.49609375 0.009375 0.0390625
0 0.2625 0.49609375 0.0125 0.03515625
0 0.24921875 0.4921875 0.0140625 0.03125
0 0.646875 0.4931640625 0.00625 0.029296875
2 0.02890625 0.5390625 0.0515625 0.05859375
2 0.72265625 0.623046875 0.0640625 0.12890625
1 0.2140625 0.5380859375 0.1125 0.083984375
1 0.490625 0.5458984375 0.1 0.107421875
1 0.52578125 0.5126953125 0.0328125 0.048828125
0 0.89765625 0.5361328125 0.0234375 0.037109375
