6 0.8109375 0.404296875 0.015625 0.0546875
6 0.09375 0.3876953125 0.015625 0.048828125
8 0.80234375 0.455078125 0.0203125 0.0390625
8 0.10390625 0.4365234375 0.0203125 0.041015625
0 0.3375 0.4990234375 0.009375 0.029296875
0 0.03359375 0.505859375 0.0234375 0.08984375
0 0.009375 0.509765625 0.01875 0.0859375
1 0.68046875 0.5185546875 0.0578125 0.056640625
1 0.625 0.509765625 0.04375 0.04296875
1 0.52578125 0.5068359375 0.0390625 0.041015625
1 0.49453125 0.50390625 0.0171875 0.01953125
1 0.46875 0.5029296875 0.015625 0.017578125
1 0.50703125 0.4912109375 0.0078125 0.009765625
1 0.4125 0.4873046875 0.078125 0.111328125
1 0.35703125 0.5107421875 0.0328125 0.025390625
1 0.5453125 0.4921875 0.00625 0.0078125
7 0.78125 0.5419921875 0.0125 0.037109375
6 0.1125 0.3896484375 0.0125 0.048828125
