6 0.52890625 0.4248046875 0.0046875 0.013671875
6 0.52890625 0.4404296875 0.0046875 0.005859375
8 0.121875 0.4033203125 0.015625 0.033203125
8 0.1234375 0.439453125 0.015625 0.02734375
1 0.46171875 0.4814453125 0.0453125 0.052734375
1 0.48515625 0.478515625 0.0203125 0.0390625
1 0.4953125 0.4736328125 0.03125 0.037109375
1 0.55390625 0.4580078125 0.0140625 0.017578125
1 0.56875 0.4609375 0.021875 0.0234375
1 0.57890625 0.455078125 0.0046875 0.01171875
1 0.58203125 0.451171875 0.0078125 0.01171875
1 0.6125 0.451171875 0.0125 0.0078125
1 0.59375 0.451171875 0.00625 0.0078125
7 0.353125 0.5126953125 0.0125 0.033203125
