6 0.71328125 0.279296875 0.0484375 0.0546875
6 0.3234375 0.0537109375 0.04375 0.056640625
6 0.10234375 0.0625 0.0359375 0.0625
6 0.3265625 0.40625 0.00625 0.015625
6 0.28671875 0.4296875 0.0078125 0.01953125
8 0.39921875 0.064453125 0.0359375 0.06640625
8 0.16953125 0.0732421875 0.0359375 0.064453125
1 0.4875 0.5546875 0.3875 0.39453125
1 0.01875 0.4951171875 0.0375 0.072265625
1 0.06875 0.49609375 0.09375 0.0703125
1 0.13203125 0.494140625 0.0515625 0.0546875
1 0.16796875 0.4892578125 0.0453125 0.048828125
11 0.2296875 0.466796875 0.103125 0.1015625
