6 0.09375 0.2958984375 0.01875 0.060546875
6 0.48359375 0.13671875 0.0171875 0.06640625
6 0.71015625 0.3076171875 0.0203125 0.064453125
6 0.709375 0.3837890625 0.021875 0.029296875
8 0.865625 0.3505859375 0.05625 0.025390625
8 0.86796875 0.328125 0.0234375 0.02734375
0 0.75234375 0.4716796875 0.0203125 0.080078125
0 0.6546875 0.462890625 0.0125 0.0390625
0 0.02578125 0.443359375 0.0203125 0.02734375
0 0.0390625 0.44140625 0.01875 0.03125
0 0.1796875 0.4599609375 0.015625 0.056640625
0 0.07265625 0.4501953125 0.0203125 0.033203125
0 0.9296875 0.4560546875 0.025 0.048828125
0 0.86875 0.451171875 0.01875 0.046875
0 0.51171875 0.451171875 0.0078125 0.01953125
2 0.20703125 0.4755859375 0.0171875 0.052734375
1 0.2859375 0.47265625 0.125 0.0546875
1 0.6 0.48828125 0.06875 0.06640625
1 0.56953125 0.48046875 0.0234375 0.046875
1 0.56015625 0.4755859375 0.0265625 0.048828125
1 0.54765625 0.4697265625 0.0171875 0.041015625
1 0.55234375 0.4638671875 0.0359375 0.044921875
1 0.4953125 0.455078125 0.0125 0.01171875
1 0.5328125 0.458984375 0.015625 0.01953125
1 0.5203125 0.45703125 0.0125 0.015625
