4 0.5 0.4326171875 0.028125 0.041015625
6 0.89765625 0.28125 0.0171875 0.05859375
6 0.8703125 0.2841796875 0.015625 0.052734375
6 0.33203125 0.3798828125 0.0078125 0.021484375
8 0.64765625 0.3798828125 0.0078125 0.013671875
0 0.3375 0.435546875 0.009375 0.0234375
0 0.3609375 0.4384765625 0.009375 0.025390625
0 0.11015625 0.4091796875 0.0140625 0.029296875
2 0.86328125 0.48828125 0.0578125 0.0859375
1 0.9046875 0.658203125 0.190625 0.39453125
1 0.62109375 0.4521484375 0.0765625 0.060546875
1 0.584375 0.447265625 0.03125 0.05078125
1 0.5703125 0.447265625 0.021875 0.046875
1 0.55703125 0.443359375 0.0296875 0.04296875
1 0.51796875 0.439453125 0.0265625 0.0234375
1 0.47734375 0.4423828125 0.0234375 0.013671875
1 0.184375 0.486328125 0.2625 0.203125
1 0.45 0.4453125 0.015625 0.01171875
1 0.428125 0.443359375 0.0125 0.015625
