4 0.5953125 0.3818359375 0.046875 0.048828125
4 0.82421875 0.3798828125 0.0734375 0.056640625
8 0.765625 0.3017578125 0.04375 0.052734375
1 0.5234375 0.4169921875 0.040625 0.048828125
1 0.565625 0.40234375 0.04375 0.0234375
1 0.58671875 0.4697265625 0.1390625 0.130859375
1 0.646875 0.423828125 0.034375 0.046875
1 0.66328125 0.4150390625 0.0203125 0.029296875
1 0.67265625 0.40625 0.0078125 0.015625
1 0.89375 0.408203125 0.04375 0.01953125
1 0.85625 0.4072265625 0.040625 0.017578125
1 0.76484375 0.3984375 0.0296875 0.015625
1 0.74375 0.396484375 0.01875 0.01171875
1 0.37421875 0.462890625 0.1703125 0.12890625
