1 0.9296875 0.521484375 0.140625 0.140625
1 0.859375 0.5205078125 0.128125 0.107421875
1 0.77421875 0.4970703125 0.0796875 0.072265625
1 0.8765625 0.4736328125 0.10625 0.044921875
1 0.090625 0.5517578125 0.18125 0.201171875
1 0.19375 0.5087890625 0.140625 0.158203125
1 0.27578125 0.5029296875 0.0609375 0.099609375
1 0.30546875 0.4775390625 0.0984375 0.107421875
1 0.371875 0.4794921875 0.05 0.060546875
1 0.39375 0.478515625 0.025 0.05078125
1 0.40703125 0.474609375 0.0265625 0.046875
1 0.4234375 0.47265625 0.025 0.04296875
1 0.4296875 0.470703125 0.015625 0.0390625
1 0.43984375 0.46875 0.0203125 0.03515625
1 0.4515625 0.4599609375 0.03125 0.037109375
1 0.48046875 0.4599609375 0.0203125 0.017578125
1 0.4921875 0.458984375 0.0125 0.015625
1 0.5015625 0.4599609375 0.009375 0.013671875
1 0.5078125 0.4580078125 0.00625 0.009765625
1 0.5515625 0.462890625 0.01875 0.01953125
1 0.546875 0.4609375 0.0125 0.015625
1 0.540625 0.458984375 0.009375 0.01171875
1 0.571875 0.470703125 0.021875 0.03515625
1 0.59375 0.4755859375 0.040625 0.052734375
1 0.6375 0.49609375 0.08125 0.0859375
1 0.690625 0.4794921875 0.046875 0.048828125
