8 0.93359375 0.232421875 0.0859375 0.10546875
8 0.93671875 0.296875 0.0640625 0.0234375
8 0.84609375 0.3583984375 0.0109375 0.033203125
8 0.63515625 0.353515625 0.0296875 0.01171875
8 0.1140625 0.392578125 0.028125 0.03515625
8 0.11328125 0.4169921875 0.0203125 0.013671875
0 0.0734375 0.4912109375 0.028125 0.087890625
1 0.5234375 0.4794921875 0.0625 0.056640625
1 0.475 0.470703125 0.028125 0.03125
1 0.47265625 0.4658203125 0.0296875 0.033203125
1 0.45390625 0.4677734375 0.0078125 0.017578125
1 0.45 0.4619140625 0.009375 0.009765625
1 0.41171875 0.4638671875 0.0171875 0.021484375
1 0.3890625 0.46484375 0.028125 0.0390625
1 0.3796875 0.474609375 0.025 0.03125
1 0.375 0.4775390625 0.021875 0.033203125
1 0.3625 0.478515625 0.01875 0.046875
1 0.32421875 0.4794921875 0.0734375 0.080078125
1 0.25078125 0.482421875 0.0734375 0.0703125
11 0.58828125 0.4697265625 0.0171875 0.037109375
