0 0.45703125 0.4345703125 0.0078125 0.025390625
2 0.4953125 0.4375 0.00625 0.01171875
2 0.47109375 0.4326171875 0.0046875 0.009765625
1 0.89140625 0.451171875 0.0984375 0.0703125
1 0.94765625 0.48046875 0.0609375 0.046875
1 0.71171875 0.4619140625 0.0296875 0.052734375
1 0.61796875 0.5009765625 0.0953125 0.083984375
1 0.5953125 0.4736328125 0.071875 0.068359375
1 0.56484375 0.4638671875 0.0515625 0.056640625
1 0.540625 0.4541015625 0.025 0.037109375
1 0.53671875 0.4443359375 0.0296875 0.037109375
1 0.5234375 0.4443359375 0.0125 0.029296875
1 0.51796875 0.4365234375 0.0203125 0.025390625
1 0.50859375 0.4306640625 0.0171875 0.021484375
1 0.484375 0.42578125 0.0125 0.01171875
1 0.478125 0.4287109375 0.0125 0.013671875
1 0.4640625 0.427734375 0.009375 0.01171875
1 0.446875 0.431640625 0.015625 0.01953125
1 0.434375 0.439453125 0.021875 0.0234375
1 0.4171875 0.4453125 0.01875 0.03125
1 0.39609375 0.447265625 0.0328125 0.0390625
1 0.38359375 0.45703125 0.0328125 0.0390625
1 0.3734375 0.46484375 0.025 0.04296875
1 0.34453125 0.4716796875 0.0609375 0.064453125
1 0.31015625 0.490234375 0.0703125 0.07421875
1 0.25390625 0.5087890625 0.0859375 0.087890625
1 0.196875 0.537109375 0.1125 0.10546875
1 0.0921875 0.583984375 0.184375 0.16796875
