6 0.72421875 0.35546875 0.0203125 0.0703125
6 0.38359375 0.44921875 0.0046875 0.015625
6 0.7171875 0.42578125 0.021875 0.0234375
6 0.5890625 0.4521484375 0.00625 0.017578125
8 0.7265625 0.3974609375 0.046875 0.013671875
0 0.871875 0.513671875 0.025 0.1015625
0 0.903125 0.5185546875 0.01875 0.099609375
0 0.01953125 0.5 0.0203125 0.0859375
0 0.05859375 0.4931640625 0.0171875 0.072265625
0 0.0796875 0.4951171875 0.021875 0.068359375
0 0.10546875 0.5009765625 0.0140625 0.064453125
0 0.23203125 0.490234375 0.0140625 0.0546875
0 0.36875 0.482421875 0.009375 0.01953125
0 0.334375 0.482421875 0.009375 0.01953125
0 0.65546875 0.48828125 0.0109375 0.0234375
0 0.640625 0.4912109375 0.009375 0.025390625
1 0.46171875 0.4990234375 0.0296875 0.025390625
1 0.5109375 0.490234375 0.015625 0.015625
1 0.53203125 0.494140625 0.0203125 0.01953125
1 0.56015625 0.5009765625 0.0265625 0.021484375
