8 0.2515625 0.41015625 0.03125 0.0390625
0 0.9703125 0.505859375 0.059375 0.265625
0 0.884375 0.501953125 0.08125 0.26953125
0 0.8109375 0.4814453125 0.034375 0.138671875
0 0.77734375 0.486328125 0.0609375 0.19140625
0 0.73671875 0.4912109375 0.0453125 0.169921875
0 0.7046875 0.4931640625 0.059375 0.185546875
0 0.65546875 0.4736328125 0.0296875 0.087890625
0 0.6109375 0.4736328125 0.01875 0.052734375
0 0.63046875 0.4755859375 0.0171875 0.052734375
0 0.56796875 0.474609375 0.0109375 0.0390625
0 0.58125 0.4755859375 0.0125 0.041015625
0 0.59140625 0.4677734375 0.0109375 0.033203125
0 0.525 0.4892578125 0.046875 0.095703125
1 0.5109375 0.4814453125 0.025 0.041015625
1 0.48359375 0.4833984375 0.0234375 0.025390625
