8 0.24296875 0.392578125 0.0171875 0.03515625
8 0.28359375 0.4189453125 0.0109375 0.025390625
8 0.3328125 0.4287109375 0.009375 0.013671875
8 0.584375 0.3974609375 0.015625 0.037109375
8 0.58125 0.4287109375 0.0125 0.025390625
8 0.696875 0.3984375 0.015625 0.01953125
8 0.696875 0.4453125 0.015625 0.03125
8 0.834375 0.2705078125 0.05 0.083984375
0 0.55546875 0.474609375 0.0140625 0.05078125
0 0.57421875 0.47265625 0.0078125 0.03515625
0 0.59765625 0.462890625 0.0109375 0.01953125
2 0.2203125 0.4990234375 0.025 0.056640625
2 0.253125 0.4912109375 0.01875 0.048828125
2 0.2640625 0.486328125 0.0125 0.03515625
2 0.28046875 0.4873046875 0.0171875 0.041015625
1 0.37890625 0.470703125 0.0328125 0.0390625
1 0.33359375 0.4794921875 0.0734375 0.068359375
1 0.44765625 0.48046875 0.1015625 0.11328125
1 0.65390625 0.5146484375 0.1421875 0.134765625
