8 0.271875 0.4619140625 0.01875 0.009765625
8 0.2703125 0.4423828125 0.021875 0.029296875
0 0.04765625 0.5341796875 0.0234375 0.068359375
0 0.93046875 0.4375 0.0078125 0.015625
0 0.3234375 0.5107421875 0.015625 0.048828125
0 0.353125 0.486328125 0.0125 0.0234375
3 0.146875 0.5341796875 0.0625 0.064453125
1 0.95546875 0.564453125 0.0890625 0.19921875
1 0.92890625 0.5400390625 0.1421875 0.189453125
1 0.75859375 0.48828125 0.0953125 0.109375
1 0.50625 0.50390625 0.0625 0.0546875
1 0.43984375 0.5234375 0.0984375 0.09375
1 0.65859375 0.5126953125 0.0609375 0.103515625
1 0.6 0.5634765625 0.159375 0.201171875
1 0.23203125 0.51953125 0.1203125 0.07421875
