4 0.1046875 0.4521484375 0.209375 0.041015625
2 0.58125 0.537109375 0.053125 0.09375
2 0.6640625 0.52734375 0.04375 0.08203125
1 0.1921875 0.701171875 0.384375 0.45703125
1 0.26015625 0.50390625 0.0515625 0.04296875
1 0.3015625 0.5009765625 0.040625 0.044921875
1 0.34296875 0.5068359375 0.0640625 0.068359375
1 0.40859375 0.5302734375 0.1265625 0.107421875
1 0.46953125 0.5009765625 0.0671875 0.064453125
1 0.8953125 0.501953125 0.196875 0.1796875
1 0.78046875 0.494140625 0.0734375 0.1015625
1 0.746875 0.486328125 0.034375 0.07421875
1 0.58203125 0.498046875 0.0828125 0.08984375
1 0.52265625 0.4873046875 0.0453125 0.048828125
1 0.64296875 0.4755859375 0.0328125 0.041015625
1 0.66796875 0.458984375 0.0171875 0.01953125
1 0.44375 0.470703125 0.028125 0.01171875
1 0.375 0.4716796875 0.028125 0.009765625
1 0.39765625 0.47265625 0.0265625 0.0078125
1 0.4125 0.470703125 0.015625 0.01171875
1 0.45859375 0.462890625 0.0328125 0.01171875
1 0.43359375 0.46875 0.0171875 0.015625
1 0.55546875 0.458984375 0.0359375 0.02734375
1 0.5125 0.4580078125 0.01875 0.009765625
1 0.478125 0.4638671875 0.009375 0.009765625
