2 0.5390625 0.5244140625 0.040625 0.080078125
2 0.5859375 0.5341796875 0.040625 0.080078125
3 0.7421875 0.548828125 0.1125 0.15234375
1 0.48125 0.466796875 0.015625 0.015625
1 0.490625 0.4638671875 0.00625 0.009765625
1 0.496875 0.4658203125 0.009375 0.009765625
1 0.50390625 0.466796875 0.0078125 0.01171875
1 0.465625 0.4677734375 0.015625 0.021484375
1 0.44453125 0.4677734375 0.0296875 0.037109375
1 0.4375 0.474609375 0.028125 0.03515625
1 0.40625 0.4765625 0.046875 0.05859375
1 0.378125 0.4833984375 0.05 0.052734375
1 0.31328125 0.4912109375 0.0890625 0.095703125
1 0.24765625 0.4541015625 0.0765625 0.041015625
1 0.203125 0.5205078125 0.175 0.123046875
1 0.56171875 0.46484375 0.0109375 0.015625
1 0.5671875 0.4755859375 0.015625 0.029296875
1 0.6125 0.4931640625 0.025 0.056640625
1 0.65703125 0.5 0.0984375 0.109375
1 0.709375 0.53125 0.128125 0.1171875
1 0.86953125 0.6142578125 0.2609375 0.220703125
