4 0.93671875 0.5576171875 0.1265625 0.369140625
4 0.51484375 0.5361328125 0.2859375 0.357421875
6 0.21875 0.4345703125 0.0125 0.048828125
8 0.16640625 0.4072265625 0.0203125 0.017578125
8 0.165625 0.4326171875 0.01875 0.033203125
8 0.16484375 0.4580078125 0.0234375 0.017578125
0 0.19296875 0.5546875 0.0234375 0.078125
0 0.01875 0.556640625 0.025 0.1171875
0 0.03984375 0.541015625 0.0265625 0.1015625
0 0.10234375 0.5478515625 0.0265625 0.083984375
0 0.1328125 0.544921875 0.021875 0.07421875
0 0.06796875 0.5341796875 0.0234375 0.056640625
3 0.7265625 0.5673828125 0.034375 0.064453125
1 0.7671875 0.5380859375 0.034375 0.044921875
1 0.2578125 0.5927734375 0.146875 0.162109375
1 0.3625 0.5673828125 0.03125 0.083984375
