6 0.22578125 0.08203125 0.0171875 0.0703125
6 0.7546875 0.2685546875 0.015625 0.052734375
6 0.75859375 0.337890625 0.0234375 0.02734375
6 0.9703125 0.220703125 0.025 0.0625
6 0.98125 0.2802734375 0.028125 0.037109375
6 0.3703125 0.3974609375 0.00625 0.017578125
0 0.859375 0.4423828125 0.046875 0.123046875
0 0.40859375 0.447265625 0.0078125 0.0234375
0 0.36875 0.453125 0.009375 0.03515625
1 0.47265625 0.4482421875 0.0171875 0.025390625
1 0.3984375 0.4404296875 0.009375 0.009765625
1 0.38515625 0.4423828125 0.0109375 0.013671875
1 0.36484375 0.4521484375 0.0265625 0.021484375
1 0.3328125 0.4580078125 0.0125 0.017578125
1 0.31953125 0.4580078125 0.0203125 0.025390625
1 0.30390625 0.4609375 0.0234375 0.0234375
1 0.2765625 0.4658203125 0.03125 0.029296875
1 0.253125 0.470703125 0.01875 0.03125
1 0.16875 0.4814453125 0.05625 0.048828125
1 0.2171875 0.4716796875 0.0625 0.044921875
1 0.0828125 0.54296875 0.165625 0.31640625
