6 0.81875 0.31640625 0.015625 0.05859375
6 0.6515625 0.41015625 0.015625 0.01953125
6 0.6484375 0.3505859375 0.015625 0.048828125
6 0.39921875 0.2294921875 0.0140625 0.052734375
8 0.6390625 0.271484375 0.0375 0.01953125
8 0.44921875 0.2216796875 0.0296875 0.037109375
0 0.6984375 0.49609375 0.034375 0.109375
0 0.75234375 0.494140625 0.0359375 0.109375
0 0.8015625 0.4833984375 0.03125 0.123046875
1 0.49921875 0.47265625 0.0078125 0.0078125
1 0.50859375 0.4716796875 0.0109375 0.009765625
1 0.4765625 0.4736328125 0.009375 0.009765625
1 0.040625 0.521484375 0.08125 0.0859375
1 0.21953125 0.5341796875 0.1734375 0.119140625
