8 0.15 0.1943359375 0.215625 0.388671875
8 0.67421875 0.3994140625 0.0171875 0.009765625
8 0.821875 0.3779296875 0.0125 0.009765625
8 0.57109375 0.37890625 0.0046875 0.00390625
8 0.51015625 0.3798828125 0.0046875 0.005859375
8 0.50234375 0.3818359375 0.0046875 0.005859375
8 0.50234375 0.3896484375 0.0046875 0.005859375
5 0.571875 0.3408203125 0.03125 0.017578125
1 0.5453125 0.4169921875 0.0375 0.044921875
1 0.6375 0.4130859375 0.025 0.025390625
1 0.60078125 0.4052734375 0.0109375 0.009765625
1 0.578125 0.404296875 0.009375 0.0078125
1 0.565625 0.396484375 0.00625 0.0078125
1 0.5609375 0.3984375 0.00625 0.0078125
1 0.9640625 0.43359375 0.071875 0.046875
1 0.73828125 0.416015625 0.0265625 0.015625
1 0.7 0.4130859375 0.01875 0.013671875
1 0.53203125 0.388671875 0.0078125 0.0078125
1 0.5375 0.3896484375 0.00625 0.005859375
1 0.52109375 0.38671875 0.0078125 0.0078125
