8 0.3046875 0.404296875 0.034375 0.046875
8 0.11640625 0.3447265625 0.0140625 0.029296875
8 0.728125 0.33203125 0.015625 0.02734375
5 0.56328125 0.3955078125 0.1265625 0.166015625
5 0.3453125 0.431640625 0.040625 0.05859375
1 0.36796875 0.4384765625 0.0109375 0.029296875
1 0.33515625 0.4404296875 0.0203125 0.048828125
1 0.321875 0.439453125 0.025 0.0546875
1 0.2953125 0.439453125 0.03125 0.0625
1 0.2703125 0.4345703125 0.0375 0.072265625
1 0.21875 0.439453125 0.103125 0.09765625
1 0.40234375 0.439453125 0.0578125 0.05859375
1 0.43984375 0.43359375 0.0234375 0.0546875
1 0.46640625 0.431640625 0.0484375 0.0625
1 0.496875 0.443359375 0.028125 0.05859375
1 0.5703125 0.435546875 0.084375 0.109375
1 0.6546875 0.4443359375 0.146875 0.134765625
