0 0.4203125 0.4638671875 0.009375 0.033203125
0 0.76171875 0.56640625 0.0546875 0.1953125
0 0.78984375 0.55078125 0.0453125 0.203125
1 0.1421875 0.45703125 0.10625 0.06640625
1 0.1796875 0.455078125 0.08125 0.0703125
1 0.23203125 0.4599609375 0.0515625 0.052734375
1 0.23828125 0.4521484375 0.0796875 0.060546875
1 0.3140625 0.4619140625 0.078125 0.044921875
1 0.33203125 0.4580078125 0.0578125 0.044921875
1 0.3484375 0.455078125 0.05 0.046875
1 0.40859375 0.4619140625 0.0578125 0.029296875
1 0.4265625 0.4580078125 0.0375 0.029296875
1 0.453125 0.458984375 0.021875 0.0234375
1 0.4953125 0.4609375 0.01875 0.01953125
1 0.50546875 0.4599609375 0.0078125 0.013671875
1 0.51171875 0.4580078125 0.0078125 0.009765625
1 0.5171875 0.45703125 0.00625 0.0078125
1 0.55078125 0.4658203125 0.0234375 0.025390625
1 0.97265625 0.7421875 0.0546875 0.21875
1 0.89375 0.623046875 0.2125 0.234375
1 0.74140625 0.51953125 0.1453125 0.1484375
1 0.6828125 0.513671875 0.046875 0.1015625
1 0.6578125 0.5048828125 0.05 0.076171875
1 0.6359375 0.4970703125 0.040625 0.060546875
1 0.609375 0.4833984375 0.040625 0.041015625
1 0.60390625 0.4755859375 0.0390625 0.037109375
1 0.58515625 0.4736328125 0.0203125 0.033203125
1 0.5765625 0.4697265625 0.01875 0.029296875
1 0.56953125 0.4658203125 0.0109375 0.021484375
