6 0.9734375 0.3203125 0.034375 0.13671875
8 0.14921875 0.48828125 0.0171875 0.01953125
8 0.14921875 0.46875 0.0140625 0.015625
8 0.74609375 0.4501953125 0.0265625 0.033203125
8 0.74609375 0.478515625 0.0203125 0.01953125
8 0.97578125 0.421875 0.0484375 0.0625
0 0.209375 0.54296875 0.015625 0.05859375
0 0.24453125 0.5458984375 0.0171875 0.064453125
0 0.2765625 0.5419921875 0.0125 0.048828125
0 0.3015625 0.5390625 0.0125 0.046875
0 0.1703125 0.533203125 0.015625 0.03515625
0 0.9515625 0.6142578125 0.034375 0.162109375
0 0.68203125 0.5458984375 0.0109375 0.052734375
0 0.98828125 0.6044921875 0.0234375 0.154296875
1 0.33984375 0.5576171875 0.0859375 0.060546875
1 0.3828125 0.5439453125 0.04375 0.041015625
1 0.42265625 0.5283203125 0.0328125 0.029296875
1 0.49921875 0.564453125 0.1046875 0.12890625
