6 0.0890625 0.42578125 0.0125 0.02734375
6 0.09921875 0.44921875 0.0109375 0.015625
6 0.23984375 0.419921875 0.0078125 0.03125
6 0.24296875 0.453125 0.0109375 0.01171875
6 0.8 0.4208984375 0.0125 0.041015625
6 0.60625 0.4248046875 0.009375 0.033203125
6 0.60234375 0.458984375 0.0109375 0.01171875
8 0.23828125 0.44140625 0.0171875 0.01171875
8 0.60546875 0.4462890625 0.0140625 0.009765625
0 0.22890625 0.4833984375 0.0109375 0.025390625
0 0.33203125 0.490234375 0.0078125 0.0234375
0 0.35703125 0.4853515625 0.0046875 0.013671875
0 0.36953125 0.484375 0.0046875 0.01171875
0 0.38828125 0.4853515625 0.0046875 0.013671875
0 0.40390625 0.4892578125 0.0046875 0.017578125
0 0.42109375 0.490234375 0.0046875 0.015625
0 0.58828125 0.48828125 0.0046875 0.01171875
0 0.61328125 0.5078125 0.0171875 0.0546875
0 0.6375 0.50390625 0.01875 0.0703125
0 0.90390625 0.5087890625 0.0265625 0.072265625
0 0.9328125 0.509765625 0.028125 0.06640625
1 0.5359375 0.5 0.021875 0.0234375
1 0.5234375 0.4931640625 0.00625 0.009765625
1 0.509375 0.509765625 0.021875 0.0390625
1 0.4796875 0.5263671875 0.06875 0.072265625
