8 0.6703125 0.3837890625 0.028125 0.037109375
0 0.5515625 0.48046875 0.01875 0.0546875
0 0.56875 0.48046875 0.015625 0.0546875
0 0.44453125 0.4560546875 0.0078125 0.017578125
0 0.42734375 0.466796875 0.0171875 0.0390625
0 0.41015625 0.470703125 0.0109375 0.04296875
0 0.39609375 0.466796875 0.0109375 0.046875
0 0.384375 0.4638671875 0.0125 0.041015625
0 0.35234375 0.46484375 0.0109375 0.0390625
0 0.3625 0.4638671875 0.009375 0.041015625
0 0.36796875 0.4638671875 0.0078125 0.041015625
0 0.37578125 0.462890625 0.0109375 0.03515625
1 0.034375 0.5107421875 0.06875 0.201171875
1 0.1171875 0.5205078125 0.121875 0.146484375
1 0.15390625 0.4609375 0.1421875 0.08984375
1 0.33125 0.4658203125 0.03125 0.037109375
1 0.85625 0.6455078125 0.2875 0.291015625
1 0.734375 0.568359375 0.18125 0.18359375
1 0.67890625 0.5185546875 0.1296875 0.150390625
1 0.81875 0.470703125 0.115625 0.06640625
1 0.59296875 0.458984375 0.0359375 0.03515625
1 0.46953125 0.466796875 0.0265625 0.015625
1 0.43125 0.46875 0.0375 0.03515625
