6 0.08046875 0.3779296875 0.0140625 0.044921875
6 0.68515625 0.38671875 0.0140625 0.04296875
6 0.41015625 0.4599609375 0.0046875 0.017578125
6 0.56171875 0.4736328125 0.0046875 0.013671875
8 0.09140625 0.4326171875 0.0234375 0.041015625
8 0.678125 0.4423828125 0.025 0.048828125
0 0.37265625 0.4951171875 0.0046875 0.017578125
0 0.359375 0.4970703125 0.00625 0.021484375
0 0.3484375 0.49609375 0.00625 0.0234375
0 0.2984375 0.4921875 0.00625 0.015625
0 0.253125 0.494140625 0.009375 0.0234375
0 0.23046875 0.4912109375 0.0078125 0.025390625
0 0.7046875 0.5068359375 0.015625 0.044921875
0 0.82578125 0.5263671875 0.0265625 0.095703125
0 0.86328125 0.5263671875 0.0265625 0.095703125
1 0.51171875 0.50390625 0.0203125 0.0234375
