8 0.6859375 0.3935546875 0.0125 0.009765625
8 0.6859375 0.37109375 0.03125 0.0390625
8 0.28828125 0.3857421875 0.0203125 0.005859375
8 0.2875 0.40234375 0.015625 0.01953125
0 0.5921875 0.4814453125 0.01875 0.060546875
0 0.571875 0.48046875 0.025 0.05859375
0 0.57265625 0.484375 0.0109375 0.05859375
0 0.4390625 0.4677734375 0.0125 0.041015625
0 0.4109375 0.451171875 0.009375 0.0234375
0 0.3859375 0.4638671875 0.009375 0.048828125
0 0.39140625 0.4658203125 0.0140625 0.052734375
0 0.3765625 0.46484375 0.0125 0.046875
0 0.36640625 0.4638671875 0.0140625 0.052734375
0 0.35546875 0.46484375 0.0109375 0.046875
0 0.34765625 0.4658203125 0.0078125 0.041015625
0 0.33984375 0.4638671875 0.0109375 0.044921875
2 0.40859375 0.4814453125 0.0171875 0.033203125
1 0.64375 0.46484375 0.053125 0.03125
1 0.546875 0.4765625 0.05 0.03515625
1 0.4609375 0.470703125 0.0375 0.03125
1 0.42421875 0.4658203125 0.0203125 0.037109375
1 0.31953125 0.46484375 0.0296875 0.03515625
1 0.125 0.4609375 0.121875 0.109375
1 0.053125 0.4658203125 0.10625 0.099609375
1 0.03203125 0.5439453125 0.0640625 0.177734375
1 0.87890625 0.470703125 0.1265625 0.078125
1 0.72109375 0.5390625 0.1859375 0.19921875
1 0.83984375 0.626953125 0.3109375 0.28125
1 0.91171875 0.7939453125 0.1765625 0.408203125
