0 0.4296875 0.4716796875 0.021875 0.068359375
0 0.44921875 0.4677734375 0.0140625 0.056640625
0 0.53046875 0.4423828125 0.0296875 0.052734375
0 0.55 0.4599609375 0.01875 0.052734375
0 0.4890625 0.4892578125 0.05 0.181640625
0 0.6421875 0.4658203125 0.028125 0.052734375
0 0.61875 0.5283203125 0.06875 0.154296875
0 0.68359375 0.4951171875 0.0671875 0.236328125
0 0.72421875 0.5068359375 0.0359375 0.142578125
0 0.7625 0.509765625 0.05625 0.1328125
0 0.8015625 0.5322265625 0.05625 0.177734375
0 0.81953125 0.447265625 0.0484375 0.10546875
0 0.865625 0.416015625 0.046875 0.10546875
0 0.9046875 0.4765625 0.03125 0.0546875
0 0.8625 0.564453125 0.05625 0.2578125
0 0.97734375 0.529296875 0.0453125 0.19921875
0 0.5828125 0.4765625 0.025 0.0546875
1 0.31328125 0.490234375 0.1390625 0.1640625
0 0.978125 0.48046875 0.05 0.09765625
