8 0.03359375 0.2529296875 0.0671875 0.080078125
8 0.03984375 0.34765625 0.0796875 0.08984375
0 0.1828125 0.462890625 0.0125 0.0234375
0 0.215625 0.462890625 0.0125 0.01953125
0 0.60234375 0.4677734375 0.0171875 0.052734375
1 0.1921875 0.505859375 0.103125 0.07421875
1 0.03203125 0.498046875 0.0640625 0.05859375
1 0.334375 0.4765625 0.115625 0.0703125
1 0.41484375 0.4697265625 0.0234375 0.025390625
1 0.42421875 0.4638671875 0.0234375 0.025390625
1 0.4390625 0.46484375 0.0125 0.01953125
1 0.45859375 0.4609375 0.0171875 0.01953125
1 0.47421875 0.4609375 0.0140625 0.015625
1 0.5125 0.4580078125 0.0125 0.013671875
7 0.56875 0.474609375 0.009375 0.01953125
