0 0.50703125 0.484375 0.0390625 0.08203125
0 0.55234375 0.478515625 0.0421875 0.08984375
0 0.6140625 0.4833984375 0.025 0.091796875
0 0.634375 0.48828125 0.021875 0.1015625
0 0.66171875 0.482421875 0.0234375 0.09375
0 0.69375 0.4697265625 0.021875 0.087890625
0 0.71875 0.4912109375 0.028125 0.119140625
0 0.74140625 0.482421875 0.0296875 0.09375
0 0.75859375 0.4833984375 0.0265625 0.103515625
0 0.80234375 0.4833984375 0.0421875 0.107421875
0 0.94609375 0.55859375 0.0515625 0.125
2 0.87109375 0.4931640625 0.0484375 0.048828125
2 0.94921875 0.5810546875 0.0453125 0.119140625
