0 0.34609375 0.47265625 0.0109375 0.03515625
0 0.32421875 0.4765625 0.0109375 0.03125
0 0.3140625 0.474609375 0.009375 0.03125
0 0.29296875 0.466796875 0.0234375 0.0625
0 0.26328125 0.4658203125 0.0234375 0.060546875
0 0.17890625 0.4560546875 0.0328125 0.103515625
0 0.128125 0.4609375 0.03125 0.125
0 0.09609375 0.4609375 0.0328125 0.1171875
0 0.06015625 0.4609375 0.0265625 0.1171875
0 0.0390625 0.4609375 0.028125 0.12109375
0 0.009375 0.466796875 0.01875 0.109375
0 0.915625 0.685546875 0.025 0.05859375
0 0.74765625 0.5390625 0.0078125 0.01953125
0 0.75546875 0.5361328125 0.0078125 0.021484375
0 0.759375 0.5322265625 0.00625 0.025390625
1 0.4375 0.482421875 0.021875 0.0234375
1 0.39609375 0.4814453125 0.0265625 0.025390625
