6 0.175 0.3681640625 0.0125 0.037109375
6 0.175 0.4140625 0.0125 0.015625
6 0.56875 0.3720703125 0.009375 0.029296875
6 0.56875 0.404296875 0.009375 0.01171875
8 0.54765625 0.4091796875 0.0140625 0.021484375
0 0.11875 0.46875 0.015625 0.05859375
2 0.58984375 0.525390625 0.0453125 0.11328125
2 0.5515625 0.5068359375 0.025 0.064453125
2 0.81875 0.5205078125 0.046875 0.111328125
2 0.7640625 0.5087890625 0.0625 0.107421875
1 0.52578125 0.47265625 0.0265625 0.05859375
1 0.4859375 0.470703125 0.028125 0.0234375
1 0.440625 0.47265625 0.05 0.08203125
1 0.396875 0.4931640625 0.109375 0.115234375
