4 0.5234375 0.4619140625 0.071875 0.025390625
4 0.68671875 0.4609375 0.1234375 0.02734375
8 0.7015625 0.427734375 0.015625 0.03125
0 0.25234375 0.4755859375 0.0171875 0.068359375
0 0.278125 0.4775390625 0.01875 0.072265625
0 0.35390625 0.478515625 0.0109375 0.046875
0 0.3765625 0.482421875 0.015625 0.04296875
0 0.3640625 0.4814453125 0.0125 0.044921875
0 0.42734375 0.4658203125 0.0046875 0.017578125
0 0.459375 0.4638671875 0.003125 0.009765625
0 0.4671875 0.4677734375 0.00625 0.017578125
0 0.4734375 0.462890625 0.003125 0.0078125
0 0.484375 0.4638671875 0.003125 0.009765625
0 0.9703125 0.484375 0.009375 0.02734375
0 0.9421875 0.4814453125 0.01875 0.037109375
0 0.87734375 0.494140625 0.0265625 0.0703125
0 0.82109375 0.4990234375 0.0234375 0.076171875
0 0.75078125 0.486328125 0.0140625 0.05078125
0 0.7359375 0.48828125 0.015625 0.05078125
0 0.7703125 0.4892578125 0.01875 0.033203125
0 0.71015625 0.48828125 0.0109375 0.0546875
0 0.68515625 0.4892578125 0.0171875 0.056640625
0 0.66640625 0.4794921875 0.0078125 0.037109375
0 0.65703125 0.4794921875 0.0078125 0.033203125
0 0.6328125 0.4775390625 0.009375 0.033203125
0 0.71875 0.484375 0.00625 0.02734375
2 0.76484375 0.5029296875 0.0328125 0.033203125
1 0.57734375 0.4765625 0.0390625 0.0234375
1 0.53828125 0.4716796875 0.0171875 0.013671875
1 0.5515625 0.4716796875 0.01875 0.017578125
1 0.909375 0.6298828125 0.18125 0.263671875
7 0.34296875 0.4951171875 0.0109375 0.029296875
7 0.48515625 0.4755859375 0.0046875 0.009765625
11 0.60234375 0.53515625 0.0140625 0.00390625
11 0.6421875 0.53515625 0.0125 0.00390625
