6 0.078125 0.3759765625 0.0125 0.048828125
6 0.9296875 0.3408203125 0.01875 0.056640625
6 0.4078125 0.443359375 0.003125 0.0078125
6 0.9390625 0.38671875 0.021875 0.02734375
6 0.965625 0.3896484375 0.021875 0.025390625
8 0.58359375 0.416015625 0.0203125 0.0390625
0 0.77109375 0.470703125 0.0203125 0.07421875
0 0.79375 0.4736328125 0.025 0.076171875
0 0.846875 0.4794921875 0.03125 0.115234375
0 0.87578125 0.4736328125 0.0265625 0.115234375
0 0.89453125 0.4716796875 0.0453125 0.134765625
0 0.15859375 0.48046875 0.0109375 0.05078125
0 0.16796875 0.4716796875 0.0109375 0.041015625
0 0.59140625 0.4697265625 0.0078125 0.037109375
0 0.6140625 0.4599609375 0.009375 0.021484375
2 0.0328125 0.51171875 0.040625 0.07421875
2 0.12890625 0.5126953125 0.0390625 0.056640625
2 0.2015625 0.5126953125 0.028125 0.041015625
1 0.3984375 0.484375 0.025 0.0390625
1 0.37890625 0.4921875 0.0234375 0.0546875
1 0.353125 0.49609375 0.046875 0.05859375
1 0.27734375 0.4833984375 0.1171875 0.119140625
1 0.47890625 0.5068359375 0.1703125 0.162109375
1 0.3890625 0.470703125 0.021875 0.01953125
