6 0.1921875 0.3798828125 0.009375 0.033203125
6 0.528125 0.3896484375 0.0125 0.033203125
0 0.98046875 0.4697265625 0.0390625 0.146484375
0 0.79453125 0.4599609375 0.0171875 0.072265625
0 0.80234375 0.4599609375 0.0171875 0.068359375
0 0.8125 0.458984375 0.015625 0.0546875
2 0.0265625 0.529296875 0.053125 0.10546875
2 0.10703125 0.5205078125 0.0453125 0.072265625
2 0.17734375 0.5029296875 0.0265625 0.056640625
2 0.22109375 0.494140625 0.0234375 0.04296875
1 0.33828125 0.47265625 0.0484375 0.05859375
1 0.2765625 0.4931640625 0.096875 0.095703125
1 0.446875 0.48046875 0.11875 0.140625
0 0.8296875 0.462890625 0.021875 0.0625
