6 0.3390625 0.4345703125 0.00625 0.017578125
6 0.5921875 0.439453125 0.00625 0.01953125
0 0.67734375 0.484375 0.0140625 0.03125
0 0.66484375 0.484375 0.0109375 0.0234375
0 0.6390625 0.482421875 0.0125 0.01953125
0 0.2109375 0.4873046875 0.01875 0.048828125
0 0.2765625 0.482421875 0.0125 0.0390625
0 0.31796875 0.474609375 0.0140625 0.0234375
0 0.37109375 0.4755859375 0.0046875 0.013671875
0 0.3796875 0.4765625 0.009375 0.01171875
0 0.3875 0.4765625 0.009375 0.01171875
0 0.4046875 0.48046875 0.00625 0.01953125
0 0.3484375 0.484375 0.009375 0.02734375
0 0.70859375 0.482421875 0.0109375 0.0234375
0 0.0890625 0.474609375 0.009375 0.02734375
1 0.38046875 0.5068359375 0.0546875 0.048828125
1 0.48515625 0.48828125 0.0203125 0.01953125
1 0.525 0.490234375 0.015625 0.01953125
1 0.5546875 0.4951171875 0.034375 0.037109375
7 0.58984375 0.50390625 0.0078125 0.0234375
