4 0.89765625 0.390625 0.2046875 0.078125
4 0.51484375 0.447265625 0.0578125 0.08203125
4 0.4328125 0.4541015625 0.1 0.041015625
0 0.12890625 0.490234375 0.0171875 0.02734375
0 0.24375 0.4873046875 0.01875 0.048828125
0 0.253125 0.4873046875 0.0125 0.044921875
0 0.26328125 0.4853515625 0.0171875 0.048828125
0 0.84453125 0.484375 0.0859375 0.203125
0 0.80234375 0.4970703125 0.0515625 0.197265625
0 0.753125 0.4794921875 0.05 0.185546875
0 0.7828125 0.4697265625 0.01875 0.150390625
0 0.7328125 0.4755859375 0.03125 0.154296875
0 0.70546875 0.486328125 0.0515625 0.19921875
0 0.6828125 0.4775390625 0.034375 0.166015625
0 0.6671875 0.4482421875 0.0125 0.056640625
0 0.64296875 0.462890625 0.0234375 0.06640625
0 0.62734375 0.46484375 0.0140625 0.0625
0 0.61796875 0.466796875 0.0203125 0.06640625
0 0.5578125 0.458984375 0.0125 0.04296875
0 0.5484375 0.458984375 0.009375 0.0390625
0 0.5890625 0.4580078125 0.0125 0.044921875
0 0.575 0.458984375 0.015625 0.04296875
0 0.60078125 0.4580078125 0.0140625 0.044921875
0 0.371875 0.4658203125 0.00625 0.021484375
0 0.3765625 0.46484375 0.00625 0.0234375
1 0.95078125 0.486328125 0.0984375 0.109375
1 0.91328125 0.447265625 0.1734375 0.1328125
1 0.471875 0.462890625 0.028125 0.0234375
1 0.45234375 0.4638671875 0.0234375 0.021484375
7 0.340625 0.478515625 0.00625 0.01953125
0 0.1109375 0.498046875 0.025 0.05078125
