6 0.60078125 0.4658203125 0.0046875 0.013671875
8 0.79296875 0.25390625 0.1515625 0.08203125
8 0.91796875 0.396484375 0.0390625 0.0546875
1 0.13359375 0.5068359375 0.0578125 0.083984375
1 0.23671875 0.5048828125 0.1640625 0.150390625
1 0.44296875 0.5185546875 0.2359375 0.236328125
1 0.5609375 0.4853515625 0.0375 0.048828125
1 0.6265625 0.4833984375 0.034375 0.044921875
1 0.6359375 0.48828125 0.040625 0.03515625
1 0.68671875 0.4853515625 0.0734375 0.087890625
1 0.7703125 0.5029296875 0.11875 0.123046875
1 0.88515625 0.58984375 0.2296875 0.33203125
