6 0.13125 0.2958984375 0.015625 0.021484375
6 0.6546875 0.2509765625 0.015625 0.021484375
8 0.1375 0.33203125 0.03125 0.0390625
8 0.65390625 0.3046875 0.0359375 0.05859375
0 0.0921875 0.4306640625 0.01875 0.068359375
0 0.12421875 0.42578125 0.0140625 0.0625
0 0.15546875 0.4375 0.0234375 0.0859375
0 0.5296875 0.376953125 0.009375 0.01171875
0 0.546875 0.375 0.00625 0.01953125
0 0.5515625 0.390625 0.009375 0.01953125
0 0.5984375 0.392578125 0.009375 0.0390625
0 0.6140625 0.3779296875 0.009375 0.029296875
0 0.5796875 0.3916015625 0.015625 0.041015625
0 0.62890625 0.3916015625 0.0140625 0.048828125
0 0.6484375 0.3779296875 0.009375 0.029296875
0 0.675 0.38671875 0.009375 0.0234375
0 0.66875 0.36328125 0.00625 0.01953125
0 0.70390625 0.455078125 0.0296875 0.11328125
0 0.7546875 0.435546875 0.028125 0.09375
0 0.73125 0.4208984375 0.01875 0.080078125
0 0.84375 0.3876953125 0.021875 0.044921875
0 0.8203125 0.3623046875 0.00625 0.025390625
0 0.8046875 0.361328125 0.00625 0.0234375
0 0.7953125 0.373046875 0.009375 0.03515625
0 0.80703125 0.4248046875 0.0203125 0.095703125
0 0.8171875 0.4365234375 0.025 0.103515625
0 0.84296875 0.4404296875 0.0265625 0.099609375
0 0.88203125 0.4345703125 0.0328125 0.119140625
0 0.8953125 0.47265625 0.028125 0.12109375
0 0.93984375 0.4599609375 0.0546875 0.150390625
0 0.909375 0.380859375 0.0125 0.0390625
0 0.90234375 0.376953125 0.0109375 0.0390625
0 0.91953125 0.361328125 0.0109375 0.03125
0 0.93125 0.365234375 0.0125 0.0390625
0 0.9734375 0.3603515625 0.009375 0.029296875
0 0.9421875 0.3603515625 0.00625 0.025390625
0 0.78203125 0.361328125 0.0078125 0.02734375
0 0.703125 0.3837890625 0.0125 0.033203125
0 0.690625 0.3828125 0.0125 0.02734375
0 0.7078125 0.349609375 0.00625 0.015625
1 0.240625 0.435546875 0.06875 0.0703125
1 0.31171875 0.4287109375 0.0828125 0.083984375
1 0.36015625 0.408203125 0.0453125 0.0546875
1 0.384375 0.400390625 0.01875 0.0390625
1 0.39140625 0.384765625 0.0265625 0.02734375
1 0.43515625 0.3916015625 0.0546875 0.048828125
1 0.428125 0.423828125 0.065625 0.0625
1 0.471875 0.384765625 0.025 0.02734375
1 0.484375 0.400390625 0.034375 0.04296875
1 0.5109375 0.412109375 0.05625 0.05859375
1 0.5375 0.4482421875 0.09375 0.095703125
7 0.8328125 0.501953125 0.03125 0.078125
11 0.77734375 0.5107421875 0.0390625 0.013671875
