6 0.415625 0.4521484375 0.003125 0.013671875
6 0.59765625 0.453125 0.0046875 0.015625
0 0.7875 0.498046875 0.0125 0.046875
0 0.7625 0.4990234375 0.021875 0.064453125
0 0.7375 0.486328125 0.0125 0.02734375
0 0.68515625 0.48828125 0.0078125 0.015625
0 0.721875 0.4892578125 0.009375 0.021484375
0 0.60546875 0.5068359375 0.0171875 0.041015625
0 0.3421875 0.4912109375 0.0125 0.021484375
0 0.07265625 0.4931640625 0.0296875 0.064453125
0 0.0375 0.4912109375 0.021875 0.041015625
0 0.00703125 0.4921875 0.0140625 0.03515625
0 0.09453125 0.498046875 0.0140625 0.0546875
0 0.1265625 0.5087890625 0.021875 0.083984375
0 0.14140625 0.490234375 0.0140625 0.03125
0 0.41953125 0.4912109375 0.0078125 0.013671875
0 0.43515625 0.486328125 0.0046875 0.01171875
2 0.565625 0.5146484375 0.01875 0.029296875
1 0.5 0.5244140625 0.075 0.080078125
1 0.5265625 0.513671875 0.03125 0.05859375
1 0.52578125 0.5009765625 0.0390625 0.044921875
1 0.446875 0.5 0.028125 0.0234375
1 0.55 0.5029296875 0.0125 0.033203125
