6 0.190625 0.3583984375 0.040625 0.111328125
6 0.61015625 0.45703125 0.0046875 0.01171875
6 0.9203125 0.373046875 0.015625 0.04296875
8 0.24921875 0.5341796875 0.0359375 0.048828125
8 0.29453125 0.529296875 0.0359375 0.046875
8 0.20390625 0.4482421875 0.0484375 0.064453125
8 0.4234375 0.5048828125 0.01875 0.025390625
8 0.4671875 0.5 0.021875 0.0234375
8 0.50859375 0.4736328125 0.0140625 0.009765625
8 0.50625 0.458984375 0.015625 0.01953125
8 0.45625 0.44140625 0.046875 0.0234375
8 0.45546875 0.416015625 0.0484375 0.0234375
8 0.45390625 0.3896484375 0.0453125 0.021484375
3 0.16640625 0.5830078125 0.0546875 0.064453125
1 0.06953125 0.595703125 0.1390625 0.140625
1 0.209375 0.5439453125 0.05 0.048828125
1 0.31875 0.5107421875 0.021875 0.013671875
1 0.340625 0.505859375 0.034375 0.01953125
1 0.371875 0.5048828125 0.028125 0.013671875
1 0.36640625 0.5966796875 0.2046875 0.169921875
1 0.41796875 0.501953125 0.0484375 0.01953125
1 0.46171875 0.515625 0.0671875 0.0703125
1 0.52890625 0.5185546875 0.0765625 0.080078125
1 0.56875 0.4970703125 0.040625 0.056640625
1 0.58984375 0.48046875 0.0171875 0.0234375
1 0.628125 0.541015625 0.10625 0.1171875
1 0.6953125 0.494140625 0.05 0.05078125
1 0.72890625 0.486328125 0.0265625 0.0390625
1 0.76953125 0.517578125 0.1046875 0.09765625
