0 0.03359375 0.490234375 0.0296875 0.09765625
0 0.79921875 0.5087890625 0.0421875 0.162109375
0 0.884375 0.5126953125 0.040625 0.154296875
0 0.72421875 0.47265625 0.0171875 0.046875
0 0.69140625 0.4677734375 0.0140625 0.048828125
0 0.684375 0.46875 0.009375 0.046875
0 0.53359375 0.4560546875 0.0109375 0.033203125
0 0.42578125 0.455078125 0.0078125 0.01953125
0 0.234375 0.474609375 0.015625 0.0625
0 0.21640625 0.4716796875 0.0171875 0.060546875
0 0.25703125 0.4462890625 0.0140625 0.029296875
0 0.2484375 0.4462890625 0.0125 0.033203125
2 0.834375 0.6376953125 0.1 0.224609375
1 0.03359375 0.474609375 0.0671875 0.0546875
1 0.49453125 0.466796875 0.0390625 0.03125
1 0.45234375 0.4755859375 0.0515625 0.044921875
1 0.48359375 0.4541015625 0.0171875 0.013671875
1 0.41328125 0.46875 0.0296875 0.03515625
1 0.38671875 0.474609375 0.0421875 0.0390625
0 0.28984375 0.451171875 0.0171875 0.01953125
8 0.27578125 0.39453125 0.0234375 0.0078125
0 0.59375 0.455078125 0.00625 0.01953125
