6 0.7015625 0.4091796875 0.01875 0.025390625
6 0.72734375 0.408203125 0.0171875 0.0234375
6 0.60078125 0.267578125 0.0203125 0.02734375
6 0.57578125 0.2685546875 0.0234375 0.029296875
6 0.3671875 0.4296875 0.009375 0.01171875
6 0.3515625 0.4306640625 0.0125 0.013671875
8 0.56953125 0.4365234375 0.0078125 0.013671875
8 0.0171875 0.357421875 0.021875 0.0390625
8 0.71640625 0.376953125 0.0234375 0.01171875
8 0.7140625 0.3232421875 0.034375 0.044921875
8 0.35625 0.3974609375 0.01875 0.025390625
0 0.584375 0.4716796875 0.0125 0.041015625
0 0.0984375 0.4580078125 0.025 0.060546875
2 0.940625 0.63671875 0.11875 0.29296875
1 0.7078125 0.5009765625 0.10625 0.107421875
1 0.8296875 0.46875 0.1 0.0625
1 0.6046875 0.4736328125 0.03125 0.025390625
1 0.1765625 0.505859375 0.190625 0.15625
1 0.44296875 0.4736328125 0.0234375 0.025390625
1 0.459375 0.470703125 0.01875 0.01953125
1 0.47578125 0.46484375 0.0140625 0.0234375
1 0.04921875 0.447265625 0.0984375 0.09375
1 0.5125 0.4697265625 0.0125 0.013671875
7 0.37578125 0.4833984375 0.0078125 0.025390625
