8 0.48828125 0.3759765625 0.0109375 0.017578125
2 0.503125 0.4658203125 0.025 0.052734375
1 0.0421875 0.4580078125 0.084375 0.064453125
1 0.10625 0.4501953125 0.0625 0.052734375
1 0.146875 0.4462890625 0.03125 0.048828125
1 0.28203125 0.427734375 0.0296875 0.0234375
1 0.29453125 0.423828125 0.0234375 0.02734375
1 0.30859375 0.42578125 0.0109375 0.01953125
1 0.31796875 0.4248046875 0.0109375 0.017578125
1 0.32421875 0.419921875 0.0140625 0.01953125
1 0.3375 0.4208984375 0.0125 0.017578125
1 0.34765625 0.4208984375 0.0109375 0.013671875
1 0.36328125 0.4189453125 0.0109375 0.013671875
1 0.3796875 0.419921875 0.0125 0.01171875
1 0.390625 0.4228515625 0.00625 0.005859375
1 0.40625 0.4228515625 0.00625 0.005859375
7 0.25078125 0.4326171875 0.0046875 0.013671875
