0 0.50546875 0.4541015625 0.0046875 0.017578125
0 0.509375 0.4541015625 0.003125 0.017578125
0 0.51328125 0.4560546875 0.0046875 0.017578125
0 0.5171875 0.4541015625 0.003125 0.017578125
0 0.55 0.4521484375 0.00625 0.017578125
0 0.53359375 0.4609375 0.0078125 0.03125
0 0.5453125 0.4619140625 0.009375 0.033203125
1 0.97109375 0.4951171875 0.0578125 0.146484375
1 0.94140625 0.494140625 0.0765625 0.1171875
1 0.91328125 0.46484375 0.0765625 0.07421875
1 0.82734375 0.4697265625 0.0609375 0.052734375
1 0.74609375 0.45703125 0.0421875 0.02734375
1 0.6640625 0.4638671875 0.03125 0.044921875
1 0.6109375 0.4580078125 0.025 0.029296875
1 0.56640625 0.4560546875 0.0203125 0.021484375
1 0.5796875 0.4697265625 0.0375 0.041015625
1 0.53515625 0.45703125 0.0140625 0.01953125
1 0.49921875 0.4541015625 0.0078125 0.017578125
1 0.490625 0.455078125 0.015625 0.01953125
1 0.48203125 0.4599609375 0.0171875 0.025390625
1 0.46953125 0.4619140625 0.0203125 0.029296875
1 0.44765625 0.4638671875 0.0328125 0.037109375
1 0.440625 0.4697265625 0.025 0.033203125
1 0.425 0.47265625 0.025 0.0390625
1 0.39765625 0.4716796875 0.0453125 0.056640625
1 0.37734375 0.478515625 0.0390625 0.0546875
1 0.3609375 0.4814453125 0.0375 0.056640625
1 0.3171875 0.4931640625 0.078125 0.072265625
1 0.128125 0.529296875 0.15 0.1328125
1 0.040625 0.544921875 0.08125 0.15625
11 0.334375 0.5126953125 0.021875 0.052734375
