2 0.41640625 0.482421875 0.0171875 0.03515625
1 0.07421875 0.51953125 0.1484375 0.10546875
1 0.17578125 0.4794921875 0.1609375 0.080078125
1 0.26796875 0.46875 0.0484375 0.05859375
1 0.34375 0.4609375 0.034375 0.05078125
1 0.3546875 0.455078125 0.05625 0.046875
1 0.4140625 0.46484375 0.034375 0.04296875
1 0.44140625 0.45703125 0.0265625 0.03515625
1 0.4546875 0.451171875 0.015625 0.02734375
1 0.47109375 0.4404296875 0.0171875 0.021484375
1 0.48125 0.4375 0.009375 0.015625
1 0.48671875 0.4345703125 0.0109375 0.013671875
1 0.50390625 0.4423828125 0.0203125 0.021484375
1 0.9828125 0.83984375 0.034375 0.2265625
1 0.86015625 0.638671875 0.2796875 0.30859375
1 0.734375 0.5791015625 0.121875 0.173828125
1 0.70078125 0.525390625 0.1203125 0.140625
1 0.625 0.4833984375 0.071875 0.083984375
1 0.5875 0.4775390625 0.034375 0.072265625
1 0.571875 0.4658203125 0.028125 0.048828125
1 0.55703125 0.45703125 0.0203125 0.0390625
1 0.5484375 0.4482421875 0.01875 0.033203125
1 0.53125 0.4423828125 0.015625 0.021484375
