8 0.74296875 0.400390625 0.0296875 0.046875
8 0.740625 0.3349609375 0.0625 0.080078125
8 0.56015625 0.49609375 0.0203125 0.03125
8 0.52421875 0.5380859375 0.0140625 0.021484375
8 0.52265625 0.5185546875 0.0109375 0.013671875
8 0.340625 0.5400390625 0.009375 0.013671875
8 0.3390625 0.52734375 0.009375 0.0078125
0 0.7625 0.51953125 0.034375 0.1015625
0 0.66484375 0.5458984375 0.0203125 0.056640625
0 0.64765625 0.5517578125 0.0171875 0.044921875
0 0.63359375 0.5458984375 0.0203125 0.048828125
0 0.62109375 0.5517578125 0.0171875 0.044921875
1 0.48828125 0.5771484375 0.0234375 0.017578125
1 0.40234375 0.5771484375 0.0265625 0.017578125
1 0.48671875 0.5703125 0.0234375 0.01953125
1 0.46875 0.5595703125 0.0125 0.013671875
1 0.39609375 0.5654296875 0.0140625 0.013671875
