8 0.53515625 0.4384765625 0.0046875 0.009765625
0 0.59296875 0.462890625 0.0171875 0.05078125
0 0.20859375 0.4619140625 0.0109375 0.033203125
0 0.2375 0.4541015625 0.009375 0.017578125
0 0.32578125 0.46484375 0.0078125 0.03125
2 0.93125 0.5791015625 0.1 0.158203125
1 0.50546875 0.4541015625 0.0109375 0.013671875
1 0.48125 0.455078125 0.00625 0.0078125
1 0.47109375 0.45703125 0.0140625 0.01171875
1 0.4546875 0.4560546875 0.015625 0.017578125
1 0.43671875 0.4619140625 0.0109375 0.017578125
1 0.35390625 0.4658203125 0.0453125 0.048828125
1 0.390625 0.4638671875 0.075 0.056640625
1 0.234375 0.4892578125 0.08125 0.060546875
1 0.09140625 0.546875 0.1828125 0.33984375
7 0.559375 0.4677734375 0.00625 0.017578125
8 0.075 0.2685546875 0.071875 0.068359375
