2 0.71796875 0.5849609375 0.0453125 0.138671875
2 0.65703125 0.5595703125 0.0546875 0.123046875
1 0.04609375 0.5537109375 0.0921875 0.287109375
1 0.0984375 0.486328125 0.196875 0.15234375
1 0.30859375 0.509765625 0.1328125 0.09765625
1 0.37734375 0.4892578125 0.0828125 0.095703125
1 0.4375 0.4833984375 0.046875 0.052734375
1 0.459375 0.48046875 0.021875 0.046875
1 0.46328125 0.4716796875 0.0453125 0.052734375
1 0.4890625 0.4736328125 0.01875 0.041015625
1 0.5171875 0.4677734375 0.021875 0.021484375
1 0.52890625 0.466796875 0.0109375 0.01953125
1 0.53671875 0.4677734375 0.0109375 0.017578125
1 0.54375 0.466796875 0.0125 0.015625
1 0.55078125 0.4638671875 0.0109375 0.009765625
1 0.7828125 0.537109375 0.084375 0.12109375
1 0.628125 0.4833984375 0.034375 0.041015625
1 0.61484375 0.4736328125 0.0265625 0.037109375
1 0.59765625 0.470703125 0.0203125 0.01953125
1 0.584375 0.4697265625 0.0125 0.017578125
1 0.9546875 0.6865234375 0.090625 0.236328125
1 0.95 0.5087890625 0.1 0.115234375
