8 0.97890625 0.47265625 0.0140625 0.0078125
0 0.51171875 0.46484375 0.0078125 0.03125
1 0.0578125 0.46484375 0.0625 0.0390625
1 0.11796875 0.4638671875 0.1015625 0.052734375
1 0.459375 0.4951171875 0.084375 0.080078125
1 0.64375 0.4580078125 0.053125 0.033203125
1 0.6828125 0.4638671875 0.03125 0.021484375
1 0.82109375 0.4677734375 0.0453125 0.025390625
1 0.8296875 0.4541015625 0.046875 0.021484375
1 0.72890625 0.470703125 0.0359375 0.0234375
1 0.74765625 0.458984375 0.0203125 0.01953125
1 0.98984375 0.498046875 0.0203125 0.02734375
7 0.096875 0.4892578125 0.015625 0.044921875
