0 0.81875 0.51953125 0.0875 0.19921875
0 0.784375 0.51171875 0.0875 0.21875
0 0.7078125 0.5087890625 0.053125 0.193359375
0 0.690625 0.525390625 0.046875 0.21875
0 0.66875 0.515625 0.046875 0.1875
0 0.60078125 0.5107421875 0.0734375 0.201171875
0 0.57109375 0.5126953125 0.0765625 0.197265625
0 0.49921875 0.513671875 0.0484375 0.17578125
0 0.45625 0.5107421875 0.05625 0.181640625
0 0.396875 0.494140625 0.0625 0.1640625
0 0.3625 0.4912109375 0.04375 0.177734375
0 0.38671875 0.4248046875 0.0078125 0.029296875
0 0.47734375 0.466796875 0.0390625 0.140625
0 0.25859375 0.421875 0.0203125 0.07421875
0 0.234375 0.4248046875 0.01875 0.068359375
0 0.30390625 0.419921875 0.0078125 0.03125
2 0.51484375 0.484375 0.0515625 0.08984375
1 0.18828125 0.4306640625 0.0734375 0.068359375
1 0.23515625 0.427734375 0.0359375 0.05078125
1 0.33125 0.4365234375 0.05625 0.060546875
1 0.271875 0.4228515625 0.015625 0.041015625
1 0.28671875 0.421875 0.0171875 0.0390625
1 0.2953125 0.421875 0.0125 0.03515625
1 0.1203125 0.4189453125 0.05625 0.041015625
1 0.440625 0.4443359375 0.05625 0.072265625
1 0.41875 0.431640625 0.03125 0.0546875
1 0.90703125 0.4658203125 0.1734375 0.095703125
1 0.6921875 0.4580078125 0.14375 0.099609375
