6 0.96640625 0.37109375 0.0109375 0.02734375
6 0.953125 0.37109375 0.009375 0.0234375
6 0.93828125 0.3623046875 0.0109375 0.037109375
6 0.87421875 0.3623046875 0.0109375 0.037109375
6 0.859375 0.369140625 0.009375 0.0234375
6 0.7890625 0.353515625 0.009375 0.0234375
6 0.80703125 0.3505859375 0.0140625 0.033203125
6 0.7390625 0.3408203125 0.0125 0.033203125
6 0.75 0.35546875 0.009375 0.01953125
6 0.7265625 0.345703125 0.009375 0.02734375
6 0.7078125 0.35546875 0.009375 0.0234375
6 0.66015625 0.3330078125 0.0109375 0.044921875
6 0.67109375 0.3291015625 0.0109375 0.033203125
6 0.68671875 0.322265625 0.0140625 0.0546875
6 0.6921875 0.3486328125 0.0125 0.041015625
6 0.3921875 0.30859375 0.0125 0.04296875
6 0.42109375 0.322265625 0.0109375 0.0390625
8 0.9234375 0.341796875 0.01875 0.0234375
8 0.92265625 0.361328125 0.0140625 0.015625
8 0.27890625 0.2783203125 0.0578125 0.107421875
8 0.59453125 0.349609375 0.0109375 0.01171875
0 0.98359375 0.4482421875 0.0140625 0.060546875
0 0.9046875 0.4375 0.01875 0.0546875
0 0.8546875 0.43359375 0.015625 0.05859375
0 0.371875 0.4033203125 0.0125 0.044921875
0 0.40234375 0.400390625 0.0109375 0.05078125
2 0.16328125 0.50390625 0.0609375 0.15234375
5 0.528125 0.3837890625 0.065625 0.111328125
1 0.97109375 0.42578125 0.0578125 0.05859375
1 0.59921875 0.462890625 0.1703125 0.21484375
