6 0.17734375 0.462890625 0.0140625 0.05078125
6 0.8203125 0.4697265625 0.0125 0.056640625
6 0.8296875 0.5859375 0.0125 0.02734375
6 0.82421875 0.54296875 0.0109375 0.01953125
8 0.0421875 0.517578125 0.071875 0.0234375
8 0.05078125 0.4873046875 0.0796875 0.037109375
8 0.05 0.4521484375 0.078125 0.029296875
8 0.053125 0.4189453125 0.08125 0.025390625
8 0.10703125 0.486328125 0.0265625 0.015625
8 0.11015625 0.458984375 0.0359375 0.04296875
0 0.18828125 0.615234375 0.0234375 0.09765625
0 0.88203125 0.619140625 0.0203125 0.09765625
0 0.7640625 0.587890625 0.01875 0.02734375
0 0.74453125 0.5859375 0.0109375 0.03125
0 0.61953125 0.587890625 0.0109375 0.03125
0 0.596875 0.5830078125 0.009375 0.029296875
0 0.5859375 0.583984375 0.009375 0.0234375
0 0.990625 0.59375 0.01875 0.0546875
5 0.39765625 0.5576171875 0.0609375 0.052734375
3 0.4953125 0.6318359375 0.0375 0.068359375
1 0.0765625 0.6884765625 0.153125 0.212890625
1 0.40390625 0.642578125 0.1109375 0.12109375
1 0.47109375 0.60546875 0.0453125 0.05859375
1 0.48984375 0.5634765625 0.0109375 0.009765625
1 0.46875 0.572265625 0.015625 0.015625
1 0.47734375 0.564453125 0.0078125 0.0078125
1 0.4546875 0.5634765625 0.009375 0.009765625
1 0.809375 0.615234375 0.04375 0.05078125
1 0.4484375 0.560546875 0.009375 0.01171875
1 0.47265625 0.5615234375 0.0046875 0.005859375
1 0.46484375 0.5634765625 0.0078125 0.005859375
