6 0.503125 0.3232421875 0.009375 0.029296875
6 0.51875 0.36328125 0.00625 0.01953125
6 0.59921875 0.3955078125 0.0046875 0.025390625
6 0.44765625 0.404296875 0.0046875 0.01953125
0 0.1078125 0.4677734375 0.0375 0.115234375
0 0.0140625 0.47265625 0.028125 0.12890625
0 0.15234375 0.46875 0.0265625 0.10546875
0 0.18125 0.458984375 0.025 0.08203125
0 0.51640625 0.4677734375 0.0203125 0.056640625
0 0.52890625 0.4658203125 0.0171875 0.060546875
0 0.42265625 0.451171875 0.0078125 0.02734375
0 0.4296875 0.44921875 0.009375 0.0234375
0 0.490625 0.44921875 0.009375 0.01953125
0 0.50078125 0.447265625 0.0078125 0.015625
0 0.590625 0.458984375 0.009375 0.03515625
0 0.603125 0.4560546875 0.009375 0.029296875
0 0.328125 0.4482421875 0.0125 0.037109375
0 0.70390625 0.4501953125 0.0203125 0.025390625
0 0.034375 0.4111328125 0.025 0.052734375
2 0.37890625 0.4873046875 0.0234375 0.041015625
2 0.26640625 0.4755859375 0.0265625 0.064453125
2 0.28984375 0.47265625 0.0203125 0.0546875
2 0.3171875 0.4755859375 0.025 0.052734375
2 0.19375 0.494140625 0.0375 0.07421875
1 0.83359375 0.578125 0.3015625 0.26171875
1 0.68515625 0.52734375 0.1078125 0.1328125
1 0.5140625 0.4638671875 0.071875 0.037109375
