2 0.3421875 0.4853515625 0.015625 0.041015625
2 0.325 0.490234375 0.01875 0.046875
2 0.31015625 0.5009765625 0.0234375 0.060546875
2 0.2703125 0.51171875 0.025 0.0703125
2 0.23046875 0.5126953125 0.0359375 0.080078125
2 0.20546875 0.5234375 0.0328125 0.09765625
2 0.10703125 0.537109375 0.0578125 0.10546875
2 0.39765625 0.5791015625 0.1796875 0.158203125
1 0.04140625 0.5048828125 0.0828125 0.123046875
1 0.17578125 0.4794921875 0.0796875 0.080078125
1 0.49609375 0.4755859375 0.0265625 0.041015625
1 0.50703125 0.48046875 0.0234375 0.05078125
1 0.54921875 0.48046875 0.0765625 0.078125
6 0.615625 0.3271484375 0.0125 0.033203125
