8 0.1484375 0.421875 0.028125 0.03125
8 0.32265625 0.4873046875 0.0140625 0.017578125
0 0.15546875 0.533203125 0.0171875 0.03125
0 0.178125 0.529296875 0.021875 0.03125
0 0.2265625 0.5322265625 0.015625 0.033203125
0 0.5921875 0.5361328125 0.009375 0.033203125
0 0.98828125 0.5458984375 0.0234375 0.052734375
0 0.953125 0.5390625 0.025 0.0546875
0 0.91015625 0.5478515625 0.0203125 0.037109375
0 0.88046875 0.5576171875 0.0234375 0.060546875
0 0.46953125 0.517578125 0.0046875 0.015625
0 0.46484375 0.5166015625 0.0046875 0.013671875
0 0.28515625 0.53125 0.0140625 0.0234375
3 0.0515625 0.609375 0.103125 0.109375
1 0.91328125 0.6435546875 0.1734375 0.162109375
1 0.684375 0.541015625 0.071875 0.0859375
1 0.46640625 0.6005859375 0.1234375 0.123046875
1 0.51015625 0.5498046875 0.0703125 0.091796875
1 0.19140625 0.6015625 0.1515625 0.12109375
1 0.29453125 0.5830078125 0.0890625 0.083984375
1 0.3265625 0.56640625 0.08125 0.078125
1 0.36484375 0.5595703125 0.0578125 0.072265625
1 0.39453125 0.5517578125 0.0578125 0.064453125
1 0.43515625 0.5263671875 0.0484375 0.041015625
