8 0.2109375 0.4443359375 0.025 0.013671875
3 0.43984375 0.56640625 0.0421875 0.08984375
1 0.04296875 0.5595703125 0.0859375 0.076171875
1 0.1796875 0.5576171875 0.10625 0.076171875
1 0.11796875 0.517578125 0.0546875 0.0390625
1 0.24375 0.54296875 0.0625 0.05078125
1 0.3234375 0.5302734375 0.040625 0.033203125
1 0.37734375 0.51953125 0.0453125 0.046875
1 0.4890625 0.5322265625 0.075 0.091796875
1 0.41328125 0.521484375 0.0203125 0.02734375
1 0.30859375 0.513671875 0.0140625 0.015625
1 0.290625 0.51171875 0.025 0.02734375
