0 0.575 0.4609375 0.025 0.046875
0 0.546875 0.462890625 0.01875 0.05078125
0 0.528125 0.4619140625 0.021875 0.064453125
0 0.36328125 0.4375 0.0078125 0.02734375
0 0.3734375 0.443359375 0.009375 0.02734375
0 0.3875 0.443359375 0.009375 0.01953125
0 0.18984375 0.45703125 0.0171875 0.06640625
0 0.215625 0.4560546875 0.015625 0.068359375
2 0.5046875 0.4677734375 0.021875 0.044921875
2 0.44765625 0.4677734375 0.0234375 0.044921875
1 0.915625 0.5654296875 0.16875 0.279296875
1 0.890625 0.4677734375 0.0875 0.064453125
1 0.73125 0.470703125 0.15 0.0703125
2 0.53671875 0.4697265625 0.0171875 0.041015625
6 0.56953125 0.3544921875 0.0109375 0.037109375
6 0.54140625 0.3564453125 0.0109375 0.041015625
6 0.96796875 0.2919921875 0.0265625 0.076171875
