0 0.8265625 0.423828125 0.00625 0.01953125
0 0.81953125 0.4228515625 0.0046875 0.017578125
0 0.809375 0.4228515625 0.00625 0.017578125
0 0.0875 0.6240234375 0.08125 0.298828125
1 0.83515625 0.6611328125 0.3296875 0.361328125
1 0.69609375 0.5595703125 0.0953125 0.154296875
1 0.6609375 0.541015625 0.096875 0.12109375
1 0.62421875 0.51171875 0.0953125 0.09375
1 0.5921875 0.49609375 0.06875 0.07421875
1 0.57890625 0.47265625 0.0734375 0.0859375
1 0.5453125 0.4619140625 0.01875 0.041015625
1 0.53984375 0.4560546875 0.0234375 0.041015625
1 0.52890625 0.451171875 0.0171875 0.03125
1 0.52109375 0.4443359375 0.0140625 0.021484375
1 0.5140625 0.4365234375 0.0125 0.017578125
1 0.49765625 0.4404296875 0.0203125 0.025390625
1 0.4703125 0.4423828125 0.021875 0.021484375
1 0.44921875 0.439453125 0.0171875 0.015625
1 0.440625 0.4443359375 0.009375 0.013671875
1 0.4359375 0.447265625 0.0125 0.015625
1 0.42734375 0.4501953125 0.0171875 0.021484375
1 0.4125 0.451171875 0.021875 0.02734375
1 0.40703125 0.4521484375 0.0234375 0.025390625
1 0.3890625 0.4501953125 0.03125 0.025390625
1 0.36171875 0.4541015625 0.0359375 0.025390625
1 0.3234375 0.4833984375 0.06875 0.076171875
1 0.38359375 0.509765625 0.1015625 0.09765625
1 0.28046875 0.466796875 0.0390625 0.03125
1 0.23984375 0.5244140625 0.0796875 0.091796875
1 0.16640625 0.5439453125 0.1265625 0.126953125
1 0.06875 0.5947265625 0.1375 0.166015625
1 0.48125 0.431640625 0.009375 0.0078125
