8 0.71953125 0.3818359375 0.0140625 0.056640625
8 0.58671875 0.412109375 0.0109375 0.015625
0 0.78515625 0.4443359375 0.0171875 0.044921875
0 0.65234375 0.44921875 0.0109375 0.03125
0 0.4296875 0.44140625 0.00625 0.01953125
0 0.4234375 0.4423828125 0.00625 0.021484375
2 0.53203125 0.4609375 0.0078125 0.01953125
2 0.52421875 0.45703125 0.0078125 0.0234375
2 0.0625 0.5888671875 0.05625 0.103515625
2 0.875 0.53515625 0.078125 0.0859375
2 0.903125 0.5390625 0.071875 0.09375
3 0.8484375 0.6171875 0.20625 0.1640625
1 0.73984375 0.544921875 0.1828125 0.171875
1 0.64140625 0.505859375 0.0796875 0.08984375
1 0.609375 0.4833984375 0.05625 0.060546875
1 0.58828125 0.4765625 0.0328125 0.05078125
1 0.55390625 0.44921875 0.0328125 0.0390625
1 0.53359375 0.4423828125 0.0109375 0.017578125
1 0.61953125 0.44140625 0.0234375 0.0234375
1 0.4765625 0.4521484375 0.03125 0.037109375
1 0.45390625 0.4462890625 0.0171875 0.021484375
1 0.43828125 0.443359375 0.0171875 0.015625
1 0.384375 0.470703125 0.01875 0.05078125
1 0.35 0.4833984375 0.078125 0.080078125
