6 0.60078125 0.375 0.0046875 0.01171875
6 0.60859375 0.3701171875 0.0046875 0.009765625
6 0.6296875 0.375 0.00625 0.01171875
6 0.634375 0.3681640625 0.00625 0.013671875
8 0.615625 0.3671875 0.00625 0.0078125
8 0.6609375 0.3798828125 0.015625 0.005859375
8 0.6953125 0.380859375 0.00625 0.01171875
8 0.31875 0.361328125 0.015625 0.02734375
8 0.31796875 0.380859375 0.0140625 0.01171875
1 0.65625 0.4052734375 0.015625 0.009765625
1 0.6046875 0.400390625 0.028125 0.03125
1 0.5765625 0.40625 0.0375 0.03515625
1 0.45390625 0.4052734375 0.0390625 0.033203125
1 0.50859375 0.44921875 0.0921875 0.09765625
