6 0.30078125 0.4248046875 0.0078125 0.021484375
6 0.58203125 0.431640625 0.0078125 0.0234375
6 0.20546875 0.373046875 0.0203125 0.0390625
6 0.73359375 0.38671875 0.0203125 0.05078125
8 0.57890625 0.458984375 0.0140625 0.0234375
8 0.30078125 0.4482421875 0.0109375 0.017578125
0 0.0890625 0.494140625 0.025 0.08203125
0 0.16015625 0.486328125 0.0109375 0.0546875
0 0.171875 0.484375 0.0125 0.03515625
0 0.8484375 0.482421875 0.021875 0.0390625
0 0.9015625 0.50390625 0.025 0.09375
0 0.96640625 0.494140625 0.0171875 0.05078125
0 0.3796875 0.478515625 0.003125 0.0078125
0 0.35625 0.4775390625 0.003125 0.009765625
0 0.390625 0.4814453125 0.003125 0.009765625
0 0.6234375 0.4833984375 0.00625 0.013671875
2 0.9296875 0.5673828125 0.05625 0.087890625
1 0.5625 0.4853515625 0.025 0.013671875
1 0.49765625 0.482421875 0.0140625 0.01953125
1 0.49296875 0.4912109375 0.0171875 0.021484375
1 0.40625 0.4931640625 0.03125 0.029296875
