6 0.61484375 0.330078125 0.0078125 0.0234375
6 0.5984375 0.333984375 0.00625 0.0234375
6 0.659375 0.388671875 0.009375 0.03515625
6 0.56328125 0.4091796875 0.0046875 0.017578125
6 0.59140625 0.419921875 0.0078125 0.01171875
6 0.5765625 0.408203125 0.00625 0.01953125
6 0.5328125 0.4111328125 0.00625 0.021484375
6 0.440625 0.37109375 0.00625 0.01953125
6 0.35703125 0.365234375 0.0078125 0.01953125
6 0.13203125 0.3359375 0.0078125 0.02734375
6 0.24453125 0.3203125 0.0109375 0.03515625
6 0.61953125 0.3955078125 0.0140625 0.033203125
6 0.58515625 0.3818359375 0.0140625 0.037109375
8 0.4796875 0.3916015625 0.021875 0.005859375
8 0.36796875 0.3623046875 0.0109375 0.013671875
8 0.06640625 0.373046875 0.0296875 0.0078125
8 0.0796875 0.404296875 0.0125 0.0078125
0 0.6125 0.4619140625 0.0125 0.033203125
0 0.5921875 0.46484375 0.015625 0.0390625
0 0.58515625 0.462890625 0.0140625 0.04296875
0 0.55859375 0.4560546875 0.0078125 0.029296875
0 0.528125 0.4638671875 0.0125 0.044921875
0 0.51328125 0.4619140625 0.0171875 0.044921875
1 0.9453125 0.453125 0.109375 0.078125
1 0.05390625 0.4658203125 0.0609375 0.033203125
1 0.09765625 0.462890625 0.0390625 0.03125
1 0.15 0.466796875 0.04375 0.0234375
1 0.225 0.4765625 0.08125 0.06640625
1 0.271875 0.46484375 0.025 0.03515625
1 0.31015625 0.4609375 0.0609375 0.0546875
1 0.34140625 0.4638671875 0.0234375 0.037109375
1 0.35078125 0.455078125 0.0265625 0.03515625
1 0.36875 0.453125 0.015625 0.01953125
1 0.471875 0.4609375 0.059375 0.0625
