4 0.79921875 0.5712890625 0.4015625 0.353515625
6 0.390625 0.4736328125 0.009375 0.033203125
6 0.3203125 0.53515625 0.009375 0.0078125
6 0.26015625 0.4931640625 0.0078125 0.025390625
8 0.390625 0.517578125 0.015625 0.0078125
8 0.390625 0.5 0.01875 0.0234375
8 0.4375 0.5126953125 0.009375 0.017578125
0 0.08828125 0.552734375 0.0203125 0.03125
0 0.1453125 0.5576171875 0.021875 0.029296875
0 0.1796875 0.55078125 0.015625 0.02734375
0 0.1609375 0.5517578125 0.009375 0.033203125
0 0.20703125 0.5546875 0.0109375 0.01953125
0 0.22734375 0.548828125 0.0078125 0.01953125
0 0.2171875 0.5537109375 0.009375 0.017578125
0 0.24765625 0.5458984375 0.0109375 0.017578125
0 0.28359375 0.5517578125 0.0109375 0.029296875
0 0.36171875 0.5576171875 0.0109375 0.033203125
0 0.37109375 0.560546875 0.0109375 0.03515625
0 0.37890625 0.5595703125 0.0078125 0.029296875
0 0.43046875 0.55859375 0.0140625 0.03515625
0 0.40703125 0.56640625 0.0140625 0.05078125
0 0.4421875 0.556640625 0.009375 0.0234375
0 0.4484375 0.5556640625 0.00625 0.021484375
0 0.51484375 0.5537109375 0.0078125 0.021484375
0 0.26796875 0.5556640625 0.0078125 0.021484375
1 0.06015625 0.6298828125 0.1203125 0.126953125
1 0.146875 0.61328125 0.084375 0.08984375
1 0.2 0.5986328125 0.071875 0.072265625
1 0.46640625 0.5732421875 0.0453125 0.052734375
1 0.4875 0.5927734375 0.08125 0.083984375
1 0.546875 0.5625 0.0375 0.04296875
1 0.5671875 0.560546875 0.0125 0.02734375
1 0.5953125 0.5791015625 0.05 0.060546875
