4 0.8453125 0.41796875 0.309375 0.14453125
4 0.43359375 0.453125 0.1015625 0.04296875
4 0.51875 0.4453125 0.06875 0.08203125
4 0.634375 0.4296875 0.090625 0.04296875
0 0.1703125 0.4873046875 0.0125 0.048828125
0 0.11640625 0.494140625 0.0140625 0.0546875
0 0.128125 0.4912109375 0.015625 0.029296875
0 0.3765625 0.4638671875 0.009375 0.021484375
0 0.3828125 0.46484375 0.00625 0.01953125
0 0.66640625 0.466796875 0.0359375 0.125
0 0.640625 0.48046875 0.028125 0.1015625
0 0.5484375 0.4599609375 0.009375 0.041015625
0 0.5578125 0.4580078125 0.009375 0.041015625
0 0.58984375 0.45703125 0.0171875 0.05078125
0 0.6078125 0.4580078125 0.01875 0.056640625
0 0.57421875 0.4560546875 0.0140625 0.052734375
0 0.62265625 0.453125 0.0140625 0.05078125
1 0.95234375 0.48828125 0.0953125 0.11328125
1 0.928125 0.4482421875 0.14375 0.142578125
1 0.853125 0.4423828125 0.140625 0.111328125
1 0.45546875 0.4638671875 0.0328125 0.025390625
1 0.47890625 0.462890625 0.0234375 0.0234375
7 0.340625 0.478515625 0.00625 0.01953125
