8 0.46015625 0.4345703125 0.0046875 0.013671875
8 0.42734375 0.458984375 0.0109375 0.0234375
0 0.79296875 0.4931640625 0.0328125 0.126953125
0 0.75546875 0.4951171875 0.0328125 0.123046875
0 0.62421875 0.4833984375 0.0359375 0.111328125
0 0.58125 0.4833984375 0.046875 0.111328125
1 0.2203125 0.46484375 0.1 0.0546875
1 0.3015625 0.4599609375 0.075 0.041015625
1 0.4765625 0.466796875 0.03125 0.03515625
1 0.44453125 0.46875 0.0578125 0.0390625
1 0.3796875 0.4677734375 0.075 0.044921875
11 0.1984375 0.4697265625 0.396875 0.126953125
