0 0.46796875 0.4501953125 0.0109375 0.033203125
0 0.6484375 0.45703125 0.021875 0.04296875
2 0.52265625 0.458984375 0.0078125 0.01953125
1 0.14609375 0.5751953125 0.1859375 0.150390625
1 0.2390625 0.5263671875 0.115625 0.119140625
1 0.83984375 0.4853515625 0.0890625 0.072265625
1 0.75859375 0.46484375 0.0921875 0.03515625
1 0.87890625 0.4501953125 0.0578125 0.056640625
1 0.7296875 0.546875 0.175 0.171875
1 0.615625 0.490234375 0.071875 0.0703125
1 0.57421875 0.46484375 0.0515625 0.05078125
1 0.54921875 0.4501953125 0.0328125 0.037109375
1 0.5328125 0.4443359375 0.009375 0.025390625
1 0.55 0.4609375 0.015625 0.02734375
1 0.5484375 0.45703125 0.01875 0.02734375
1 0.5265625 0.4375 0.009375 0.01171875
1 0.5078125 0.4404296875 0.01875 0.017578125
1 0.51796875 0.4384765625 0.0078125 0.017578125
1 0.490625 0.451171875 0.025 0.0234375
1 0.43984375 0.4541015625 0.0296875 0.033203125
1 0.45390625 0.4501953125 0.0140625 0.029296875
1 0.46015625 0.44921875 0.0109375 0.0234375
1 0.47421875 0.4462890625 0.0078125 0.017578125
1 0.4765625 0.4423828125 0.009375 0.013671875
1 0.39453125 0.4736328125 0.0421875 0.044921875
1 0.41328125 0.4658203125 0.0234375 0.037109375
1 0.42265625 0.46484375 0.0171875 0.03515625
1 0.43046875 0.4638671875 0.0171875 0.033203125
