6 0.43125 0.3798828125 0.00625 0.017578125
6 0.39296875 0.3828125 0.0046875 0.015625
6 0.33125 0.369140625 0.00625 0.01953125
8 0.6921875 0.3359375 0.021875 0.0390625
8 0.49296875 0.40625 0.0078125 0.01953125
8 0.2796875 0.3671875 0.009375 0.015625
1 0.2328125 0.48046875 0.18125 0.19140625
1 0.12578125 0.48046875 0.0359375 0.06640625
1 0.3671875 0.4658203125 0.053125 0.048828125
1 0.3265625 0.462890625 0.025 0.015625
1 0.3296875 0.4501953125 0.015625 0.009765625
1 0.33828125 0.4462890625 0.0109375 0.009765625
1 0.37890625 0.4365234375 0.0171875 0.013671875
1 0.44765625 0.4609375 0.0296875 0.02734375
1 0.4375 0.435546875 0.015625 0.01171875
