4 0.50390625 0.5439453125 0.0484375 0.033203125
6 0.10546875 0.455078125 0.0078125 0.03125
6 0.315625 0.50390625 0.009375 0.0234375
6 0.64921875 0.4287109375 0.0171875 0.064453125
6 0.975 0.4609375 0.00625 0.03125
6 0.80625 0.45703125 0.0125 0.0390625
8 0.4171875 0.501953125 0.0125 0.015625
8 0.4171875 0.51953125 0.009375 0.015625
8 0.353125 0.5029296875 0.034375 0.009765625
8 0.4 0.517578125 0.01875 0.0078125
8 0.72109375 0.474609375 0.0296875 0.0078125
8 0.7203125 0.484375 0.034375 0.0078125
8 0.72109375 0.4931640625 0.0328125 0.005859375
8 0.721875 0.505859375 0.028125 0.01171875
8 0.81328125 0.35546875 0.0359375 0.04296875
0 0.653125 0.61328125 0.0375 0.14453125
0 0.55625 0.5712890625 0.01875 0.083984375
0 0.57421875 0.5615234375 0.0203125 0.052734375
0 0.75234375 0.60546875 0.0296875 0.1171875
0 0.77265625 0.5859375 0.0234375 0.1015625
0 0.78515625 0.5947265625 0.0234375 0.111328125
0 0.70546875 0.5517578125 0.0078125 0.025390625
0 0.61875 0.5615234375 0.009375 0.029296875
0 0.68046875 0.5634765625 0.0109375 0.044921875
0 0.7109375 0.5625 0.009375 0.046875
0 0.71796875 0.564453125 0.0109375 0.04296875
0 0.03046875 0.5439453125 0.0234375 0.037109375
0 0.140625 0.5625 0.0125 0.03515625
0 0.16328125 0.5673828125 0.0171875 0.037109375
0 0.32421875 0.556640625 0.0109375 0.02734375
0 0.18125 0.5576171875 0.009375 0.021484375
0 0.1984375 0.5537109375 0.009375 0.017578125
0 0.3046875 0.5615234375 0.009375 0.017578125
0 0.3390625 0.564453125 0.009375 0.03515625
0 0.35 0.564453125 0.009375 0.03515625
0 0.36015625 0.564453125 0.0109375 0.03515625
0 0.3875 0.560546875 0.015625 0.0390625
0 0.4515625 0.5478515625 0.021875 0.033203125
1 0.07265625 0.6494140625 0.1453125 0.177734375
1 0.01875 0.8876953125 0.0375 0.224609375
1 0.2375 0.642578125 0.2 0.16796875
1 0.45546875 0.7177734375 0.2671875 0.294921875
1 0.47734375 0.56640625 0.1078125 0.02734375
