0 0.40234375 0.4755859375 0.0171875 0.068359375
0 0.384375 0.4794921875 0.021875 0.064453125
0 0.45390625 0.4619140625 0.0078125 0.025390625
1 0.0859375 0.5341796875 0.171875 0.201171875
1 0.20703125 0.513671875 0.1046875 0.109375
1 0.25 0.498046875 0.090625 0.109375
1 0.33359375 0.4892578125 0.0796875 0.068359375
1 0.35703125 0.4638671875 0.0578125 0.056640625
1 0.4015625 0.4677734375 0.034375 0.056640625
1 0.4296875 0.46875 0.034375 0.04296875
1 0.478125 0.4736328125 0.0625 0.056640625
1 0.51640625 0.46875 0.0203125 0.01953125
1 0.53828125 0.4736328125 0.0234375 0.025390625
1 0.628125 0.470703125 0.05625 0.0546875
1 0.7265625 0.529296875 0.184375 0.18359375
1 0.89921875 0.5009765625 0.1828125 0.119140625
1 0.92265625 0.5244140625 0.0640625 0.095703125
1 0.80390625 0.48046875 0.0359375 0.046875
11 0.58515625 0.546875 0.0140625 0.01171875
11 0.5578125 0.5263671875 0.0125 0.005859375
