0 0.52109375 0.455078125 0.0046875 0.01953125
0 0.5140625 0.455078125 0.00625 0.01953125
0 0.5078125 0.4560546875 0.00625 0.021484375
1 0.96015625 0.478515625 0.0796875 0.0703125
1 0.90703125 0.4814453125 0.0796875 0.072265625
1 0.73671875 0.4736328125 0.0578125 0.064453125
1 0.60703125 0.48046875 0.0546875 0.0546875
1 0.58203125 0.46484375 0.0265625 0.0390625
1 0.55 0.45703125 0.00625 0.01953125
1 0.53046875 0.4580078125 0.0140625 0.017578125
1 0.49140625 0.4560546875 0.0203125 0.029296875
1 0.5 0.4541015625 0.009375 0.021484375
1 0.47578125 0.4599609375 0.0265625 0.029296875
1 0.45390625 0.466796875 0.0328125 0.03515625
1 0.42265625 0.4697265625 0.0453125 0.048828125
1 0.4203125 0.4775390625 0.021875 0.041015625
1 0.40078125 0.4794921875 0.0359375 0.048828125
1 0.3734375 0.4833984375 0.05 0.056640625
1 0.3171875 0.4853515625 0.078125 0.091796875
1 0.2578125 0.498046875 0.0875 0.09765625
1 0.178125 0.5166015625 0.13125 0.115234375
1 0.071875 0.544921875 0.14375 0.16015625
9 0.5453125 0.48046875 0.00625 0.00390625
9 0.5546875 0.48046875 0.00625 0.00390625
9 0.5640625 0.484375 0.00625 0.00390625
