4 0.84765625 0.4111328125 0.3140625 0.123046875
4 0.5203125 0.44921875 0.065625 0.08203125
4 0.4328125 0.453125 0.096875 0.0390625
0 0.63046875 0.451171875 0.0109375 0.0390625
0 0.62109375 0.451171875 0.0109375 0.0390625
0 0.61171875 0.4521484375 0.0109375 0.044921875
0 0.59921875 0.4521484375 0.0109375 0.041015625
0 0.60546875 0.4541015625 0.0078125 0.041015625
0 0.58828125 0.4580078125 0.0109375 0.044921875
0 0.575 0.458984375 0.0125 0.046875
0 0.55859375 0.4599609375 0.0078125 0.041015625
0 0.553125 0.4580078125 0.009375 0.037109375
0 0.5484375 0.458984375 0.009375 0.03125
0 0.16953125 0.4873046875 0.0140625 0.048828125
0 0.10859375 0.4951171875 0.0140625 0.048828125
1 0.953125 0.4853515625 0.09375 0.107421875
1 0.91015625 0.4501953125 0.1796875 0.134765625
1 0.853125 0.443359375 0.146875 0.1015625
1 0.77578125 0.443359375 0.1265625 0.08203125
1 0.64609375 0.4501953125 0.0203125 0.025390625
