6 0.34921875 0.44140625 0.0046875 0.01953125
6 0.42734375 0.4619140625 0.0046875 0.013671875
6 0.603125 0.447265625 0.00625 0.01953125
0 0.2640625 0.5068359375 0.015625 0.052734375
0 0.35859375 0.5078125 0.0109375 0.04296875
0 0.72578125 0.5166015625 0.0203125 0.048828125
0 0.70390625 0.5126953125 0.0140625 0.033203125
0 0.6828125 0.5146484375 0.009375 0.037109375
0 0.78515625 0.5029296875 0.0171875 0.041015625
0 0.80859375 0.5009765625 0.0140625 0.037109375
0 0.98984375 0.5380859375 0.0203125 0.107421875
0 0.96640625 0.533203125 0.0359375 0.12109375
0 0.90703125 0.5693359375 0.0421875 0.111328125
0 0.91484375 0.513671875 0.0265625 0.07421875
0 0.89296875 0.5087890625 0.0171875 0.048828125
2 0.603125 0.5419921875 0.021875 0.041015625
2 0.7515625 0.548828125 0.034375 0.0625
1 0.4921875 0.5400390625 0.065625 0.091796875
1 0.4359375 0.5771484375 0.16875 0.169921875
1 0.5 0.5078125 0.05 0.05078125
7 0.2578125 0.5322265625 0.0125 0.041015625
