0 0.503125 0.4814453125 0.015625 0.064453125
0 0.5234375 0.48828125 0.034375 0.078125
0 0.578125 0.486328125 0.034375 0.08203125
1 0.78046875 0.45703125 0.1234375 0.11328125
1 0.94140625 0.478515625 0.1171875 0.1328125
1 0.89609375 0.4755859375 0.0578125 0.115234375
1 0.8484375 0.4765625 0.071875 0.10546875
1 0.634375 0.4736328125 0.053125 0.037109375
1 0.68984375 0.4716796875 0.0546875 0.060546875
11 0.13046875 0.5126953125 0.2609375 0.119140625
11 0.32421875 0.5029296875 0.1609375 0.056640625
11 0.359375 0.4765625 0.175 0.0625
11 0.45625 0.4794921875 0.084375 0.041015625
