4 0.309375 0.4423828125 0.09375 0.033203125
4 0.39765625 0.4453125 0.0484375 0.0625
4 0.47578125 0.447265625 0.0828125 0.05078125
4 0.61328125 0.4462890625 0.1828125 0.068359375
8 0.88671875 0.2353515625 0.0421875 0.076171875
8 0.97734375 0.1953125 0.0453125 0.16015625
0 0.128125 0.4482421875 0.01875 0.052734375
0 0.21171875 0.4482421875 0.0078125 0.025390625
0 0.21875 0.44921875 0.009375 0.02734375
0 0.25078125 0.4462890625 0.0078125 0.017578125
0 0.25546875 0.44921875 0.0046875 0.01953125
0 0.26328125 0.4482421875 0.0046875 0.021484375
0 0.31953125 0.4541015625 0.0140625 0.029296875
0 0.465625 0.4560546875 0.00625 0.029296875
0 0.45859375 0.4541015625 0.0078125 0.025390625
0 0.44921875 0.4560546875 0.0078125 0.025390625
0 0.48671875 0.4736328125 0.0234375 0.068359375
0 0.50625 0.470703125 0.01875 0.0625
0 0.52109375 0.46484375 0.0140625 0.0546875
0 0.51796875 0.546875 0.0515625 0.11328125
0 0.59453125 0.486328125 0.0265625 0.08984375
0 0.6265625 0.5478515625 0.065625 0.201171875
0 0.72578125 0.498046875 0.0359375 0.11328125
0 0.7921875 0.5146484375 0.04375 0.162109375
0 0.84296875 0.5205078125 0.0546875 0.177734375
0 0.89609375 0.53515625 0.0671875 0.2265625
0 0.9515625 0.5322265625 0.0625 0.224609375
2 0.7609375 0.580078125 0.05625 0.1328125
1 0.30703125 0.453125 0.0203125 0.01953125
1 0.33203125 0.453125 0.0171875 0.01953125
1 0.35078125 0.4541015625 0.0234375 0.021484375
1 0.42265625 0.4794921875 0.0515625 0.052734375
1 0.67734375 0.474609375 0.0953125 0.06640625
1 0.58828125 0.4658203125 0.0546875 0.052734375
11 0.51875 0.5947265625 0.015625 0.021484375
11 0.59765625 0.576171875 0.0140625 0.03515625
