8 0.65546875 0.4482421875 0.0171875 0.009765625
8 0.5796875 0.4296875 0.009375 0.0078125
0 0.51328125 0.4287109375 0.0078125 0.033203125
0 0.5203125 0.427734375 0.009375 0.03515625
5 0.28515625 0.447265625 0.0734375 0.0703125
1 0.03984375 0.4345703125 0.0796875 0.041015625
1 0.3328125 0.4365234375 0.028125 0.048828125
1 0.3515625 0.4306640625 0.021875 0.033203125
1 0.38203125 0.4208984375 0.0171875 0.017578125
1 0.3671875 0.4287109375 0.0125 0.021484375
1 0.47890625 0.431640625 0.0109375 0.0234375
1 0.48984375 0.4365234375 0.0296875 0.029296875
