6 0.30546875 0.4423828125 0.0078125 0.021484375
6 0.38984375 0.40234375 0.0078125 0.02734375
6 0.49765625 0.4130859375 0.0109375 0.029296875
6 0.5703125 0.4541015625 0.00625 0.013671875
6 0.98359375 0.162109375 0.0328125 0.16015625
6 0.978125 0.33984375 0.04375 0.0625
8 0.47578125 0.435546875 0.0078125 0.01171875
0 0.22734375 0.4912109375 0.0171875 0.029296875
0 0.290625 0.48828125 0.00625 0.01953125
0 0.30390625 0.4951171875 0.0078125 0.029296875
0 0.31796875 0.486328125 0.0046875 0.01171875
0 0.328125 0.4873046875 0.00625 0.013671875
0 0.81484375 0.5029296875 0.0140625 0.056640625
0 0.5703125 0.5078125 0.0125 0.03125
0 0.97734375 0.4970703125 0.0328125 0.080078125
1 0.5359375 0.50390625 0.021875 0.02734375
1 0.48984375 0.5009765625 0.0171875 0.021484375
1 0.41875 0.5234375 0.08125 0.07421875
