8 0.3671875 0.4423828125 0.009375 0.013671875
0 0.765625 0.4990234375 0.040625 0.134765625
0 0.715625 0.5087890625 0.05 0.162109375
0 0.590625 0.4873046875 0.025 0.095703125
0 0.43828125 0.48046875 0.0234375 0.0546875
0 0.32265625 0.484375 0.0203125 0.06640625
0 0.29765625 0.4794921875 0.0171875 0.072265625
1 0.03515625 0.4658203125 0.0703125 0.037109375
1 0.17421875 0.4833984375 0.0859375 0.068359375
1 0.11875 0.4619140625 0.046875 0.037109375
1 0.22265625 0.4697265625 0.0453125 0.041015625
1 0.3390625 0.458984375 0.03125 0.01171875
1 0.3796875 0.4755859375 0.053125 0.037109375
1 0.46015625 0.4765625 0.0328125 0.03125
1 0.490625 0.4765625 0.028125 0.02734375
1 0.80234375 0.4833984375 0.2453125 0.111328125
10 0.41875 0.490234375 0.021875 0.03515625
0 0.925 0.5322265625 0.028125 0.138671875
