8 0.54453125 0.427734375 0.0140625 0.015625
1 0.37421875 0.466796875 0.0109375 0.015625
1 0.34453125 0.470703125 0.0265625 0.02734375
1 0.36015625 0.4677734375 0.0171875 0.021484375
1 0.26484375 0.4853515625 0.0296875 0.052734375
1 0.24375 0.4873046875 0.03125 0.056640625
1 0.21328125 0.4560546875 0.0578125 0.025390625
1 0.19453125 0.4892578125 0.0984375 0.076171875
1 0.096875 0.5078125 0.1 0.11328125
1 0.03359375 0.517578125 0.0671875 0.1640625
1 0.4625 0.4638671875 0.0125 0.025390625
1 0.4796875 0.4638671875 0.028125 0.029296875
1 0.50546875 0.47265625 0.0234375 0.0390625
1 0.5328125 0.470703125 0.053125 0.06640625
1 0.546875 0.4765625 0.05625 0.0625
1 0.57578125 0.48828125 0.0578125 0.06640625
1 0.62421875 0.490234375 0.0828125 0.109375
1 0.6921875 0.5068359375 0.15 0.150390625
1 0.82421875 0.5390625 0.2203125 0.19140625
1 0.921875 0.576171875 0.15625 0.2578125
