4 0.5921875 0.5087890625 0.11875 0.091796875
6 0.01875 0.0751953125 0.0375 0.150390625
6 0.028125 0.478515625 0.0375 0.10546875
6 0.43203125 0.455078125 0.0109375 0.04296875
8 0.78984375 0.4453125 0.0453125 0.078125
8 0.16796875 0.486328125 0.0203125 0.0234375
0 0.92890625 0.552734375 0.0296875 0.08984375
0 0.6984375 0.5068359375 0.003125 0.017578125
0 0.69140625 0.5078125 0.0046875 0.01953125
1 0.29921875 0.53515625 0.0421875 0.02734375
1 0.415625 0.5263671875 0.028125 0.025390625
1 0.46953125 0.517578125 0.0171875 0.0234375
1 0.9453125 0.5517578125 0.075 0.060546875
1 0.83046875 0.5322265625 0.0640625 0.052734375
1 0.45078125 0.5126953125 0.0234375 0.021484375
