8 0.7859375 0.3388671875 0.046875 0.052734375
8 0.78828125 0.376953125 0.0296875 0.015625
0 0.25390625 0.46875 0.0140625 0.05859375
0 0.2734375 0.46875 0.015625 0.05859375
0 0.5796875 0.529296875 0.053125 0.14453125
2 0.2890625 0.4814453125 0.015625 0.033203125
2 0.321875 0.49609375 0.021875 0.046875
2 0.42734375 0.5771484375 0.0546875 0.119140625
1 0.03671875 0.6416015625 0.0734375 0.205078125
1 0.08984375 0.587890625 0.1796875 0.18359375
1 0.1875 0.544921875 0.11875 0.1328125
1 0.35625 0.4697265625 0.046875 0.048828125
1 0.38046875 0.4658203125 0.0171875 0.037109375
1 0.38828125 0.4609375 0.0296875 0.04296875
1 0.4578125 0.4599609375 0.025 0.029296875
1 0.73984375 0.5712890625 0.1921875 0.154296875
1 0.9078125 0.7568359375 0.184375 0.298828125
1 0.9734375 0.4912109375 0.053125 0.091796875
1 0.91484375 0.4833984375 0.0921875 0.064453125
1 0.5375 0.4794921875 0.046875 0.048828125
1 0.51328125 0.4658203125 0.0234375 0.048828125
1 0.5 0.4658203125 0.0125 0.037109375
1 0.48984375 0.462890625 0.0171875 0.03125
11 0.5890625 0.6123046875 0.021875 0.025390625
11 0.53515625 0.443359375 0.0328125 0.03515625
8 0.303125 0.40625 0.0125 0.015625
8 0.30234375 0.4169921875 0.0078125 0.005859375
