6 0.7546875 0.177734375 0.03125 0.10546875
8 0.74765625 0.298828125 0.0546875 0.10546875
8 0.1625 0.416015625 0.0125 0.015625
0 0.9484375 0.4599609375 0.05 0.177734375
0 0.9828125 0.4560546875 0.034375 0.173828125
0 0.56015625 0.4423828125 0.0078125 0.017578125
0 0.57265625 0.4423828125 0.0078125 0.017578125
0 0.17421875 0.4716796875 0.0140625 0.048828125
0 0.04375 0.498046875 0.025 0.0703125
0 0.06015625 0.4580078125 0.0171875 0.021484375
0 0.82578125 0.4296875 0.0203125 0.046875
1 0.3875 0.4541015625 0.015625 0.013671875
1 0.41640625 0.451171875 0.0140625 0.01171875
1 0.4421875 0.4521484375 0.0125 0.013671875
