8 0.75859375 0.41015625 0.0171875 0.01953125
0 0.86875 0.5107421875 0.0375 0.111328125
0 0.83359375 0.5107421875 0.0296875 0.115234375
0 0.7203125 0.4560546875 0.009375 0.029296875
0 0.63359375 0.4853515625 0.0328125 0.076171875
0 0.61796875 0.45703125 0.0078125 0.03125
0 0.60546875 0.4482421875 0.0109375 0.021484375
0 0.375 0.443359375 0.00625 0.01953125
0 0.3390625 0.4482421875 0.009375 0.033203125
0 0.33125 0.447265625 0.00625 0.03125
0 0.31171875 0.458984375 0.0140625 0.046875
0 0.28515625 0.46484375 0.0078125 0.046875
0 0.278125 0.4609375 0.009375 0.03125
0 0.25703125 0.4736328125 0.0203125 0.060546875
2 0.578125 0.5048828125 0.021875 0.052734375
2 0.55234375 0.4921875 0.0234375 0.046875
1 0.97421875 0.4970703125 0.0515625 0.080078125
1 0.91953125 0.48828125 0.0765625 0.0625
1 0.68203125 0.4580078125 0.0671875 0.033203125
1 0.59140625 0.4677734375 0.0390625 0.041015625
1 0.54453125 0.4560546875 0.0328125 0.025390625
1 0.575 0.45703125 0.03125 0.03125
1 0.4953125 0.451171875 0.034375 0.02734375
1 0.47109375 0.44921875 0.0265625 0.0234375
1 0.45078125 0.447265625 0.0234375 0.0234375
1 0.42109375 0.4453125 0.0359375 0.02734375
1 0.3875 0.435546875 0.021875 0.015625
1 0.35234375 0.4375 0.0140625 0.01171875
1 0.32109375 0.44140625 0.0171875 0.01953125
1 0.3625 0.4833984375 0.0625 0.064453125
