0 0.4765625 0.48046875 0.009375 0.03125
0 0.4609375 0.4814453125 0.00625 0.029296875
0 0.46796875 0.478515625 0.0078125 0.03515625
0 0.465625 0.482421875 0.00625 0.02734375
0 0.57109375 0.4873046875 0.0109375 0.048828125
0 0.56484375 0.486328125 0.0140625 0.05078125
0 0.5578125 0.486328125 0.0125 0.046875
0 0.52265625 0.4833984375 0.0140625 0.048828125
2 0.4875 0.478515625 0.00625 0.01171875
2 0.5265625 0.49609375 0.03125 0.02734375
1 0.015625 0.5009765625 0.03125 0.076171875
1 0.0453125 0.4951171875 0.040625 0.068359375
1 0.26875 0.51171875 0.121875 0.10546875
1 0.32890625 0.4990234375 0.0546875 0.091796875
1 0.2328125 0.48046875 0.05625 0.0625
1 0.36015625 0.482421875 0.0234375 0.03515625
1 0.39453125 0.4892578125 0.0609375 0.060546875
1 0.43515625 0.4873046875 0.0296875 0.037109375
1 0.453125 0.482421875 0.0125 0.02734375
1 0.5328125 0.4775390625 0.0125 0.017578125
1 0.94296875 0.5166015625 0.0734375 0.083984375
1 0.9296875 0.505859375 0.096875 0.0859375
1 0.9234375 0.740234375 0.153125 0.30859375
1 0.78046875 0.541015625 0.2359375 0.2265625
1 0.66015625 0.50390625 0.0890625 0.12109375
1 0.6171875 0.513671875 0.021875 0.06640625
1 0.609375 0.49609375 0.04375 0.0625
1 0.5875 0.4990234375 0.021875 0.044921875
1 0.5890625 0.482421875 0.025 0.03515625
1 0.50546875 0.4716796875 0.0078125 0.009765625
1 0.5109375 0.470703125 0.003125 0.0078125
1 0.5140625 0.4697265625 0.003125 0.005859375
1 0.578125 0.4814453125 0.009375 0.021484375
1 0.55234375 0.4755859375 0.0109375 0.017578125
1 0.5484375 0.4736328125 0.00625 0.013671875
