0 0.43125 0.4677734375 0.015625 0.060546875
0 0.415625 0.4697265625 0.015625 0.060546875
0 0.47109375 0.4580078125 0.0078125 0.033203125
0 0.47890625 0.4501953125 0.0078125 0.017578125
1 0.15703125 0.5068359375 0.1921875 0.158203125
1 0.28203125 0.498046875 0.0734375 0.09765625
1 0.3015625 0.4814453125 0.075 0.091796875
1 0.37265625 0.4775390625 0.0796875 0.060546875
1 0.3859375 0.453125 0.053125 0.046875
1 0.49765625 0.46484375 0.0546875 0.05078125
1 0.45 0.462890625 0.028125 0.03515625
1 0.46328125 0.45703125 0.0109375 0.01953125
1 0.5296875 0.4619140625 0.009375 0.017578125
1 0.54765625 0.466796875 0.0203125 0.0234375
1 0.62578125 0.4638671875 0.0484375 0.052734375
1 0.703125 0.5107421875 0.14375 0.146484375
1 0.85234375 0.4833984375 0.1515625 0.095703125
1 0.90859375 0.7470703125 0.1828125 0.490234375
11 0.59140625 0.533203125 0.0140625 0.0078125
11 0.565625 0.515625 0.0125 0.0078125
11 0.57578125 0.5087890625 0.0109375 0.005859375
