4 0.51484375 0.3515625 0.1515625 0.28515625
6 0.5921875 0.3447265625 0.00625 0.044921875
6 0.6015625 0.3525390625 0.0125 0.037109375
6 0.36171875 0.3466796875 0.0109375 0.037109375
6 0.35078125 0.3525390625 0.0109375 0.029296875
6 0.2484375 0.35546875 0.009375 0.02734375
6 0.26875 0.365234375 0.009375 0.0234375
6 0.3296875 0.359375 0.009375 0.0234375
6 0.415625 0.373046875 0.00625 0.015625
8 0.11328125 0.263671875 0.0515625 0.0859375
8 0.37734375 0.376953125 0.0140625 0.02734375
8 0.3609375 0.3876953125 0.0125 0.025390625
8 0.828125 0.369140625 0.0125 0.0234375
0 0.015625 0.4580078125 0.03125 0.185546875
0 0.23359375 0.4326171875 0.0265625 0.068359375
0 0.2625 0.4248046875 0.021875 0.072265625
0 0.28515625 0.4228515625 0.0234375 0.080078125
0 0.31328125 0.4287109375 0.0265625 0.080078125
0 0.33515625 0.4248046875 0.0203125 0.068359375
0 0.30390625 0.4130859375 0.0078125 0.041015625
0 0.35625 0.416015625 0.009375 0.03125
0 0.32421875 0.412109375 0.0078125 0.04296875
0 0.38671875 0.4189453125 0.0109375 0.037109375
0 0.39375 0.4140625 0.009375 0.03515625
0 0.40078125 0.416015625 0.0078125 0.03125
0 0.3484375 0.4169921875 0.009375 0.033203125
0 0.9296875 0.45703125 0.021875 0.0625
0 0.91171875 0.443359375 0.0203125 0.05859375
0 0.9484375 0.44921875 0.01875 0.0703125
0 0.94140625 0.4423828125 0.0140625 0.052734375
0 0.87890625 0.4248046875 0.0171875 0.025390625
0 0.74375 0.4287109375 0.0125 0.033203125
0 0.75625 0.4287109375 0.0125 0.037109375
0 0.41015625 0.4150390625 0.0109375 0.033203125
0 0.41796875 0.4150390625 0.0078125 0.029296875
1 0.821875 0.4638671875 0.14375 0.154296875
1 0.66015625 0.4208984375 0.0828125 0.052734375
1 0.553125 0.4501953125 0.159375 0.177734375
1 0.440625 0.4189453125 0.01875 0.060546875
