6 0.8125 0.328125 0.015625 0.0625
8 0.79921875 0.3974609375 0.0328125 0.060546875
8 0.69140625 0.40234375 0.0140625 0.0234375
8 0.690625 0.375 0.01875 0.03125
8 0.540625 0.439453125 0.00625 0.0078125
0 0.27265625 0.4541015625 0.0078125 0.013671875
0 0.28359375 0.4541015625 0.0078125 0.009765625
0 0.3140625 0.462890625 0.009375 0.0234375
0 0.30625 0.4638671875 0.00625 0.017578125
0 0.58203125 0.4765625 0.0109375 0.04296875
0 0.590625 0.4775390625 0.009375 0.041015625
0 0.85546875 0.5029296875 0.0296875 0.134765625
0 0.9140625 0.5068359375 0.040625 0.154296875
0 0.96484375 0.505859375 0.0296875 0.12890625
0 0.9859375 0.50390625 0.028125 0.15234375
1 0.42265625 0.4638671875 0.0078125 0.009765625
1 0.415625 0.46484375 0.00625 0.01171875
1 0.39296875 0.4658203125 0.0140625 0.021484375
1 0.3734375 0.4658203125 0.025 0.025390625
1 0.34921875 0.474609375 0.0234375 0.03125
1 0.33046875 0.4775390625 0.0421875 0.037109375
1 0.278125 0.482421875 0.0625 0.05078125
1 0.4484375 0.474609375 0.05 0.05078125
1 0.5328125 0.4833984375 0.04375 0.041015625
7 0.76640625 0.52734375 0.0171875 0.0625
