2 0.27890625 0.5078125 0.0328125 0.0625
2 0.31953125 0.4990234375 0.0203125 0.044921875
2 0.225 0.5224609375 0.04375 0.087890625
2 0.15390625 0.5263671875 0.0453125 0.080078125
2 0.1 0.55859375 0.071875 0.12890625
2 0.3859375 0.5576171875 0.16875 0.138671875
1 0.30625 0.4755859375 0.0125 0.033203125
1 0.17421875 0.478515625 0.0796875 0.08203125
1 0.03671875 0.50390625 0.0734375 0.1171875
1 0.496875 0.4775390625 0.028125 0.044921875
1 0.5109375 0.4814453125 0.028125 0.052734375
1 0.54921875 0.482421875 0.0765625 0.08203125
6 0.6171875 0.3291015625 0.0125 0.033203125
