8 0.38125 0.44140625 0.003125 0.0078125
8 0.334375 0.4287109375 0.009375 0.017578125
0 0.52734375 0.4765625 0.0140625 0.0546875
1 0.94765625 0.4970703125 0.0984375 0.083984375
1 0.80546875 0.4814453125 0.0453125 0.060546875
1 0.509375 0.470703125 0.0625 0.0625
1 0.57421875 0.4619140625 0.0265625 0.025390625
1 0.47578125 0.46875 0.0171875 0.015625
1 0.334375 0.46484375 0.040625 0.03515625
1 0.36171875 0.4599609375 0.0140625 0.017578125
1 0.378125 0.4580078125 0.021875 0.025390625
1 0.4125 0.4580078125 0.021875 0.017578125
1 0.4234375 0.458984375 0.009375 0.01171875
