8 0.5984375 0.3916015625 0.01875 0.025390625
1 0.590625 0.482421875 0.0875 0.0859375
1 0.55078125 0.4716796875 0.0703125 0.080078125
1 0.50703125 0.4697265625 0.0265625 0.037109375
1 0.49375 0.462890625 0.03125 0.0390625
1 0.46796875 0.46484375 0.0203125 0.01953125
1 0.04140625 0.48046875 0.0828125 0.078125
1 0.1453125 0.455078125 0.08125 0.046875
1 0.25625 0.46875 0.040625 0.03515625
1 0.371875 0.4638671875 0.015625 0.013671875
1 0.4109375 0.4619140625 0.0125 0.009765625
1 0.425 0.458984375 0.009375 0.0078125
1 0.44296875 0.4609375 0.0078125 0.0078125
1 0.45234375 0.4599609375 0.0078125 0.009765625
