6 0.196875 0.3955078125 0.015625 0.044921875
6 0.75234375 0.390625 0.0140625 0.04296875
8 0.20390625 0.443359375 0.0234375 0.0390625
8 0.75 0.443359375 0.021875 0.0390625
8 0.75 0.4853515625 0.009375 0.017578125
0 0.01953125 0.5146484375 0.0234375 0.091796875
0 0.0359375 0.5087890625 0.021875 0.095703125
0 0.05 0.5087890625 0.021875 0.099609375
0 0.0734375 0.521484375 0.040625 0.09765625
0 0.5609375 0.470703125 0.009375 0.0234375
0 0.34765625 0.474609375 0.0109375 0.0234375
0 0.334375 0.4775390625 0.009375 0.025390625
2 0.83828125 0.5693359375 0.0421875 0.083984375
1 0.465625 0.5234375 0.071875 0.06640625
1 0.4984375 0.5126953125 0.053125 0.060546875
1 0.47421875 0.4794921875 0.0171875 0.025390625
1 0.44921875 0.490234375 0.0421875 0.046875
1 0.61640625 0.470703125 0.0171875 0.01953125
1 0.60390625 0.4638671875 0.0109375 0.009765625
1 0.5890625 0.462890625 0.009375 0.0078125
0 0.96796875 0.4970703125 0.0171875 0.072265625
0 0.978125 0.4990234375 0.0125 0.076171875
