6 0.7765625 0.3828125 0.01875 0.0546875
6 0.13046875 0.3857421875 0.0171875 0.056640625
8 0.7765625 0.4375 0.028125 0.0390625
8 0.77578125 0.4951171875 0.0109375 0.025390625
8 0.1375 0.4423828125 0.025 0.048828125
8 0.13984375 0.4931640625 0.0078125 0.017578125
0 0.54296875 0.4736328125 0.0078125 0.021484375
2 0.6734375 0.5537109375 0.028125 0.068359375
1 0.4125 0.5556640625 0.11875 0.099609375
1 0.4796875 0.5224609375 0.0625 0.068359375
1 0.4375 0.4873046875 0.046875 0.037109375
1 0.4625 0.4794921875 0.025 0.025390625
1 0.6140625 0.47265625 0.01875 0.01953125
1 0.603125 0.46484375 0.009375 0.01171875
1 0.5921875 0.4638671875 0.009375 0.009765625
0 0.009375 0.515625 0.021875 0.11328125
0 0.03828125 0.5263671875 0.0328125 0.103515625
