8 0.78203125 0.39453125 0.0359375 0.015625
8 0.934375 0.267578125 0.1 0.12890625
8 0.9234375 0.1611328125 0.096875 0.033203125
8 0.92578125 0.1943359375 0.0484375 0.041015625
0 0.41875 0.4990234375 0.025 0.099609375
1 0.52578125 0.484375 0.0578125 0.0703125
1 0.48671875 0.4814453125 0.0390625 0.056640625
1 0.46171875 0.478515625 0.0234375 0.0390625
1 0.446875 0.4794921875 0.0125 0.017578125
1 0.43359375 0.478515625 0.0078125 0.01953125
1 0.40703125 0.48046875 0.0140625 0.03515625
1 0.3765625 0.4794921875 0.01875 0.021484375
1 0.22890625 0.490234375 0.1109375 0.07421875
1 0.0640625 0.4560546875 0.10625 0.056640625
1 0.3328125 0.4814453125 0.028125 0.029296875
