8 0.115625 0.369140625 0.040625 0.046875
8 0.115625 0.404296875 0.028125 0.015625
2 0.42109375 0.544921875 0.0359375 0.0859375
2 0.46875 0.4638671875 0.009375 0.017578125
1 0.2578125 0.4599609375 0.0375 0.029296875
1 0.28125 0.50390625 0.096875 0.09375
1 0.30859375 0.451171875 0.0390625 0.0234375
1 0.3390625 0.5009765625 0.03125 0.068359375
1 0.3546875 0.494140625 0.034375 0.0625
1 0.37109375 0.486328125 0.0296875 0.046875
1 0.37890625 0.46875 0.0453125 0.0625
1 0.44921875 0.453125 0.0203125 0.01953125
1 0.440625 0.458984375 0.021875 0.02734375
1 0.46640625 0.4541015625 0.0203125 0.021484375
1 0.49375 0.4541015625 0.034375 0.017578125
1 0.63828125 0.53515625 0.1046875 0.10546875
1 0.5765625 0.4921875 0.046875 0.078125
1 0.5625 0.482421875 0.04375 0.06640625
1 0.54453125 0.4775390625 0.0171875 0.052734375
11 0.51875 0.578125 0.01875 0.015625
11 0.6203125 0.48828125 0.078125 0.10546875
