6 0.11640625 0.087890625 0.0265625 0.08203125
6 0.3328125 0.0771484375 0.03125 0.087890625
6 0.6828125 0.3798828125 0.028125 0.033203125
6 0.6796875 0.2890625 0.025 0.08203125
6 0.30390625 0.4072265625 0.0078125 0.021484375
6 0.4 0.4072265625 0.00625 0.021484375
8 0.1765625 0.0703125 0.053125 0.0703125
8 0.66796875 0.349609375 0.0546875 0.0234375
8 0.01171875 0.404296875 0.0234375 0.0234375
0 0.9515625 0.5126953125 0.05 0.150390625
0 0.85625 0.5146484375 0.04375 0.201171875
0 0.88359375 0.5185546875 0.0296875 0.154296875
1 0.078125 0.515625 0.15625 0.125
1 0.19296875 0.51171875 0.0796875 0.0703125
1 0.240625 0.5029296875 0.053125 0.064453125
1 0.27265625 0.505859375 0.0265625 0.046875
1 0.428125 0.4912109375 0.015625 0.021484375
1 0.396875 0.4892578125 0.01875 0.021484375
1 0.3609375 0.490234375 0.015625 0.015625
