0 0.2484375 0.47265625 0.015625 0.046875
0 0.2265625 0.4609375 0.015625 0.0703125
0 0.2390625 0.458984375 0.01875 0.0703125
0 0.43515625 0.458984375 0.0265625 0.10546875
1 0.8375 0.583984375 0.325 0.390625
1 0.13671875 0.46875 0.1203125 0.10546875
1 0.1984375 0.458984375 0.0375 0.078125
1 0.21875 0.4609375 0.021875 0.046875
1 0.25390625 0.455078125 0.0140625 0.03515625
1 0.28203125 0.4521484375 0.0171875 0.033203125
1 0.30859375 0.458984375 0.0515625 0.05078125
1 0.29765625 0.4287109375 0.0171875 0.013671875
1 0.37578125 0.4658203125 0.0703125 0.068359375
1 0.37578125 0.4228515625 0.0203125 0.017578125
1 0.35859375 0.42578125 0.0140625 0.015625
1 0.3546875 0.421875 0.0125 0.015625
1 0.4484375 0.4609375 0.015625 0.0546875
1 0.41953125 0.462890625 0.0109375 0.04296875
11 0.68203125 0.39453125 0.3453125 0.4140625
11 0.4921875 0.419921875 0.096875 0.20703125
