8 0.5890625 0.4228515625 0.05625 0.021484375
8 0.684375 0.4228515625 0.034375 0.017578125
5 0.65703125 0.47265625 0.0171875 0.0234375
5 0.67734375 0.4814453125 0.0234375 0.037109375
5 0.7703125 0.4765625 0.1125 0.1171875
1 0.0265625 0.560546875 0.053125 0.09765625
1 0.07578125 0.533203125 0.1078125 0.10546875
1 0.1453125 0.498046875 0.096875 0.09375
1 0.21796875 0.5029296875 0.0484375 0.052734375
1 0.2609375 0.5009765625 0.065625 0.060546875
1 0.30390625 0.515625 0.0609375 0.0546875
1 0.353125 0.5078125 0.0375 0.0390625
1 0.3828125 0.494140625 0.028125 0.03125
1 0.4171875 0.5 0.034375 0.03125
1 0.44609375 0.4912109375 0.0234375 0.025390625
1 0.46953125 0.4921875 0.0234375 0.01953125
1 0.48984375 0.4921875 0.0171875 0.015625
1 0.50546875 0.49609375 0.0140625 0.01171875
1 0.5515625 0.5087890625 0.025 0.037109375
1 0.53671875 0.52734375 0.0515625 0.06640625
1 0.47890625 0.5703125 0.1296875 0.125
1 0.5609375 0.484375 0.015625 0.01171875
1 0.56796875 0.4775390625 0.0109375 0.009765625
1 0.628125 0.484375 0.015625 0.01953125
1 0.60234375 0.50390625 0.0203125 0.03125
1 0.62265625 0.513671875 0.0421875 0.046875
1 0.6453125 0.4951171875 0.01875 0.017578125
1 0.6578125 0.5087890625 0.028125 0.033203125
1 0.77265625 0.5400390625 0.0828125 0.076171875
1 0.93828125 0.5830078125 0.1234375 0.138671875
