6 0.94765625 0.35546875 0.0203125 0.02734375
6 0.65234375 0.3095703125 0.0203125 0.068359375
6 0.6484375 0.3759765625 0.01875 0.021484375
6 0.4375 0.388671875 0.00625 0.01953125
8 0.9796875 0.2978515625 0.034375 0.044921875
8 0.41328125 0.4052734375 0.0078125 0.009765625
8 0.6515625 0.3515625 0.04375 0.01953125
0 0.8984375 0.46484375 0.04375 0.14453125
0 0.8640625 0.47265625 0.03125 0.12890625
0 0.790625 0.4814453125 0.028125 0.130859375
0 0.765625 0.466796875 0.021875 0.109375
0 0.73984375 0.4697265625 0.0359375 0.107421875
0 0.71015625 0.4541015625 0.0203125 0.072265625
0 0.67421875 0.435546875 0.0203125 0.0390625
0 0.46953125 0.486328125 0.0453125 0.1171875
0 0.4046875 0.4814453125 0.028125 0.130859375
0 0.24453125 0.47265625 0.0515625 0.11328125
0 0.165625 0.47265625 0.04375 0.12890625
0 0.0078125 0.447265625 0.015625 0.02734375
0 0.02421875 0.44921875 0.0140625 0.0234375
0 0.03828125 0.4462890625 0.0140625 0.021484375
0 0.5609375 0.462890625 0.009375 0.04296875
0 0.55390625 0.4609375 0.0078125 0.03515625
2 0.0171875 0.4853515625 0.034375 0.041015625
2 0.48828125 0.46875 0.0078125 0.01953125
1 0.421875 0.466796875 0.0125 0.03125
1 0.37421875 0.4658203125 0.0234375 0.021484375
1 0.38203125 0.4638671875 0.0171875 0.021484375
1 0.30546875 0.470703125 0.0296875 0.046875
1 0.275 0.4716796875 0.053125 0.060546875
1 0.18984375 0.478515625 0.0921875 0.08203125
8 0.99453125 0.3408203125 0.0171875 0.021484375
