6 0.64609375 0.376953125 0.0109375 0.03125
6 0.7640625 0.443359375 0.009375 0.02734375
6 0.5640625 0.431640625 0.0125 0.03515625
6 0.54296875 0.4599609375 0.0046875 0.009765625
6 0.528125 0.4560546875 0.003125 0.009765625
6 0.5203125 0.4345703125 0.003125 0.005859375
6 0.55078125 0.44140625 0.0015625 0.00390625
6 0.5234375 0.376953125 0.009375 0.02734375
6 0.4625 0.3818359375 0.009375 0.025390625
6 0.48046875 0.3173828125 0.0140625 0.044921875
6 0.3890625 0.4375 0.009375 0.03515625
8 0.71875 0.4365234375 0.0125 0.025390625
8 0.56875 0.4609375 0.0125 0.015625
8 0.5234375 0.4560546875 0.003125 0.005859375
8 0.45859375 0.3076171875 0.0171875 0.021484375
8 0.4515625 0.3779296875 0.009375 0.013671875
8 0.3875 0.4482421875 0.01875 0.025390625
2 0.6609375 0.52734375 0.01875 0.02734375
1 0.37734375 0.5244140625 0.0921875 0.068359375
1 0.5984375 0.5166015625 0.071875 0.072265625
1 0.88828125 0.5478515625 0.2234375 0.232421875
1 0.76328125 0.52734375 0.1109375 0.13671875
1 0.70703125 0.5341796875 0.0265625 0.072265625
1 0.68984375 0.5234375 0.0421875 0.0625
1 0.64375 0.5009765625 0.028125 0.025390625
1 0.5125 0.4990234375 0.021875 0.021484375
1 0.534375 0.4990234375 0.01875 0.017578125
