8 0.26015625 0.4306640625 0.0140625 0.021484375
0 0.79453125 0.509765625 0.0515625 0.1953125
0 0.27890625 0.4765625 0.0203125 0.07421875
0 0.1140625 0.498046875 0.03125 0.1171875
0 0.0671875 0.4794921875 0.03125 0.130859375
1 0.02109375 0.453125 0.0421875 0.04296875
1 0.16328125 0.46875 0.0515625 0.0625
1 0.20546875 0.455078125 0.0390625 0.02734375
1 0.2453125 0.46875 0.053125 0.05078125
1 0.29921875 0.4736328125 0.0265625 0.048828125
1 0.421875 0.4755859375 0.034375 0.041015625
1 0.3765625 0.4921875 0.078125 0.078125
1 0.928125 0.509765625 0.14375 0.2265625
