6 0.91953125 0.1220703125 0.0796875 0.169921875
6 0.19765625 0.48046875 0.0078125 0.0234375
6 0.915625 0.3671875 0.0375 0.0390625
8 0.78515625 0.43359375 0.0078125 0.015625
8 0.4296875 0.462890625 0.015625 0.01953125
0 0.0359375 0.56640625 0.01875 0.0390625
0 0.01015625 0.5634765625 0.0171875 0.025390625
0 0.92421875 0.5654296875 0.0796875 0.267578125
0 0.96796875 0.544921875 0.0640625 0.23828125
0 0.22890625 0.5361328125 0.0109375 0.017578125
0 0.3546875 0.5234375 0.009375 0.015625
0 0.36484375 0.5244140625 0.0109375 0.017578125
0 0.38046875 0.5322265625 0.0140625 0.037109375
0 0.39921875 0.537109375 0.0109375 0.0390625
0 0.409375 0.5400390625 0.01875 0.048828125
0 0.428125 0.53515625 0.0125 0.04296875
0 0.44375 0.533203125 0.0125 0.046875
0 0.453125 0.5322265625 0.0125 0.044921875
0 0.46875 0.52734375 0.015625 0.04296875
0 0.4828125 0.51953125 0.009375 0.02734375
0 0.5015625 0.51953125 0.009375 0.03125
0 0.49453125 0.51953125 0.0078125 0.02734375
0 0.80234375 0.484375 0.0171875 0.04296875
0 0.7890625 0.4873046875 0.01875 0.048828125
0 0.78046875 0.4814453125 0.0140625 0.044921875
0 0.77109375 0.49609375 0.0109375 0.04296875
0 0.7609375 0.4853515625 0.009375 0.037109375
0 0.75078125 0.484375 0.0109375 0.03515625
0 0.74375 0.4853515625 0.009375 0.033203125
0 0.73046875 0.4873046875 0.0109375 0.033203125
0 0.68984375 0.4912109375 0.0078125 0.029296875
2 0.8875 0.693359375 0.115625 0.2421875
3 0.09609375 0.58984375 0.0515625 0.046875
1 0.0859375 0.7119140625 0.171875 0.279296875
1 0.2390625 0.5712890625 0.109375 0.056640625
1 0.325 0.548828125 0.125 0.0625
1 0.128125 0.57421875 0.06875 0.046875
1 0.63984375 0.5205078125 0.1046875 0.115234375
1 0.54609375 0.525390625 0.0828125 0.0625
