4 0.28515625 0.48046875 0.0859375 0.0859375
4 0.7140625 0.4755859375 0.1 0.087890625
8 0.6546875 0.3935546875 0.04375 0.029296875
8 0.57890625 0.396484375 0.0609375 0.02734375
8 0.496875 0.3974609375 0.059375 0.029296875
1 0.06875 0.5126953125 0.109375 0.115234375
1 0.09140625 0.5322265625 0.1109375 0.091796875
1 0.29609375 0.5068359375 0.0390625 0.037109375
1 0.3328125 0.5048828125 0.046875 0.037109375
1 0.3734375 0.4970703125 0.034375 0.029296875
1 0.39921875 0.4892578125 0.0296875 0.025390625
1 0.65546875 0.515625 0.0515625 0.05078125
1 0.5953125 0.513671875 0.06875 0.0859375
1 0.528125 0.4990234375 0.009375 0.021484375
1 0.5421875 0.50390625 0.028125 0.03125
1 0.4984375 0.5029296875 0.040625 0.052734375
1 0.48671875 0.5224609375 0.0640625 0.072265625
1 0.44609375 0.5673828125 0.1328125 0.130859375
1 0.76796875 0.6005859375 0.2328125 0.208984375
1 0.9828125 0.5478515625 0.034375 0.103515625
