6 0.7296875 0.3310546875 0.009375 0.044921875
6 0.7359375 0.3798828125 0.009375 0.017578125
6 0.5609375 0.3505859375 0.009375 0.041015625
6 0.559375 0.3896484375 0.0125 0.013671875
6 0.68671875 0.28515625 0.0421875 0.05078125
6 0.09296875 0.3681640625 0.0109375 0.041015625
6 0.11796875 0.4072265625 0.0109375 0.017578125
8 0.77421875 0.3671875 0.0234375 0.0078125
8 0.6828125 0.1796875 0.0375 0.08203125
8 0.69609375 0.23828125 0.0265625 0.04296875
8 0.73515625 0.361328125 0.0109375 0.015625
0 0.30078125 0.49609375 0.0765625 0.19140625
0 0.64296875 0.4677734375 0.0484375 0.220703125
0 0.67265625 0.47265625 0.0390625 0.1953125
0 0.7015625 0.4521484375 0.040625 0.111328125
1 0.50234375 0.458984375 0.0421875 0.0390625
1 0.47421875 0.453125 0.0140625 0.015625
1 0.3625 0.4599609375 0.04375 0.041015625
1 0.4296875 0.455078125 0.021875 0.01953125
1 0.2453125 0.470703125 0.05625 0.0546875
1 0.4609375 0.4580078125 0.0125 0.013671875
7 0.5515625 0.466796875 0.009375 0.0390625
