2 0.8640625 0.5654296875 0.19375 0.142578125
2 0.32578125 0.5 0.0265625 0.05078125
2 0.28671875 0.5 0.0203125 0.046875
2 0.2625 0.5126953125 0.03125 0.060546875
2 0.22578125 0.5205078125 0.0453125 0.087890625
2 0.14609375 0.5576171875 0.0515625 0.123046875
2 0.403125 0.5830078125 0.190625 0.154296875
1 0.49609375 0.4765625 0.0265625 0.04296875
1 0.50859375 0.48046875 0.0265625 0.0546875
1 0.30390625 0.4755859375 0.0171875 0.033203125
1 0.19375 0.478515625 0.053125 0.078125
1 0.0421875 0.505859375 0.084375 0.12109375
1 0.54921875 0.4814453125 0.0765625 0.080078125
