8 0.69296875 0.3681640625 0.0140625 0.025390625
8 0.23203125 0.3984375 0.0203125 0.01171875
8 0.23359375 0.375 0.0265625 0.03125
8 0.53671875 0.3798828125 0.0203125 0.013671875
8 0.5375 0.36328125 0.015625 0.01953125
8 0.71171875 0.095703125 0.0859375 0.109375
8 0.7109375 0.1796875 0.065625 0.04296875
8 0.96796875 0.2763671875 0.0515625 0.037109375
8 0.971875 0.234375 0.034375 0.046875
8 0.9390625 0.373046875 0.0125 0.015625
8 0.93828125 0.34375 0.0140625 0.0390625
0 0.9234375 0.4921875 0.053125 0.17578125
1 0.90234375 0.4716796875 0.1953125 0.123046875
1 0.784375 0.4501953125 0.0875 0.076171875
1 0.5234375 0.4638671875 0.225 0.107421875
1 0.30546875 0.4638671875 0.0734375 0.048828125
1 0.0640625 0.490234375 0.128125 0.13671875
1 0.7328125 0.4736328125 0.034375 0.029296875
