6 0.36328125 0.388671875 0.0046875 0.015625
6 0.41796875 0.390625 0.0046875 0.015625
6 0.51796875 0.43359375 0.0046875 0.01953125
6 0.534375 0.4228515625 0.00625 0.025390625
6 0.54453125 0.43359375 0.0046875 0.015625
6 0.2875 0.3662109375 0.00625 0.021484375
8 0.46796875 0.4140625 0.0265625 0.0078125
8 0.61328125 0.4013671875 0.0109375 0.009765625
8 0.61328125 0.3857421875 0.0171875 0.021484375
8 0.68671875 0.4169921875 0.0171875 0.021484375
0 0.95234375 0.474609375 0.0265625 0.08203125
2 0.86328125 0.48828125 0.0328125 0.04296875
1 0.096875 0.51953125 0.19375 0.203125
1 0.2875 0.47265625 0.04375 0.0390625
1 0.33359375 0.47265625 0.0203125 0.03125
1 0.35859375 0.4755859375 0.0484375 0.044921875
1 0.4453125 0.4765625 0.06875 0.07421875
