2 0.5328125 0.48828125 0.0125 0.0234375
2 0.54609375 0.4892578125 0.0109375 0.025390625
1 0.5203125 0.4638671875 0.01875 0.021484375
1 0.50703125 0.46484375 0.0109375 0.015625
1 0.49765625 0.4619140625 0.0109375 0.013671875
1 0.4875 0.4609375 0.009375 0.01171875
1 0.56328125 0.4755859375 0.0296875 0.037109375
1 0.6125 0.486328125 0.03125 0.046875
1 0.62578125 0.4931640625 0.0328125 0.056640625
1 0.659375 0.5029296875 0.075 0.087890625
1 0.4375 0.4580078125 0.01875 0.017578125
1 0.446875 0.4716796875 0.01875 0.025390625
1 0.421875 0.48046875 0.0375 0.0546875
1 0.41328125 0.482421875 0.0359375 0.05859375
1 0.4078125 0.48828125 0.021875 0.0625
1 0.365625 0.4853515625 0.078125 0.083984375
1 0.26015625 0.5009765625 0.1359375 0.123046875
1 0.0546875 0.533203125 0.109375 0.22265625
1 0.73671875 0.5419921875 0.1421875 0.138671875
1 0.834375 0.5810546875 0.203125 0.169921875
1 0.88671875 0.71875 0.2265625 0.38671875
1 0.47421875 0.458984375 0.0109375 0.01171875
