0 0.96953125 0.4287109375 0.0109375 0.029296875
0 0.95625 0.4287109375 0.00625 0.029296875
0 0.9453125 0.4296875 0.00625 0.0234375
0 0.93828125 0.4287109375 0.0046875 0.021484375
2 0.5109375 0.4765625 0.015625 0.03125
1 0.93203125 0.8154296875 0.1359375 0.369140625
1 0.8515625 0.6611328125 0.296875 0.251953125
1 0.7296875 0.5751953125 0.16875 0.154296875
1 0.6625 0.5380859375 0.115625 0.119140625
1 0.61953125 0.5029296875 0.0953125 0.111328125
1 0.109375 0.57421875 0.190625 0.15234375
1 0.2171875 0.5234375 0.109375 0.125
1 0.28359375 0.5146484375 0.0515625 0.076171875
1 0.3140625 0.5 0.065625 0.0703125
1 0.33359375 0.4833984375 0.0578125 0.064453125
1 0.36875 0.4794921875 0.03125 0.048828125
1 0.40625 0.4931640625 0.06875 0.068359375
1 0.43828125 0.4658203125 0.0453125 0.060546875
1 0.46171875 0.4599609375 0.0203125 0.044921875
1 0.4984375 0.44921875 0.025 0.03515625
1 0.57734375 0.48828125 0.0265625 0.0625
1 0.5625 0.48046875 0.0375 0.05859375
1 0.56015625 0.466796875 0.0453125 0.05078125
1 0.5359375 0.453125 0.025 0.0390625
1 0.59140625 0.447265625 0.0265625 0.02734375
1 0.66796875 0.44140625 0.0609375 0.0234375
1 0.39140625 0.4580078125 0.0140625 0.013671875
1 0.40625 0.455078125 0.01875 0.01171875
1 0.4640625 0.439453125 0.015625 0.015625
1 0.47421875 0.4384765625 0.0078125 0.013671875
1 0.48046875 0.4375 0.0046875 0.01171875
1 0.615625 0.4384765625 0.025 0.021484375
