6 0.2703125 0.25 0.0375 0.11328125
6 0.2875 0.4833984375 0.015625 0.056640625
6 0.09921875 0.3994140625 0.0140625 0.041015625
8 0.94921875 0.3505859375 0.0234375 0.017578125
8 0.9484375 0.376953125 0.025 0.02734375
8 0.94921875 0.404296875 0.0265625 0.0234375
8 0.840625 0.4267578125 0.01875 0.029296875
8 0.79609375 0.4443359375 0.0078125 0.009765625
8 0.79609375 0.453125 0.0078125 0.00390625
8 0.409375 0.306640625 0.04375 0.0703125
8 0.41015625 0.349609375 0.0421875 0.015625
8 0.4109375 0.3701171875 0.040625 0.025390625
8 0.42890625 0.45703125 0.0171875 0.01953125
8 0.35234375 0.43359375 0.0203125 0.0234375
8 0.346875 0.4443359375 0.015625 0.021484375
8 0.17109375 0.3486328125 0.1109375 0.119140625
8 0.4265625 0.4228515625 0.009375 0.021484375
8 0.45 0.48046875 0.015625 0.01953125
8 0.415625 0.5146484375 0.0375 0.048828125
8 0.53359375 0.4580078125 0.0078125 0.009765625
1 0.5484375 0.6630859375 0.3375 0.373046875
1 0.91328125 0.6689453125 0.1734375 0.341796875
1 0.32578125 0.52734375 0.1484375 0.0703125
1 0.646875 0.4775390625 0.03125 0.033203125
1 0.66328125 0.4775390625 0.0140625 0.017578125
1 0.6859375 0.4814453125 0.021875 0.021484375
