0 0.53828125 0.4462890625 0.0109375 0.033203125
0 0.5515625 0.4501953125 0.0125 0.037109375
2 0.50625 0.4658203125 0.0125 0.029296875
1 0.0546875 0.59375 0.109375 0.23046875
1 0.240625 0.509765625 0.1125 0.11328125
1 0.30625 0.5 0.040625 0.07421875
1 0.31796875 0.484375 0.0578125 0.0703125
1 0.346875 0.48046875 0.025 0.0625
1 0.359375 0.4794921875 0.025 0.052734375
1 0.384375 0.462890625 0.0375 0.04296875
1 0.40703125 0.455078125 0.0171875 0.02734375
1 0.41640625 0.451171875 0.0140625 0.01953125
1 0.41953125 0.4482421875 0.0203125 0.021484375
1 0.43203125 0.4453125 0.0109375 0.015625
1 0.4390625 0.439453125 0.0125 0.015625
1 0.4484375 0.4375 0.0125 0.01171875
1 0.4671875 0.4365234375 0.0125 0.013671875
1 0.4890625 0.4365234375 0.0125 0.013671875
1 0.51875 0.451171875 0.021875 0.03125
1 0.50546875 0.4375 0.0203125 0.0234375
1 0.56953125 0.447265625 0.0140625 0.03515625
1 0.615625 0.431640625 0.03125 0.01953125
1 0.61640625 0.4482421875 0.0296875 0.033203125
1 0.678125 0.4365234375 0.09375 0.060546875
1 0.6609375 0.4580078125 0.04375 0.048828125
1 0.73984375 0.4599609375 0.1140625 0.060546875
1 0.82578125 0.4990234375 0.2296875 0.103515625
1 0.96328125 0.4794921875 0.0734375 0.103515625
1 0.91328125 0.4580078125 0.1234375 0.052734375
11 0.3921875 0.4912109375 0.009375 0.005859375
