8 0.27265625 0.4521484375 0.0171875 0.025390625
0 0.75234375 0.4619140625 0.0140625 0.033203125
0 0.0390625 0.517578125 0.015625 0.01953125
0 0.071875 0.5107421875 0.0125 0.017578125
0 0.08125 0.5087890625 0.0125 0.021484375
0 0.165625 0.505859375 0.015625 0.0234375
0 0.1484375 0.509765625 0.0125 0.03125
1 0.0765625 0.6025390625 0.153125 0.169921875
1 0.16875 0.544921875 0.0875 0.0625
1 0.34453125 0.5263671875 0.1015625 0.095703125
1 0.396875 0.4931640625 0.021875 0.037109375
1 0.61953125 0.5185546875 0.0828125 0.103515625
1 0.53359375 0.49609375 0.0515625 0.0546875
1 0.63828125 0.482421875 0.0390625 0.04296875
1 0.64609375 0.47265625 0.0265625 0.03125
1 0.6078125 0.4619140625 0.015625 0.013671875
1 0.615625 0.4609375 0.009375 0.01171875
1 0.86171875 0.4599609375 0.0328125 0.033203125
1 0.8171875 0.4580078125 0.034375 0.033203125
