8 0.26484375 0.09765625 0.4546875 0.15234375
8 0.93046875 0.3486328125 0.0765625 0.091796875
8 0.53984375 0.4482421875 0.0203125 0.021484375
5 0.06484375 0.466796875 0.1296875 0.140625
5 0.6515625 0.4912109375 0.034375 0.041015625
1 0.3546875 0.5263671875 0.221875 0.255859375
1 0.48046875 0.4873046875 0.0421875 0.048828125
1 0.51484375 0.4990234375 0.0421875 0.037109375
1 0.52890625 0.4931640625 0.0234375 0.033203125
1 0.59453125 0.49609375 0.0328125 0.03125
1 0.67734375 0.4873046875 0.0203125 0.021484375
