8 0.6625 0.3935546875 0.015625 0.021484375
8 0.45703125 0.40234375 0.0140625 0.015625
8 0.45625 0.4130859375 0.009375 0.005859375
0 0.5203125 0.4462890625 0.00625 0.013671875
0 0.72109375 0.46484375 0.0140625 0.02734375
0 0.61484375 0.451171875 0.0109375 0.03125
0 0.55703125 0.4580078125 0.0140625 0.037109375
0 0.44296875 0.4765625 0.0203125 0.0703125
0 0.46015625 0.4775390625 0.0203125 0.072265625
0 0.4890625 0.4775390625 0.021875 0.076171875
2 0.5234375 0.6279296875 0.040625 0.115234375
1 0.09765625 0.6240234375 0.1953125 0.318359375
1 0.240625 0.5693359375 0.159375 0.189453125
1 0.32421875 0.541015625 0.0828125 0.125
1 0.3921875 0.4921875 0.075 0.0703125
1 0.428125 0.4814453125 0.025 0.056640625
1 0.47421875 0.458984375 0.0234375 0.03125
1 0.49765625 0.4541015625 0.0140625 0.025390625
1 0.50390625 0.4501953125 0.0171875 0.025390625
1 0.51171875 0.4501953125 0.0078125 0.017578125
1 0.5125 0.443359375 0.009375 0.015625
1 0.67890625 0.5654296875 0.1453125 0.146484375
1 0.74375 0.5263671875 0.1 0.099609375
1 0.9375 0.6953125 0.125 0.22265625
1 0.82421875 0.490234375 0.0578125 0.07421875
1 0.7109375 0.4658203125 0.05625 0.037109375
1 0.6875 0.4609375 0.0375 0.0390625
1 0.58671875 0.453125 0.0234375 0.02734375
1 0.5796875 0.4521484375 0.015625 0.025390625
1 0.571875 0.451171875 0.0125 0.0234375
1 0.5640625 0.4462890625 0.009375 0.017578125
1 0.75 0.4677734375 0.04375 0.033203125
