6 0.43203125 0.3720703125 0.0078125 0.021484375
6 0.440625 0.390625 0.00625 0.015625
8 0.9296875 0.310546875 0.03125 0.0546875
8 0.61875 0.3974609375 0.009375 0.017578125
0 0.58203125 0.453125 0.0109375 0.0234375
0 0.41484375 0.4599609375 0.0046875 0.013671875
0 0.38671875 0.4501953125 0.0109375 0.037109375
0 0.3203125 0.458984375 0.009375 0.04296875
0 0.33203125 0.4609375 0.0109375 0.04296875
0 0.2546875 0.4619140625 0.0125 0.056640625
0 0.2421875 0.45703125 0.0125 0.0546875
0 0.21015625 0.4638671875 0.0171875 0.068359375
0 0.28828125 0.45703125 0.0078125 0.03125
2 0.34453125 0.48046875 0.0140625 0.03515625
2 0.17734375 0.4892578125 0.0296875 0.064453125
2 0.1109375 0.4951171875 0.05 0.099609375
2 0.1421875 0.49609375 0.0375 0.0703125
2 0.1875 0.47265625 0.03125 0.04296875
2 0.3125 0.46875 0.021875 0.03515625
2 0.0453125 0.580078125 0.090625 0.23046875
1 0.85625 0.5947265625 0.2875 0.353515625
1 0.6984375 0.48046875 0.178125 0.08203125
1 0.52890625 0.494140625 0.1390625 0.09375
1 0.453125 0.466796875 0.034375 0.03125
1 0.42421875 0.4619140625 0.0109375 0.009765625
