6 0.5578125 0.3935546875 0.0125 0.033203125
8 0.5609375 0.421875 0.015625 0.01171875
0 0.31640625 0.453125 0.0078125 0.01171875
0 0.228125 0.45703125 0.009375 0.01953125
0 0.17421875 0.4619140625 0.0171875 0.037109375
1 0.4640625 0.45703125 0.0125 0.01171875
1 0.446875 0.4482421875 0.009375 0.009765625
1 0.48203125 0.4599609375 0.0078125 0.013671875
1 0.47109375 0.447265625 0.0078125 0.0078125
1 0.42109375 0.46484375 0.0234375 0.03515625
1 0.40625 0.470703125 0.040625 0.0390625
1 0.34375 0.4873046875 0.0875 0.080078125
