6 0.84765625 0.267578125 0.0359375 0.0703125
6 0.834375 0.087890625 0.040625 0.15234375
6 0.7859375 0.1142578125 0.0375 0.130859375
6 0.6 0.326171875 0.015625 0.0546875
6 0.58828125 0.3291015625 0.0140625 0.048828125
6 0.478125 0.43359375 0.003125 0.0078125
6 0.4640625 0.431640625 0.003125 0.0078125
6 0.59765625 0.3896484375 0.0109375 0.021484375
6 0.3859375 0.1650390625 0.015625 0.060546875
6 0.23046875 0.150390625 0.0140625 0.05859375
8 0.84609375 0.201171875 0.0328125 0.046875
8 0.60546875 0.2353515625 0.0734375 0.021484375
8 0.5484375 0.4638671875 0.028125 0.033203125
8 0.50625 0.4326171875 0.00625 0.009765625
0 0.75234375 0.45703125 0.0078125 0.0234375
5 0.1234375 0.4365234375 0.209375 0.173828125
1 0.46875 0.4560546875 0.009375 0.013671875
