0 0.5484375 0.4619140625 0.0125 0.052734375
0 0.540625 0.466796875 0.0125 0.05078125
0 0.52890625 0.462890625 0.0140625 0.0546875
2 0.49140625 0.4423828125 0.0046875 0.009765625
1 0.89375 0.755859375 0.2125 0.37109375
1 0.81015625 0.615234375 0.2234375 0.19140625
1 0.84296875 0.4912109375 0.1484375 0.068359375
1 0.71484375 0.533203125 0.1859375 0.15625
1 0.63046875 0.5126953125 0.0390625 0.083984375
1 0.60234375 0.482421875 0.0734375 0.0859375
1 0.5640625 0.466796875 0.028125 0.05078125
1 0.5328125 0.4423828125 0.021875 0.017578125
1 0.521875 0.44140625 0.0125 0.01953125
1 0.5140625 0.4345703125 0.009375 0.013671875
1 0.5 0.4306640625 0.00625 0.005859375
1 0.4859375 0.431640625 0.00625 0.0078125
1 0.478125 0.4345703125 0.009375 0.013671875
1 0.47578125 0.439453125 0.0109375 0.015625
1 0.46875 0.44140625 0.015625 0.01953125
1 0.45859375 0.4453125 0.0171875 0.0234375
1 0.44375 0.4501953125 0.01875 0.029296875
1 0.43359375 0.453125 0.0203125 0.0234375
1 0.415625 0.455078125 0.028125 0.03515625
1 0.40625 0.462890625 0.025 0.03515625
1 0.3921875 0.4697265625 0.034375 0.044921875
1 0.37421875 0.48046875 0.0484375 0.06640625
1 0.33671875 0.4873046875 0.0609375 0.068359375
1 0.30625 0.5048828125 0.059375 0.076171875
1 0.26171875 0.5185546875 0.0796875 0.091796875
1 0.2109375 0.5419921875 0.115625 0.115234375
1 0.0953125 0.5791015625 0.190625 0.208984375
1 0.10234375 0.4599609375 0.0484375 0.037109375
1 0.1484375 0.4580078125 0.059375 0.041015625
1 0.19140625 0.4521484375 0.0296875 0.025390625
1 0.21171875 0.453125 0.0359375 0.02734375
1 0.31640625 0.45703125 0.0515625 0.03125
1 0.334375 0.4453125 0.03125 0.02734375
