6 0.68515625 0.337890625 0.0140625 0.0546875
6 0.603125 0.3720703125 0.009375 0.029296875
6 0.5 0.298828125 0.009375 0.03125
6 0.8078125 0.265625 0.009375 0.03515625
6 0.815625 0.3623046875 0.009375 0.029296875
6 0.78515625 0.3623046875 0.0109375 0.033203125
6 0.328125 0.373046875 0.009375 0.03125
6 0.3875 0.208984375 0.021875 0.0625
6 0.21171875 0.33984375 0.0203125 0.0546875
6 0.14296875 0.365234375 0.0109375 0.03515625
6 0.10859375 0.2685546875 0.0109375 0.037109375
0 0.5015625 0.4580078125 0.015625 0.056640625
0 0.63046875 0.462890625 0.0234375 0.0546875
0 0.6109375 0.4599609375 0.015625 0.064453125
0 0.68828125 0.451171875 0.0078125 0.046875
0 0.67734375 0.44921875 0.0078125 0.046875
0 0.3890625 0.4609375 0.0125 0.05078125
0 0.3796875 0.4560546875 0.0125 0.056640625
0 0.3328125 0.4384765625 0.009375 0.025390625
0 0.4421875 0.4580078125 0.015625 0.048828125
0 0.4375 0.455078125 0.0125 0.0546875
0 0.4484375 0.4345703125 0.009375 0.025390625
0 0.440625 0.4345703125 0.009375 0.025390625
0 0.24375 0.4541015625 0.015625 0.048828125
0 0.19140625 0.4443359375 0.0109375 0.025390625
0 0.18515625 0.443359375 0.0078125 0.0234375
2 0.75703125 0.49609375 0.0328125 0.07421875
2 0.81328125 0.5205078125 0.0359375 0.068359375
2 0.93828125 0.53515625 0.0515625 0.09765625
2 0.271875 0.5166015625 0.040625 0.068359375
2 0.41484375 0.474609375 0.0453125 0.0390625
2 0.13671875 0.5068359375 0.0390625 0.064453125
2 0.1703125 0.5048828125 0.028125 0.064453125
3 0.68359375 0.517578125 0.1015625 0.078125
1 0.5609375 0.4501953125 0.034375 0.037109375
1 0.54453125 0.4453125 0.0203125 0.03125
1 0.53515625 0.4404296875 0.0171875 0.029296875
1 0.5203125 0.4326171875 0.021875 0.021484375
1 0.5046875 0.4296875 0.0125 0.01171875
1 0.46875 0.4296875 0.0125 0.01171875
1 0.4859375 0.4306640625 0.009375 0.009765625
