4 0.82578125 0.4052734375 0.2609375 0.064453125
4 0.51640625 0.4482421875 0.0578125 0.080078125
4 0.43125 0.4541015625 0.1 0.037109375
0 0.98125 0.4951171875 0.0375 0.291015625
0 0.9375 0.5146484375 0.065625 0.275390625
0 0.8296875 0.50390625 0.06875 0.25390625
0 0.78828125 0.4931640625 0.0453125 0.197265625
0 0.73984375 0.5107421875 0.0734375 0.259765625
0 0.6953125 0.501953125 0.05 0.20703125
0 0.65078125 0.4638671875 0.0203125 0.072265625
0 0.62734375 0.470703125 0.0171875 0.05859375
0 0.63515625 0.462890625 0.0171875 0.07421875
0 0.6625 0.447265625 0.0125 0.05078125
0 0.621875 0.443359375 0.009375 0.03125
0 0.6140625 0.455078125 0.009375 0.04296875
0 0.60390625 0.45703125 0.0109375 0.04296875
0 0.596875 0.45703125 0.0125 0.04296875
0 0.5859375 0.4560546875 0.009375 0.041015625
0 0.57578125 0.458984375 0.0109375 0.04296875
0 0.55703125 0.4580078125 0.0109375 0.041015625
0 0.5484375 0.458984375 0.009375 0.0390625
0 0.54296875 0.4580078125 0.0078125 0.037109375
0 0.43203125 0.4638671875 0.0109375 0.048828125
0 0.3765625 0.46484375 0.00625 0.0234375
0 0.37265625 0.4658203125 0.0046875 0.021484375
0 0.21328125 0.4892578125 0.0140625 0.044921875
0 0.20078125 0.484375 0.0140625 0.04296875
0 0.12890625 0.490234375 0.0140625 0.02734375
0 0.10625 0.4970703125 0.015625 0.048828125
1 0.91875 0.44921875 0.134375 0.12890625
1 0.4734375 0.462890625 0.025 0.0234375
1 0.4546875 0.462890625 0.025 0.0234375
1 0.35234375 0.4677734375 0.0265625 0.017578125
1 0.30078125 0.4716796875 0.0296875 0.025390625
7 0.340625 0.4775390625 0.00625 0.017578125
