8 0.30625 0.431640625 0.00625 0.015625
8 0.2921875 0.4345703125 0.00625 0.021484375
0 0.6421875 0.4970703125 0.021875 0.064453125
0 0.475 0.5419921875 0.134375 0.291015625
1 0.57890625 0.4912109375 0.0453125 0.044921875
1 0.625 0.4853515625 0.01875 0.017578125
1 0.671875 0.490234375 0.01875 0.01953125
1 0.7 0.48828125 0.015625 0.01953125
1 0.25390625 0.501953125 0.1046875 0.06640625
1 0.1796875 0.49609375 0.053125 0.0625
1 0.31484375 0.4912109375 0.0640625 0.044921875
11 0.6015625 0.6015625 0.15625 0.18359375
11 0.6578125 0.509765625 0.021875 0.03515625
