0 0.06328125 0.4736328125 0.0265625 0.080078125
0 0.09140625 0.4794921875 0.0234375 0.087890625
0 0.62421875 0.45703125 0.0109375 0.0390625
0 0.63671875 0.4541015625 0.0109375 0.041015625
0 0.646875 0.455078125 0.009375 0.03515625
0 0.66484375 0.4697265625 0.0171875 0.060546875
0 0.309375 0.4521484375 0.0125 0.041015625
0 0.73671875 0.462890625 0.0140625 0.02734375
0 0.4265625 0.4404296875 0.00625 0.021484375
1 0.89296875 0.6572265625 0.2140625 0.240234375
1 0.79296875 0.5771484375 0.1609375 0.142578125
1 0.5515625 0.4501953125 0.034375 0.041015625
1 0.50703125 0.4375 0.0109375 0.01171875
1 0.51640625 0.44140625 0.0140625 0.015625
1 0.44609375 0.443359375 0.0296875 0.03515625
1 0.48515625 0.4365234375 0.0078125 0.005859375
0 0.9578125 0.5048828125 0.028125 0.060546875
0 0.97734375 0.5048828125 0.0265625 0.064453125
0 0.88671875 0.49609375 0.0203125 0.05859375
2 0.109375 0.515625 0.025 0.0703125
8 0.64609375 0.3955078125 0.0234375 0.009765625
8 0.64765625 0.38671875 0.0078125 0.0078125
