6 0.7046875 0.369140625 0.01875 0.0625
6 0.696875 0.431640625 0.021875 0.0234375
6 0.38671875 0.44921875 0.0046875 0.015625
6 0.5859375 0.453125 0.00625 0.015625
6 0.034375 0.3623046875 0.015625 0.052734375
6 0.03671875 0.421875 0.0171875 0.01953125
8 0.70625 0.41015625 0.04375 0.01953125
8 0.03671875 0.40234375 0.0421875 0.01953125
0 0.9390625 0.5146484375 0.028125 0.095703125
0 0.63203125 0.4912109375 0.0078125 0.025390625
0 0.03359375 0.5107421875 0.0296875 0.115234375
0 0.19375 0.5244140625 0.0375 0.123046875
0 0.21484375 0.5244140625 0.0296875 0.111328125
0 0.37109375 0.4814453125 0.0078125 0.017578125
0 0.33671875 0.4814453125 0.0109375 0.017578125
0 0.671875 0.48828125 0.0125 0.0234375
0 0.65234375 0.4921875 0.0078125 0.01953125
0 0.64765625 0.4912109375 0.0078125 0.021484375
0 0.703125 0.4833984375 0.0125 0.041015625
0 0.28984375 0.484375 0.0078125 0.0234375
0 0.41484375 0.48828125 0.0078125 0.01953125
0 0.421875 0.4873046875 0.00625 0.021484375
1 0.5578125 0.498046875 0.028125 0.03515625
1 0.5125 0.4990234375 0.021875 0.025390625
1 0.5265625 0.4951171875 0.01875 0.025390625
1 0.534375 0.4912109375 0.015625 0.025390625
7 0.5828125 0.5048828125 0.00625 0.017578125
