1 0.0484375 0.458984375 0.090625 0.05078125
1 0.3828125 0.416015625 0.015625 0.015625
1 0.4015625 0.4150390625 0.015625 0.009765625
1 0.43125 0.4140625 0.0125 0.015625
1 0.45078125 0.4140625 0.0140625 0.015625
1 0.47890625 0.412109375 0.0109375 0.01171875
1 0.59921875 0.44140625 0.0328125 0.0390625
1 0.57890625 0.423828125 0.0265625 0.03125
1 0.5578125 0.4228515625 0.015625 0.017578125
1 0.54140625 0.419921875 0.0171875 0.015625
1 0.509375 0.4140625 0.01875 0.01953125
7 0.3625 0.4365234375 0.00625 0.013671875
