8 0.440625 0.423828125 0.015625 0.0234375
0 0.30078125 0.4833984375 0.0109375 0.048828125
0 0.315625 0.4833984375 0.015625 0.052734375
0 0.33671875 0.482421875 0.0109375 0.05078125
3 0.3953125 0.580078125 0.128125 0.23046875
1 0.94453125 0.5302734375 0.1109375 0.216796875
1 0.865625 0.5087890625 0.178125 0.177734375
1 0.80625 0.4912109375 0.196875 0.162109375
1 0.5484375 0.5146484375 0.215625 0.130859375
1 0.67421875 0.494140625 0.1109375 0.109375
8 0.26328125 0.4443359375 0.0078125 0.017578125
