8 0.30625 0.4189453125 0.028125 0.033203125
0 0.80078125 0.482421875 0.0421875 0.1640625
0 0.75078125 0.4755859375 0.0296875 0.111328125
0 0.7203125 0.4814453125 0.053125 0.166015625
0 0.69140625 0.474609375 0.0234375 0.10546875
0 0.678125 0.4794921875 0.03125 0.119140625
0 0.65 0.482421875 0.034375 0.125
0 0.62578125 0.47265625 0.0140625 0.046875
0 0.59921875 0.4765625 0.0265625 0.078125
0 0.578125 0.47265625 0.009375 0.03515625
1 0.53359375 0.48046875 0.0453125 0.04296875
11 0.81796875 0.5224609375 0.0546875 0.107421875
