4 0.76640625 0.380859375 0.1109375 0.16015625
4 0.61328125 0.40234375 0.0390625 0.0625
6 0.04296875 0.3017578125 0.0203125 0.056640625
6 0.23125 0.1689453125 0.04375 0.146484375
6 0.2640625 0.1875 0.025 0.1015625
6 0.4640625 0.3310546875 0.009375 0.029296875
6 0.70390625 0.3349609375 0.0140625 0.044921875
6 0.0125 0.31640625 0.015625 0.02734375
8 0.16171875 0.1123046875 0.0609375 0.076171875
8 0.471875 0.267578125 0.025 0.046875
8 0.52421875 0.357421875 0.0234375 0.01171875
8 0.46953125 0.3662109375 0.0140625 0.009765625
8 0.29375 0.314453125 0.01875 0.0234375
0 0.59765625 0.466796875 0.0671875 0.140625
0 0.903125 0.431640625 0.028125 0.06640625
2 0.2578125 0.5546875 0.084375 0.203125
2 0.4984375 0.537109375 0.06875 0.16796875
5 0.85625 0.40625 0.071875 0.1171875
5 0.6921875 0.3984375 0.05 0.08203125
5 0.65703125 0.4033203125 0.0234375 0.041015625
1 0.6359375 0.408203125 0.0125 0.01953125
1 0.6609375 0.41796875 0.01875 0.02734375
1 0.59140625 0.4365234375 0.0703125 0.064453125
