6 0.1078125 0.4453125 0.009375 0.015625
6 0.28828125 0.4248046875 0.0078125 0.025390625
6 0.62265625 0.4208984375 0.0078125 0.025390625
6 0.56015625 0.474609375 0.0046875 0.0078125
0 0.11640625 0.48828125 0.0203125 0.046875
0 0.09140625 0.4853515625 0.0171875 0.033203125
0 0.26953125 0.5 0.0109375 0.0546875
0 0.27890625 0.498046875 0.0140625 0.0546875
0 0.325 0.4833984375 0.0125 0.025390625
0 0.36328125 0.4951171875 0.0140625 0.041015625
0 0.79921875 0.49609375 0.0203125 0.05859375
0 0.77109375 0.490234375 0.0203125 0.0546875
1 0.3921875 0.5 0.040625 0.0390625
1 0.4109375 0.4970703125 0.01875 0.029296875
1 0.48515625 0.5205078125 0.1171875 0.119140625
1 0.5390625 0.6005859375 0.234375 0.232421875
8 0.8109375 0.361328125 0.03125 0.05859375
6 0.6765625 0.396484375 0.025 0.0546875
0 0.88125 0.4951171875 0.021875 0.033203125
