6 0.49921875 0.1845703125 0.0140625 0.052734375
6 0.7546875 0.3291015625 0.0125 0.052734375
6 0.921875 0.3076171875 0.015625 0.056640625
6 0.7546875 0.3916015625 0.015625 0.017578125
8 0.63828125 0.4111328125 0.0140625 0.017578125
8 0.7453125 0.369140625 0.028125 0.01171875
0 0.92109375 0.486328125 0.0390625 0.140625
0 0.86640625 0.48046875 0.0296875 0.109375
2 0.75234375 0.5068359375 0.0390625 0.064453125
1 0.45 0.513671875 0.3125 0.33984375
1 0.221875 0.4794921875 0.0875 0.076171875
1 0.278125 0.4765625 0.05 0.0625
1 0.85 0.447265625 0.109375 0.046875
