4 0.50078125 0.400390625 0.0296875 0.0390625
6 0.20703125 0.1142578125 0.0609375 0.216796875
6 0.309375 0.203125 0.040625 0.15234375
6 0.22734375 0.19140625 0.0265625 0.09765625
6 0.22578125 0.302734375 0.0171875 0.0546875
0 0.45390625 0.4091796875 0.0140625 0.044921875
0 0.43984375 0.4072265625 0.0109375 0.044921875
0 0.42421875 0.4267578125 0.0328125 0.068359375
0 0.36796875 0.4638671875 0.0609375 0.216796875
0 0.32734375 0.47265625 0.0484375 0.1953125
0 0.79140625 0.5029296875 0.0953125 0.189453125
0 0.02578125 0.48046875 0.0515625 0.11328125
3 0.5625 0.6181640625 0.134375 0.302734375
1 0.9515625 0.576171875 0.096875 0.3203125
11 0.8421875 0.421875 0.159375 0.1015625
