6 0.73125 0.3916015625 0.009375 0.025390625
8 0.17265625 0.369140625 0.0234375 0.05078125
0 0.9171875 0.453125 0.028125 0.07421875
0 0.88203125 0.451171875 0.0234375 0.06640625
0 0.8546875 0.451171875 0.01875 0.0546875
0 0.86640625 0.453125 0.0140625 0.0546875
0 0.784375 0.447265625 0.01875 0.03515625
0 0.80234375 0.44921875 0.0171875 0.03515625
0 0.83125 0.4541015625 0.021875 0.052734375
0 0.6796875 0.4638671875 0.015625 0.029296875
0 0.665625 0.4619140625 0.009375 0.025390625
0 0.6234375 0.4658203125 0.0125 0.037109375
0 0.634375 0.4658203125 0.0125 0.037109375
0 0.59296875 0.46484375 0.0109375 0.03515625
0 0.60390625 0.466796875 0.0109375 0.03515625
0 0.57734375 0.4638671875 0.0109375 0.033203125
0 0.56640625 0.45703125 0.0078125 0.0234375
0 0.15390625 0.4716796875 0.0171875 0.052734375
0 0.20390625 0.4677734375 0.0109375 0.041015625
0 0.19140625 0.4677734375 0.0109375 0.044921875
0 0.2421875 0.4658203125 0.0125 0.044921875
0 0.25546875 0.4638671875 0.0109375 0.041015625
0 0.2875 0.4541015625 0.00625 0.021484375
0 0.26953125 0.4609375 0.0109375 0.0390625
0 0.54375 0.47265625 0.009375 0.04296875
1 0.465625 0.4794921875 0.078125 0.087890625
1 0.40859375 0.4609375 0.0296875 0.03125
1 0.35234375 0.4794921875 0.0859375 0.056640625
1 0.1171875 0.4658203125 0.05625 0.029296875
