6 0.034375 0.2412109375 0.015625 0.048828125
6 0.1390625 0.23046875 0.028125 0.05078125
6 0.0609375 0.376953125 0.0125 0.0390625
6 0.03359375 0.3818359375 0.0078125 0.021484375
6 0.284375 0.3232421875 0.01875 0.033203125
6 0.43203125 0.39453125 0.0109375 0.03125
6 0.43359375 0.423828125 0.0109375 0.01171875
6 0.490625 0.38671875 0.009375 0.02734375
6 0.49140625 0.419921875 0.0078125 0.01171875
8 0.003125 0.287109375 0.00625 0.015625
8 0.41171875 0.4052734375 0.0140625 0.017578125
8 0.08828125 0.2236328125 0.0234375 0.044921875
8 0.30703125 0.3232421875 0.0109375 0.017578125
8 0.3765625 0.3623046875 0.04375 0.013671875
8 0.409375 0.345703125 0.015625 0.07421875
0 0.703125 0.5234375 0.046875 0.11328125
0 0.6734375 0.5048828125 0.046875 0.138671875
0 0.653125 0.5068359375 0.040625 0.130859375
0 0.44921875 0.4501953125 0.0109375 0.025390625
0 0.4140625 0.466796875 0.00625 0.03125
0 0.42109375 0.4638671875 0.0109375 0.037109375
0 0.403125 0.46484375 0.009375 0.02734375
0 0.39609375 0.4658203125 0.0078125 0.021484375
0 0.38984375 0.46484375 0.0078125 0.0234375
0 0.3828125 0.466796875 0.00625 0.01953125
2 0.34453125 0.4775390625 0.0140625 0.029296875
1 0.4734375 0.4716796875 0.09375 0.041015625
1 0.29140625 0.4677734375 0.0296875 0.041015625
1 0.12734375 0.4794921875 0.0234375 0.060546875
1 0.0625 0.4814453125 0.125 0.181640625
1 0.26484375 0.46875 0.0515625 0.0546875
1 0.18671875 0.47265625 0.1109375 0.09765625
7 0.465625 0.4833984375 0.009375 0.029296875
