8 0.60078125 0.146484375 0.1359375 0.07421875
8 0.603125 0.22265625 0.1375 0.0859375
8 0.775 0.2216796875 0.1375 0.060546875
8 0.77265625 0.1728515625 0.1359375 0.041015625
8 0.7703125 0.1240234375 0.1375 0.060546875
8 0.8015625 0.419921875 0.025 0.03515625
8 0.26796875 0.453125 0.0234375 0.02734375
8 0.26875 0.47265625 0.021875 0.0078125
5 0.5171875 0.49609375 0.034375 0.05859375
1 0.07890625 0.6318359375 0.1578125 0.255859375
1 0.22890625 0.650390625 0.2796875 0.25
1 0.40078125 0.5556640625 0.1296875 0.126953125
1 0.30234375 0.53125 0.0765625 0.03515625
1 0.48203125 0.52734375 0.0609375 0.06640625
1 0.5109375 0.521484375 0.025 0.0546875
1 0.5203125 0.5185546875 0.01875 0.041015625
1 0.65 0.53125 0.228125 0.31640625
