4 0.40390625 0.4267578125 0.0484375 0.064453125
6 0.7890625 0.2685546875 0.01875 0.072265625
6 0.790625 0.3544921875 0.025 0.029296875
8 0.77890625 0.3271484375 0.0453125 0.021484375
8 0.56875 0.3984375 0.0125 0.015625
8 0.56875 0.4111328125 0.0125 0.009765625
0 0.1734375 0.4736328125 0.059375 0.134765625
2 0.1734375 0.4921875 0.115625 0.09375
1 0.34140625 0.458984375 0.0578125 0.0703125
1 0.27734375 0.4697265625 0.1015625 0.087890625
1 0.44453125 0.443359375 0.0109375 0.015625
1 0.46328125 0.4453125 0.0265625 0.02734375
1 0.49140625 0.4453125 0.0109375 0.01171875
1 0.503125 0.4453125 0.0125 0.02734375
1 0.51328125 0.4453125 0.0203125 0.03125
1 0.5296875 0.4482421875 0.034375 0.041015625
1 0.540625 0.453125 0.021875 0.046875
1 0.5703125 0.4501953125 0.0625 0.068359375
1 0.61640625 0.4619140625 0.0859375 0.083984375
8 0.6921875 0.3681640625 0.015625 0.029296875
