8 0.30859375 0.2158203125 0.0578125 0.103515625
8 0.66640625 0.4697265625 0.0140625 0.021484375
0 0.246875 0.4677734375 0.01875 0.080078125
2 0.58359375 0.4658203125 0.0078125 0.013671875
1 0.4359375 0.46484375 0.040625 0.05078125
1 0.46171875 0.4609375 0.0421875 0.05078125
1 0.5078125 0.46484375 0.06875 0.06640625
1 0.54921875 0.453125 0.0328125 0.046875
1 0.68984375 0.4619140625 0.1453125 0.072265625
1 0.9734375 0.4814453125 0.053125 0.177734375
1 0.8875 0.455078125 0.1375 0.08203125
1 0.7953125 0.4541015625 0.08125 0.044921875
11 0.5328125 0.4462890625 0.09375 0.048828125
