8 0.02109375 0.462890625 0.0421875 0.05078125
8 0.24140625 0.451171875 0.0234375 0.02734375
1 0.03828125 0.6669921875 0.0765625 0.162109375
1 0.2484375 0.5712890625 0.109375 0.080078125
1 0.33515625 0.6171875 0.1359375 0.125
1 0.33359375 0.5361328125 0.0703125 0.052734375
1 0.4171875 0.5419921875 0.028125 0.029296875
1 0.46484375 0.5390625 0.0328125 0.0234375
1 0.4859375 0.529296875 0.015625 0.015625
1 0.496875 0.53125 0.009375 0.01171875
1 0.9484375 0.59765625 0.103125 0.0703125
1 0.50859375 0.52734375 0.0109375 0.01171875
