6 0.7015625 0.4365234375 0.009375 0.033203125
6 0.625 0.455078125 0.00625 0.01953125
6 0.3171875 0.4501953125 0.00625 0.021484375
6 0.20546875 0.4501953125 0.0078125 0.025390625
6 0.19140625 0.4658203125 0.0078125 0.009765625
8 0.6234375 0.478515625 0.009375 0.015625
8 0.32109375 0.4697265625 0.0078125 0.017578125
0 0.38046875 0.5029296875 0.0046875 0.017578125
0 0.45 0.50390625 0.015625 0.0390625
0 0.4609375 0.50390625 0.0125 0.0390625
1 0.525 0.5029296875 0.00625 0.005859375
1 0.51328125 0.5068359375 0.0140625 0.017578125
1 0.4765625 0.5068359375 0.0125 0.013671875
1 0.43125 0.5068359375 0.0125 0.017578125
1 0.41875 0.5068359375 0.015625 0.021484375
1 0.40546875 0.5068359375 0.0265625 0.021484375
1 0.453125 0.4873046875 0.03125 0.041015625
1 0.575 0.513671875 0.05625 0.0625
1 0.690625 0.5732421875 0.15625 0.150390625
1 0.18515625 0.5078125 0.0359375 0.03515625
7 0.134375 0.529296875 0.009375 0.03515625
