8 0.86953125 0.3720703125 0.0671875 0.044921875
8 0.86796875 0.30859375 0.0640625 0.08203125
8 0.23046875 0.3955078125 0.0265625 0.029296875
8 0.2328125 0.4189453125 0.021875 0.017578125
8 0.50625 0.4169921875 0.00625 0.009765625
0 0.0078125 0.478515625 0.015625 0.078125
0 0.1328125 0.5751953125 0.078125 0.173828125
0 0.28984375 0.453125 0.0140625 0.04296875
0 0.57265625 0.435546875 0.0109375 0.02734375
0 0.5171875 0.458984375 0.015625 0.0390625
0 0.63984375 0.4560546875 0.0203125 0.033203125
0 0.65390625 0.455078125 0.0140625 0.03125
0 0.721875 0.458984375 0.015625 0.03125
0 0.70234375 0.466796875 0.0234375 0.04296875
0 0.6953125 0.462890625 0.01875 0.046875
0 0.67890625 0.458984375 0.0140625 0.04296875
0 0.84296875 0.4609375 0.0234375 0.07421875
0 0.371875 0.4443359375 0.009375 0.025390625
2 0.3234375 0.4765625 0.015625 0.03125
2 0.22265625 0.482421875 0.0140625 0.0390625
2 0.25625 0.4814453125 0.01875 0.041015625
2 0.578125 0.4619140625 0.021875 0.033203125
2 0.590625 0.4619140625 0.021875 0.033203125
2 0.38984375 0.4453125 0.0046875 0.01171875
3 0.5453125 0.4609375 0.04375 0.03125
1 0.96953125 0.8603515625 0.0609375 0.251953125
1 0.546875 0.591796875 0.209375 0.23828125
1 0.53203125 0.453125 0.0515625 0.046875
1 0.50859375 0.453125 0.0140625 0.03515625
1 0.5046875 0.4482421875 0.015625 0.029296875
1 0.4984375 0.447265625 0.009375 0.02734375
1 0.48828125 0.4365234375 0.0234375 0.025390625
1 0.47421875 0.4326171875 0.0109375 0.013671875
1 0.465625 0.4326171875 0.009375 0.013671875
1 0.42578125 0.431640625 0.0203125 0.015625
1 0.4375 0.431640625 0.009375 0.01171875
7 0.36328125 0.4482421875 0.0046875 0.009765625
