6 0.04453125 0.091796875 0.0640625 0.171875
6 0.04375 0.5107421875 0.028125 0.091796875
6 0.08046875 0.4130859375 0.0484375 0.064453125
6 0.20546875 0.24609375 0.0390625 0.12109375
6 0.18203125 0.4560546875 0.0265625 0.044921875
6 0.7921875 0.484375 0.00625 0.0078125
8 0.95859375 0.359375 0.0828125 0.20703125
8 0.8390625 0.4033203125 0.046875 0.064453125
8 0.84375 0.4462890625 0.04375 0.013671875
8 0.8375 0.4658203125 0.034375 0.021484375
8 0.83828125 0.4853515625 0.0359375 0.017578125
8 0.7921875 0.494140625 0.009375 0.00390625
0 0.796875 0.5263671875 0.009375 0.033203125
0 0.81015625 0.5302734375 0.0140625 0.041015625
0 0.11640625 0.5576171875 0.0203125 0.056640625
2 0.92734375 0.61328125 0.1078125 0.12109375
3 0.5671875 0.583984375 0.040625 0.06640625
3 0.70859375 0.560546875 0.0671875 0.0625
3 0.79765625 0.5869140625 0.1171875 0.095703125
1 0.16328125 0.5498046875 0.0609375 0.037109375
1 0.4765625 0.6123046875 0.128125 0.146484375
1 0.5625 0.560546875 0.078125 0.0703125
1 0.63515625 0.5478515625 0.0328125 0.048828125
1 0.390625 0.5625 0.053125 0.05078125
