6 0.70625 0.3701171875 0.01875 0.060546875
6 0.696875 0.4326171875 0.021875 0.025390625
6 0.3859375 0.4462890625 0.00625 0.021484375
6 0.5859375 0.4541015625 0.00625 0.017578125
6 0.034375 0.3623046875 0.015625 0.056640625
6 0.0375 0.421875 0.01875 0.01953125
8 0.7046875 0.41015625 0.04375 0.01953125
8 0.03828125 0.40234375 0.0453125 0.01953125
0 0.93828125 0.513671875 0.0265625 0.09375
0 0.07734375 0.5244140625 0.0484375 0.119140625
0 0.1625 0.51953125 0.046875 0.11328125
0 0.11015625 0.5244140625 0.0265625 0.103515625
0 0.0984375 0.5244140625 0.01875 0.115234375
0 0.23125 0.490234375 0.009375 0.04296875
0 0.33671875 0.4814453125 0.0078125 0.017578125
0 0.37109375 0.482421875 0.0078125 0.01953125
0 0.39609375 0.486328125 0.0078125 0.01953125
0 0.421875 0.4873046875 0.00625 0.021484375
0 0.41640625 0.48828125 0.0046875 0.01953125
0 0.43203125 0.4873046875 0.0046875 0.013671875
0 0.634375 0.4912109375 0.0125 0.025390625
0 0.646875 0.4921875 0.0125 0.01953125
0 0.66875 0.4892578125 0.0125 0.021484375
0 0.70625 0.4892578125 0.0125 0.025390625
0 0.28984375 0.4833984375 0.0078125 0.017578125
1 0.5578125 0.4970703125 0.028125 0.029296875
1 0.51484375 0.4951171875 0.0203125 0.025390625
1 0.53046875 0.4921875 0.0234375 0.0234375
7 0.5828125 0.5048828125 0.00625 0.021484375
