6 0.4375 0.39453125 0.00625 0.015625
6 0.42890625 0.3740234375 0.0078125 0.021484375
8 0.63046875 0.396484375 0.0109375 0.0234375
0 0.3625 0.4677734375 0.009375 0.029296875
0 0.3125 0.4638671875 0.009375 0.037109375
0 0.28046875 0.4638671875 0.0078125 0.029296875
0 0.19296875 0.4736328125 0.0171875 0.072265625
2 0.325 0.490234375 0.015625 0.0390625
2 0.29921875 0.4794921875 0.0171875 0.033203125
2 0.2609375 0.4814453125 0.021875 0.041015625
2 0.01796875 0.509765625 0.0359375 0.125
2 0.04296875 0.51171875 0.0484375 0.109375
2 0.0875 0.490234375 0.0625 0.10546875
2 0.14609375 0.490234375 0.0359375 0.08203125
2 0.15546875 0.4794921875 0.0453125 0.044921875
1 0.91796875 0.6298828125 0.1640625 0.337890625
1 0.73515625 0.486328125 0.2109375 0.09375
1 0.4890625 0.4970703125 0.115625 0.091796875
1 0.56015625 0.48828125 0.0671875 0.06640625
1 0.4234375 0.46875 0.009375 0.01171875
