8 0.48515625 0.42578125 0.0171875 0.0234375
8 0.28671875 0.44921875 0.0078125 0.015625
8 0.33671875 0.443359375 0.0078125 0.0078125
0 0.346875 0.4921875 0.0125 0.0390625
0 0.4078125 0.4931640625 0.009375 0.037109375
1 0.4578125 0.4970703125 0.034375 0.021484375
1 0.434375 0.494140625 0.03125 0.0234375
1 0.41875 0.4931640625 0.025 0.021484375
1 0.53203125 0.4970703125 0.0328125 0.025390625
1 0.54921875 0.4951171875 0.0234375 0.025390625
1 0.60234375 0.4990234375 0.0609375 0.056640625
1 0.66640625 0.494140625 0.0796875 0.11328125
1 0.73125 0.501953125 0.1375 0.1328125
1 0.83828125 0.5078125 0.1421875 0.1640625
1 0.92578125 0.5205078125 0.1484375 0.212890625
1 0.378125 0.4921875 0.03125 0.02734375
1 0.35078125 0.4921875 0.0421875 0.03125
1 0.31796875 0.494140625 0.0390625 0.02734375
2 0.3984375 0.505859375 0.0125 0.02734375
8 0.48203125 0.498046875 0.0046875 0.01171875
