8 0.20859375 0.44921875 0.0296875 0.0390625
8 0.21171875 0.4794921875 0.0328125 0.017578125
8 0.39921875 0.353515625 0.0515625 0.0625
8 0.39765625 0.3984375 0.0484375 0.0234375
8 0.40078125 0.4501953125 0.0515625 0.076171875
0 0.02265625 0.56640625 0.0234375 0.06640625
0 0.30390625 0.5498046875 0.0109375 0.056640625
0 0.25703125 0.55078125 0.0140625 0.04296875
0 0.2625 0.55078125 0.0125 0.04296875
2 0.13515625 0.572265625 0.0234375 0.03515625
3 0.19453125 0.5751953125 0.0234375 0.041015625
1 0.07734375 0.578125 0.0890625 0.05859375
1 0.821875 0.7646484375 0.35625 0.322265625
