1 0.87265625 0.7353515625 0.2546875 0.326171875
1 0.77421875 0.61328125 0.1984375 0.18359375
1 0.6671875 0.5322265625 0.121875 0.103515625
1 0.60625 0.5107421875 0.071875 0.083984375
1 0.6046875 0.4794921875 0.06875 0.056640625
1 0.5640625 0.47265625 0.034375 0.0390625
1 0.546875 0.4609375 0.025 0.03125
1 0.53515625 0.453125 0.0140625 0.0234375
1 0.49921875 0.4453125 0.0171875 0.01953125
1 0.5265625 0.4501953125 0.009375 0.017578125
1 0.52265625 0.4453125 0.0078125 0.015625
1 0.471875 0.4423828125 0.009375 0.013671875
1 0.478125 0.4404296875 0.00625 0.009765625
1 0.48359375 0.4404296875 0.0046875 0.009765625
1 0.48671875 0.439453125 0.0046875 0.0078125
1 0.4609375 0.4482421875 0.01875 0.017578125
1 0.446875 0.453125 0.01875 0.01953125
1 0.325 0.51953125 0.090625 0.09375
1 0.0265625 0.5419921875 0.053125 0.099609375
1 0.05703125 0.505859375 0.1140625 0.0859375
1 0.13203125 0.4814453125 0.0984375 0.052734375
1 0.190625 0.462890625 0.13125 0.078125
1 0.27890625 0.4697265625 0.0484375 0.044921875
1 0.2984375 0.45703125 0.05 0.03515625
1 0.36484375 0.4609375 0.0484375 0.02734375
1 0.37734375 0.453125 0.0390625 0.02734375
1 0.4125 0.4541015625 0.01875 0.025390625
1 0.43203125 0.44921875 0.0171875 0.01953125
0 0.33671875 0.462890625 0.0140625 0.01953125
2 0.4671875 0.4521484375 0.00625 0.009765625
