6 0.1109375 0.4609375 0.0125 0.03515625
6 0.36640625 0.484375 0.0078125 0.02734375
6 0.8703125 0.44921875 0.021875 0.05859375
6 0.78671875 0.2275390625 0.0640625 0.173828125
6 0.78671875 0.5849609375 0.0234375 0.080078125
6 0.9328125 0.333984375 0.028125 0.08984375
6 0.5953125 0.4892578125 0.009375 0.013671875
8 0.01640625 0.466796875 0.0171875 0.03515625
8 0.31328125 0.498046875 0.0140625 0.015625
8 0.31328125 0.515625 0.0109375 0.01953125
8 0.49921875 0.4990234375 0.0421875 0.009765625
8 0.5171875 0.513671875 0.0375 0.01171875
8 0.5921875 0.5166015625 0.015625 0.021484375
8 0.621875 0.5126953125 0.028125 0.009765625
8 0.790625 0.3720703125 0.0875 0.111328125
0 0.20546875 0.666015625 0.0640625 0.29296875
0 0.3703125 0.6572265625 0.090625 0.220703125
0 0.26953125 0.5537109375 0.0140625 0.044921875
2 0.8796875 0.6650390625 0.134375 0.103515625
3 0.66015625 0.6142578125 0.0984375 0.072265625
1 0.5265625 0.578125 0.16875 0.078125
1 0.12734375 0.580078125 0.1296875 0.078125
