4 0.821875 0.4208984375 0.25625 0.087890625
4 0.43359375 0.4521484375 0.0984375 0.041015625
4 0.51328125 0.4326171875 0.0546875 0.052734375
4 0.63125 0.431640625 0.1 0.04296875
0 0.01640625 0.51953125 0.0234375 0.078125
0 0.128125 0.5 0.015625 0.046875
0 0.8375 0.478515625 0.0625 0.1640625
0 0.778125 0.4873046875 0.05 0.173828125
0 0.66640625 0.4384765625 0.0109375 0.033203125
0 0.67890625 0.4287109375 0.0140625 0.021484375
0 0.61953125 0.4677734375 0.0234375 0.068359375
0 0.628125 0.4541015625 0.0125 0.044921875
0 0.60859375 0.4482421875 0.0109375 0.029296875
0 0.603125 0.4580078125 0.015625 0.048828125
0 0.5953125 0.453125 0.009375 0.03515625
0 0.5875 0.4609375 0.015625 0.046875
0 0.57109375 0.4560546875 0.0078125 0.037109375
0 0.578125 0.4580078125 0.009375 0.041015625
0 0.54921875 0.4560546875 0.0109375 0.033203125
1 0.9515625 0.486328125 0.096875 0.109375
1 0.92421875 0.44921875 0.1515625 0.13671875
1 0.80390625 0.4482421875 0.1859375 0.095703125
1 0.646875 0.4482421875 0.01875 0.021484375
1 0.4515625 0.4619140625 0.025 0.021484375
1 0.3703125 0.4736328125 0.06875 0.033203125
1 0.4984375 0.51953125 0.140625 0.12890625
0 0.11171875 0.498046875 0.0203125 0.05078125
