0 0.31640625 0.478515625 0.0171875 0.0546875
1 0.47890625 0.4345703125 0.0078125 0.009765625
1 0.47421875 0.435546875 0.0078125 0.01171875
1 0.46640625 0.4365234375 0.0109375 0.013671875
1 0.45234375 0.44140625 0.0109375 0.01171875
1 0.44140625 0.4453125 0.0140625 0.015625
1 0.42265625 0.439453125 0.0203125 0.01171875
1 0.4125 0.443359375 0.03125 0.01953125
1 0.37109375 0.443359375 0.0484375 0.02734375
1 0.34921875 0.455078125 0.0578125 0.03515625
1 0.284375 0.4521484375 0.065625 0.041015625
1 0.25859375 0.4697265625 0.0609375 0.048828125
1 0.1609375 0.4599609375 0.14375 0.091796875
1 0.0859375 0.4833984375 0.128125 0.064453125
1 0.028125 0.5078125 0.05625 0.078125
1 0.49375 0.439453125 0.01875 0.0234375
1 0.27734375 0.5361328125 0.1171875 0.126953125
1 0.51796875 0.4404296875 0.0140625 0.021484375
1 0.528125 0.443359375 0.015625 0.01953125
1 0.53515625 0.4482421875 0.0171875 0.025390625
1 0.540625 0.453125 0.025 0.03125
1 0.55703125 0.458984375 0.0390625 0.0390625
1 0.56484375 0.4677734375 0.0390625 0.041015625
1 0.60859375 0.484375 0.0796875 0.078125
1 0.61484375 0.517578125 0.0828125 0.1015625
1 0.69375 0.544921875 0.153125 0.12890625
1 0.859375 0.6826171875 0.28125 0.263671875
1 0.9328125 0.849609375 0.134375 0.30078125
2 0.46015625 0.4462890625 0.0046875 0.009765625
