8 0.15078125 0.3974609375 0.0421875 0.052734375
1 0.465625 0.400390625 0.00625 0.0078125
1 0.47734375 0.40234375 0.0078125 0.0078125
1 0.48203125 0.41015625 0.0078125 0.0078125
1 0.46796875 0.4130859375 0.0078125 0.009765625
1 0.48828125 0.443359375 0.0109375 0.01171875
1 0.5078125 0.4482421875 0.015625 0.017578125
1 0.53203125 0.4560546875 0.0265625 0.021484375
1 0.46640625 0.42578125 0.0078125 0.0078125
1 0.465625 0.4384765625 0.009375 0.009765625
1 0.4640625 0.4521484375 0.0125 0.013671875
1 0.44609375 0.453125 0.0234375 0.02734375
1 0.42890625 0.4619140625 0.0234375 0.029296875
1 0.40078125 0.46484375 0.0390625 0.0390625
1 0.3359375 0.4736328125 0.0375 0.041015625
1 0.25546875 0.490234375 0.1453125 0.1171875
1 0.12578125 0.4970703125 0.1359375 0.126953125
