8 0.79296875 0.2841796875 0.0609375 0.029296875
8 0.79765625 0.3310546875 0.0515625 0.064453125
8 0.79375 0.494140625 0.059375 0.0234375
8 0.9078125 0.3857421875 0.04375 0.021484375
0 0.04765625 0.4833984375 0.0265625 0.060546875
0 0.1609375 0.46484375 0.021875 0.07421875
0 0.18359375 0.46484375 0.0171875 0.05859375
0 0.21484375 0.513671875 0.0328125 0.109375
0 0.22578125 0.5048828125 0.0234375 0.126953125
0 0.90234375 0.478515625 0.0421875 0.13671875
0 0.98203125 0.47265625 0.0296875 0.15234375
1 0.25703125 0.478515625 0.1515625 0.08203125
1 0.92265625 0.4619140625 0.0328125 0.072265625
1 0.82578125 0.46875 0.1859375 0.109375
1 0.55625 0.6318359375 0.528125 0.482421875
4 0.340625 0.443359375 0.05625 0.0859375
