0 0.23203125 0.4091796875 0.0234375 0.029296875
0 0.43046875 0.4521484375 0.0078125 0.029296875
0 0.37578125 0.4462890625 0.0109375 0.033203125
0 0.35546875 0.4462890625 0.0109375 0.033203125
0 0.3625 0.4462890625 0.009375 0.033203125
1 0.09375 0.44140625 0.059375 0.05078125
1 0.18984375 0.4921875 0.1890625 0.14453125
1 0.8078125 0.5126953125 0.278125 0.107421875
1 0.846875 0.4599609375 0.121875 0.056640625
1 0.9609375 0.484375 0.078125 0.08203125
1 0.2859375 0.451171875 0.021875 0.046875
1 0.3109375 0.447265625 0.0375 0.04296875
1 0.32734375 0.4462890625 0.0109375 0.041015625
1 0.34140625 0.447265625 0.0203125 0.03125
1 0.40234375 0.453125 0.0234375 0.0234375
1 0.3546875 0.4501953125 0.009375 0.025390625
1 0.51328125 0.482421875 0.0859375 0.0859375
1 0.47890625 0.4619140625 0.0578125 0.068359375
1 0.459375 0.453125 0.03125 0.05078125
1 0.4515625 0.4521484375 0.021875 0.048828125
1 0.4453125 0.4541015625 0.0125 0.033203125
1 0.43828125 0.4541015625 0.0078125 0.025390625
1 0.384375 0.447265625 0.00625 0.0078125
1 0.4171875 0.4462890625 0.00625 0.009765625
1 0.26484375 0.4462890625 0.0359375 0.044921875
