4 0.50078125 0.5322265625 0.0140625 0.021484375
0 0.928125 0.5849609375 0.03125 0.119140625
0 0.95625 0.5849609375 0.028125 0.119140625
0 0.628125 0.544921875 0.009375 0.02734375
0 0.61875 0.546875 0.00625 0.02734375
0 0.53828125 0.5400390625 0.0078125 0.017578125
3 0.46796875 0.5732421875 0.0171875 0.033203125
1 0.50859375 0.5400390625 0.0109375 0.009765625
1 0.4921875 0.5390625 0.0125 0.015625
1 0.4765625 0.537109375 0.0125 0.015625
1 0.4828125 0.544921875 0.015625 0.01953125
1 0.44765625 0.5498046875 0.0171875 0.017578125
1 0.46015625 0.5576171875 0.0234375 0.025390625
1 0.42109375 0.56640625 0.0265625 0.03125
1 0.40390625 0.578125 0.0453125 0.04296875
