4 0.52578125 0.455078125 0.0140625 0.01953125
6 0.55703125 0.4208984375 0.0046875 0.009765625
6 0.5171875 0.419921875 0.003125 0.01171875
6 0.48203125 0.4384765625 0.0046875 0.009765625
6 0.5921875 0.4404296875 0.003125 0.009765625
8 0.63359375 0.37890625 0.0109375 0.01953125
8 0.6328125 0.4111328125 0.00625 0.017578125
8 0.63515625 0.4404296875 0.0078125 0.013671875
8 0.815625 0.33203125 0.021875 0.04296875
8 0.81328125 0.3662109375 0.0234375 0.025390625
1 0.37890625 0.46875 0.0421875 0.0390625
1 0.57578125 0.4677734375 0.0234375 0.025390625
