0 0.778125 0.501953125 0.03125 0.15234375
0 0.79609375 0.5283203125 0.0390625 0.150390625
0 0.84375 0.5078125 0.059375 0.265625
0 0.59453125 0.4931640625 0.0203125 0.072265625
0 0.56484375 0.4921875 0.0171875 0.0703125
0 0.55 0.4951171875 0.015625 0.072265625
0 0.528125 0.4990234375 0.015625 0.056640625
0 0.53359375 0.4951171875 0.0140625 0.056640625
0 0.5203125 0.4921875 0.015625 0.0625
0 0.503125 0.494140625 0.015625 0.05859375
1 0.4078125 0.5048828125 0.021875 0.033203125
1 0.38203125 0.5029296875 0.0359375 0.044921875
1 0.43828125 0.501953125 0.0390625 0.04296875
