8 0.26796875 0.388671875 0.0109375 0.02734375
0 0.540625 0.4638671875 0.015625 0.060546875
0 0.55859375 0.46484375 0.0203125 0.05859375
0 0.41953125 0.4580078125 0.0171875 0.052734375
1 0.04921875 0.4609375 0.0984375 0.1015625
1 0.1390625 0.462890625 0.065625 0.0703125
1 0.18359375 0.458984375 0.0390625 0.0546875
1 0.240625 0.46484375 0.05625 0.05078125
1 0.290625 0.4482421875 0.040625 0.029296875
1 0.225 0.44921875 0.053125 0.05078125
1 0.35625 0.4375 0.021875 0.01171875
1 0.3734375 0.4375 0.0125 0.0078125
1 0.31015625 0.4765625 0.0859375 0.078125
1 0.378125 0.4677734375 0.053125 0.052734375
1 0.40078125 0.462890625 0.0203125 0.04296875
1 0.4140625 0.4619140625 0.025 0.041015625
1 0.4328125 0.45703125 0.01875 0.03515625
1 0.4421875 0.4560546875 0.0125 0.029296875
1 0.45078125 0.4541015625 0.0140625 0.029296875
1 0.45546875 0.4521484375 0.0140625 0.025390625
1 0.4578125 0.447265625 0.025 0.03125
1 0.4703125 0.44921875 0.009375 0.0234375
1 0.47421875 0.447265625 0.0140625 0.0234375
1 0.48125 0.4453125 0.009375 0.01953125
1 0.48828125 0.4453125 0.0078125 0.015625
1 0.49609375 0.44140625 0.0109375 0.01171875
1 0.5015625 0.4404296875 0.009375 0.013671875
1 0.4921875 0.4443359375 0.00625 0.013671875
1 0.6109375 0.4716796875 0.071875 0.083984375
1 0.57890625 0.4619140625 0.0203125 0.056640625
1 0.57109375 0.462890625 0.0171875 0.04296875
1 0.50625 0.439453125 0.00625 0.01171875
1 0.6484375 0.453125 0.0375 0.0625
8 0.971875 0.328125 0.015625 0.04296875
8 0.97109375 0.37109375 0.0140625 0.01953125
