6 0.9671875 0.349609375 0.0125 0.04296875
6 0.93984375 0.388671875 0.0109375 0.02734375
6 0.92265625 0.3916015625 0.0109375 0.021484375
6 0.8859375 0.2587890625 0.0125 0.037109375
6 0.8421875 0.2666015625 0.009375 0.033203125
6 0.92421875 0.326171875 0.0140625 0.05859375
6 0.5984375 0.3837890625 0.00625 0.033203125
6 0.54140625 0.337890625 0.0078125 0.03515625
6 0.49453125 0.4130859375 0.0046875 0.013671875
6 0.0953125 0.396484375 0.009375 0.03515625
6 0.04375 0.193359375 0.01875 0.06640625
6 0.80625 0.3955078125 0.009375 0.029296875
8 0.86484375 0.2587890625 0.0046875 0.021484375
8 0.98359375 0.4033203125 0.0140625 0.025390625
8 0.61171875 0.36328125 0.0078125 0.01953125
0 0.9609375 0.4658203125 0.015625 0.072265625
0 0.95078125 0.47265625 0.0234375 0.08203125
0 0.87109375 0.4765625 0.0328125 0.08203125
0 0.78984375 0.478515625 0.0171875 0.07421875
0 0.52421875 0.478515625 0.0296875 0.08203125
0 0.096875 0.470703125 0.01875 0.0703125
0 0.08984375 0.4677734375 0.0140625 0.076171875
2 0.8390625 0.4736328125 0.021875 0.029296875
1 0.91875 0.4677734375 0.071875 0.041015625
1 0.70234375 0.509765625 0.1734375 0.16796875
11 0.0625 0.6884765625 0.125 0.294921875
