6 0.95078125 0.0703125 0.0734375 0.140625
6 0.9546875 0.2373046875 0.03125 0.064453125
6 0.928125 0.330078125 0.015625 0.0546875
6 0.9328125 0.39453125 0.01875 0.0234375
6 0.609375 0.34765625 0.015625 0.046875
6 0.44375 0.2333984375 0.0125 0.048828125
6 0.271875 0.353515625 0.0125 0.04296875
6 0.27109375 0.404296875 0.0109375 0.015625
8 0.234375 0.3310546875 0.034375 0.005859375
0 0.90078125 0.4765625 0.0234375 0.0859375
0 0.815625 0.490234375 0.034375 0.11328125
0 0.19140625 0.4736328125 0.0203125 0.056640625
0 0.1578125 0.47265625 0.01875 0.05859375
0 0.13984375 0.474609375 0.0171875 0.0625
0 0.09296875 0.455078125 0.0140625 0.0390625
0 0.07421875 0.4619140625 0.0109375 0.041015625
2 0.31953125 0.5087890625 0.0265625 0.052734375
2 0.2078125 0.509765625 0.040625 0.06640625
2 0.27421875 0.4912109375 0.0515625 0.044921875
1 0.6125 0.5986328125 0.4 0.349609375
1 0.41484375 0.4677734375 0.0140625 0.021484375
1 0.4203125 0.4658203125 0.009375 0.017578125
1 0.39453125 0.4677734375 0.0234375 0.021484375
