6 0.44609375 0.37890625 0.0046875 0.01171875
0 0.63046875 0.4306640625 0.0109375 0.041015625
0 0.60390625 0.431640625 0.0171875 0.0390625
0 0.5859375 0.431640625 0.0125 0.03515625
0 0.57734375 0.4326171875 0.0078125 0.033203125
1 0.4984375 0.4404296875 0.03125 0.037109375
1 0.42109375 0.4404296875 0.0421875 0.037109375
1 0.37578125 0.4423828125 0.0609375 0.060546875
1 0.2265625 0.4384765625 0.040625 0.037109375
1 0.12109375 0.455078125 0.0796875 0.0546875
1 0.2953125 0.4599609375 0.128125 0.111328125
