8 0.9546875 0.2705078125 0.065625 0.017578125
8 0.959375 0.328125 0.06875 0.08984375
8 0.69453125 0.48046875 0.0171875 0.01171875
8 0.6953125 0.490234375 0.0125 0.0078125
8 0.58515625 0.43359375 0.0078125 0.0078125
8 0.3375 0.435546875 0.00625 0.0078125
8 0.21640625 0.47265625 0.0109375 0.01953125
8 0.215625 0.4970703125 0.015625 0.029296875
8 0.09140625 0.4365234375 0.0046875 0.009765625
8 0.0953125 0.4462890625 0.00625 0.009765625
0 0.74296875 0.4619140625 0.0171875 0.056640625
0 0.728125 0.4599609375 0.015625 0.056640625
0 0.50546875 0.451171875 0.0140625 0.046875
0 0.4859375 0.4482421875 0.0125 0.048828125
0 0.40625 0.4609375 0.015625 0.0625
0 0.28203125 0.4375 0.0078125 0.015625
0 0.26796875 0.435546875 0.0109375 0.01953125
1 0.91328125 0.728515625 0.1734375 0.34765625
8 0.95546875 0.2470703125 0.0265625 0.021484375
8 0.95546875 0.3876953125 0.0421875 0.021484375
