6 0.3265625 0.4072265625 0.00625 0.017578125
6 0.3625 0.357421875 0.00625 0.01953125
6 0.36796875 0.36328125 0.0046875 0.015625
6 0.37421875 0.41015625 0.0046875 0.015625
6 0.425 0.4111328125 0.00625 0.017578125
6 0.646875 0.3740234375 0.00625 0.017578125
6 0.696875 0.4052734375 0.009375 0.029296875
6 0.47734375 0.3564453125 0.0078125 0.029296875
6 0.43359375 0.3994140625 0.0078125 0.021484375
6 0.434375 0.4208984375 0.00625 0.009765625
6 0.696875 0.4384765625 0.00625 0.009765625
8 0.52109375 0.4248046875 0.0046875 0.009765625
8 0.7703125 0.375 0.01875 0.01953125
8 0.77109375 0.390625 0.0234375 0.01171875
8 0.89609375 0.3994140625 0.0171875 0.029296875
