6 0.4921875 0.4326171875 0.00625 0.013671875
6 0.45546875 0.43359375 0.0046875 0.01171875
8 0.8046875 0.39453125 0.015625 0.02734375
8 0.80625 0.4140625 0.015625 0.01171875
8 0.75546875 0.4072265625 0.0234375 0.037109375
8 0.66953125 0.3017578125 0.1109375 0.056640625
1 0.15859375 0.5556640625 0.3171875 0.419921875
1 0.5 0.4765625 0.05 0.05078125
1 0.29921875 0.486328125 0.0796875 0.0859375
1 0.33984375 0.4814453125 0.0265625 0.044921875
1 0.66328125 0.5390625 0.2328125 0.21875
1 0.56015625 0.470703125 0.0171875 0.0390625
1 0.565625 0.4892578125 0.015625 0.052734375
1 0.58046875 0.4658203125 0.0328125 0.064453125
1 0.39140625 0.4853515625 0.0265625 0.021484375
