4 0.8453125 0.4208984375 0.309375 0.146484375
4 0.51796875 0.447265625 0.0640625 0.08203125
4 0.4328125 0.455078125 0.1 0.04296875
0 0.5515625 0.4599609375 0.0125 0.041015625
0 0.57421875 0.4599609375 0.0140625 0.044921875
0 0.5921875 0.455078125 0.015625 0.04296875
0 0.61171875 0.466796875 0.0171875 0.0546875
0 0.6296875 0.4619140625 0.025 0.083984375
0 0.65625 0.46484375 0.021875 0.07421875
0 0.67265625 0.4326171875 0.0203125 0.029296875
0 0.3671875 0.4658203125 0.00625 0.025390625
0 0.3796875 0.4638671875 0.009375 0.025390625
0 0.1703125 0.4892578125 0.015625 0.048828125
0 0.11640625 0.4921875 0.0140625 0.0546875
0 0.128125 0.4912109375 0.015625 0.029296875
1 0.95234375 0.48828125 0.0953125 0.11328125
1 0.9109375 0.44921875 0.178125 0.14453125
1 0.85234375 0.4443359375 0.1453125 0.107421875
1 0.453125 0.462890625 0.025 0.0234375
1 0.4765625 0.4619140625 0.021875 0.025390625
1 0.3484375 0.466796875 0.021875 0.01953125
7 0.340625 0.478515625 0.00625 0.01953125
