6 0.65859375 0.384765625 0.0234375 0.0234375
6 0.66640625 0.3193359375 0.0171875 0.068359375
6 0.5078125 0.423828125 0.00625 0.01953125
8 0.65703125 0.4384765625 0.0109375 0.021484375
8 0.66796875 0.361328125 0.0453125 0.01953125
0 0.95234375 0.4921875 0.0453125 0.1328125
0 0.90078125 0.4921875 0.0421875 0.12890625
0 0.884375 0.4697265625 0.025 0.111328125
0 0.86015625 0.474609375 0.0296875 0.12109375
0 0.5296875 0.47265625 0.0125 0.05078125
0 0.50625 0.46875 0.0125 0.0390625
0 0.4921875 0.474609375 0.015625 0.04296875
0 0.02109375 0.470703125 0.0171875 0.0703125
0 0.05234375 0.474609375 0.0140625 0.05859375
0 0.07109375 0.470703125 0.0234375 0.05859375
0 0.1515625 0.474609375 0.01875 0.04296875
0 0.16640625 0.4755859375 0.0171875 0.048828125
0 0.584375 0.46875 0.01875 0.046875
0 0.209375 0.474609375 0.0125 0.04296875
0 0.22265625 0.4560546875 0.0109375 0.021484375
0 0.2390625 0.4716796875 0.0125 0.041015625
0 0.26484375 0.4677734375 0.0109375 0.029296875
0 0.275 0.4658203125 0.009375 0.029296875
2 0.0890625 0.4951171875 0.021875 0.044921875
1 0.4765625 0.4697265625 0.01875 0.021484375
1 0.44765625 0.4765625 0.0484375 0.0546875
1 0.4125 0.46875 0.01875 0.0234375
1 0.3796875 0.474609375 0.028125 0.02734375
6 0.28125 0.41015625 0.009375 0.0234375
