6 0.715625 0.2333984375 0.034375 0.048828125
8 0.27421875 0.4345703125 0.0078125 0.013671875
8 0.715625 0.3095703125 0.05 0.080078125
8 0.5828125 0.3916015625 0.034375 0.009765625
0 0.865625 0.4736328125 0.028125 0.119140625
0 0.82109375 0.4716796875 0.0390625 0.123046875
0 0.72109375 0.4765625 0.0171875 0.05859375
1 0.3140625 0.4765625 0.053125 0.046875
1 0.34609375 0.4736328125 0.0234375 0.033203125
1 0.39140625 0.466796875 0.0359375 0.03515625
1 0.36640625 0.466796875 0.0171875 0.0234375
1 0.4125 0.4658203125 0.0125 0.021484375
