8 0.27578125 0.3974609375 0.0203125 0.025390625
8 0.8015625 0.3359375 0.059375 0.07421875
0 0.640625 0.470703125 0.00625 0.02734375
0 0.59140625 0.466796875 0.0078125 0.0234375
0 0.56328125 0.462890625 0.0078125 0.02734375
2 0.6796875 0.5595703125 0.025 0.087890625
2 0.54296875 0.470703125 0.0046875 0.01953125
1 0.3515625 0.470703125 0.05 0.04296875
1 0.378125 0.4638671875 0.040625 0.048828125
1 0.4046875 0.462890625 0.01875 0.03515625
1 0.421875 0.46484375 0.021875 0.03125
1 0.45703125 0.46484375 0.0171875 0.01953125
1 0.4796875 0.46484375 0.03125 0.03125
1 0.51328125 0.466796875 0.0140625 0.01171875
1 0.50078125 0.466796875 0.0109375 0.01171875
1 0.44140625 0.4599609375 0.0203125 0.025390625
