0 0.67734375 0.4658203125 0.0203125 0.064453125
0 0.33984375 0.4345703125 0.0171875 0.037109375
1 0.965625 0.513671875 0.06875 0.12890625
1 0.79765625 0.4970703125 0.1484375 0.087890625
1 0.69765625 0.4619140625 0.0296875 0.056640625
1 0.6578125 0.453125 0.028125 0.02734375
1 0.62265625 0.4482421875 0.0359375 0.021484375
1 0.5875 0.45703125 0.040625 0.04296875
1 0.56953125 0.451171875 0.0203125 0.03515625
1 0.559375 0.4482421875 0.015625 0.021484375
1 0.546875 0.4443359375 0.015625 0.013671875
1 0.50703125 0.4404296875 0.0078125 0.009765625
1 0.50234375 0.4404296875 0.0046875 0.009765625
1 0.496875 0.4404296875 0.00625 0.013671875
1 0.4875 0.44140625 0.0125 0.015625
1 0.471875 0.4404296875 0.01875 0.025390625
1 0.459375 0.4453125 0.021875 0.0234375
1 0.44453125 0.4501953125 0.0234375 0.033203125
1 0.41953125 0.44921875 0.0359375 0.0546875
1 0.4015625 0.455078125 0.053125 0.0546875
1 0.3828125 0.4638671875 0.0625 0.056640625
1 0.3015625 0.4755859375 0.10625 0.103515625
1 0.2015625 0.4599609375 0.13125 0.060546875
1 0.0546875 0.4501953125 0.109375 0.052734375
7 0.14765625 0.509765625 0.0203125 0.0546875
11 0.88984375 0.759765625 0.0828125 0.06640625
