6 0.61015625 0.416015625 0.0046875 0.01953125
6 0.6015625 0.4248046875 0.003125 0.013671875
6 0.55546875 0.3876953125 0.0046875 0.013671875
6 0.54609375 0.3681640625 0.0078125 0.017578125
6 0.50234375 0.419921875 0.0046875 0.015625
0 0.2203125 0.462890625 0.01875 0.0859375
0 0.240625 0.46875 0.025 0.07421875
0 0.31796875 0.4306640625 0.0109375 0.025390625
0 0.36953125 0.4541015625 0.0078125 0.041015625
0 0.378125 0.458984375 0.0125 0.046875
0 0.38359375 0.4560546875 0.0078125 0.041015625
0 0.39375 0.458984375 0.0125 0.046875
0 0.4015625 0.4560546875 0.009375 0.041015625
0 0.43046875 0.4482421875 0.0046875 0.017578125
0 0.4421875 0.4521484375 0.009375 0.025390625
0 0.48984375 0.4521484375 0.0078125 0.017578125
0 0.56171875 0.458984375 0.0078125 0.0234375
0 0.571875 0.4599609375 0.00625 0.025390625
0 0.58515625 0.4619140625 0.0078125 0.025390625
0 0.66484375 0.4580078125 0.0078125 0.025390625
0 0.67109375 0.46484375 0.0109375 0.04296875
0 0.67734375 0.470703125 0.0078125 0.04296875
0 0.71171875 0.4697265625 0.0109375 0.037109375
0 0.70234375 0.4716796875 0.0140625 0.048828125
2 0.51015625 0.4658203125 0.0078125 0.017578125
2 0.44296875 0.4697265625 0.0328125 0.025390625
1 0.5234375 0.455078125 0.0125 0.015625
1 0.57890625 0.458984375 0.0078125 0.01171875
1 0.63671875 0.4814453125 0.0671875 0.064453125
1 0.84453125 0.5732421875 0.2640625 0.251953125
1 0.93359375 0.6845703125 0.1328125 0.349609375
2 0.1734375 0.4755859375 0.05625 0.052734375
