0 0.42890625 0.4931640625 0.0171875 0.072265625
1 0.74609375 0.5439453125 0.1515625 0.134765625
1 0.69765625 0.5166015625 0.0765625 0.091796875
1 0.55546875 0.4794921875 0.0328125 0.029296875
1 0.39140625 0.5009765625 0.0640625 0.064453125
1 0.36328125 0.505859375 0.0484375 0.07421875
1 0.31484375 0.50390625 0.0859375 0.09765625
1 0.22734375 0.5224609375 0.1546875 0.111328125
1 0.0515625 0.53125 0.103125 0.23046875
9 0.63359375 0.609375 0.0265625 0.015625
9 0.5953125 0.5615234375 0.015625 0.009765625
9 0.61328125 0.548828125 0.0140625 0.0078125
1 0.46640625 0.474609375 0.0234375 0.03515625
