6 0.5921875 0.3681640625 0.003125 0.009765625
6 0.6015625 0.3681640625 0.003125 0.009765625
8 0.790625 0.4267578125 0.025 0.029296875
8 0.92109375 0.3798828125 0.0515625 0.017578125
8 0.9796875 0.3525390625 0.021875 0.068359375
8 0.64140625 0.369140625 0.0078125 0.00390625
8 0.64140625 0.365234375 0.0078125 0.00390625
8 0.64140625 0.3603515625 0.0078125 0.005859375
8 0.64140625 0.3544921875 0.0078125 0.005859375
8 0.6640625 0.36328125 0.009375 0.0078125
8 0.55234375 0.3818359375 0.0046875 0.005859375
8 0.59375 0.3876953125 0.00625 0.005859375
1 0.60859375 0.669921875 0.3171875 0.32421875
1 0.565625 0.4951171875 0.084375 0.041015625
1 0.525 0.4736328125 0.04375 0.048828125
1 0.57109375 0.47265625 0.0484375 0.015625
1 0.64921875 0.396484375 0.0203125 0.01953125
1 0.653125 0.39453125 0.015625 0.0234375
1 0.628125 0.3896484375 0.015625 0.017578125
