8 0.39765625 0.48046875 0.0171875 0.01953125
8 0.78671875 0.451171875 0.0265625 0.03125
3 0.57109375 0.49609375 0.0109375 0.0234375
3 0.68828125 0.51171875 0.0296875 0.05078125
1 0.603125 0.4853515625 0.01875 0.017578125
1 0.58828125 0.48046875 0.0109375 0.01171875
1 0.56875 0.4853515625 0.015625 0.017578125
1 0.5578125 0.4794921875 0.009375 0.009765625
1 0.55 0.486328125 0.0125 0.015625
1 0.5375 0.4892578125 0.01875 0.017578125
1 0.4546875 0.49609375 0.040625 0.0390625
1 0.440625 0.53125 0.08125 0.0703125
1 0.2421875 0.515625 0.05 0.0390625
1 0.059375 0.5439453125 0.096875 0.048828125
1 0.39609375 0.498046875 0.0234375 0.01953125
1 0.41484375 0.494140625 0.0171875 0.015625
1 0.428125 0.4931640625 0.0125 0.009765625
