0 0.171875 0.5234375 0.028125 0.1015625
1 0.49296875 0.4326171875 0.0078125 0.009765625
1 0.48671875 0.4345703125 0.0078125 0.013671875
1 0.4765625 0.4365234375 0.0125 0.013671875
1 0.4578125 0.4423828125 0.0125 0.013671875
1 0.44375 0.4501953125 0.021875 0.021484375
1 0.4234375 0.4453125 0.028125 0.0234375
1 0.39921875 0.4453125 0.0359375 0.02734375
1 0.35 0.4521484375 0.0625 0.037109375
1 0.309375 0.4404296875 0.034375 0.017578125
1 0.2703125 0.44140625 0.03125 0.01953125
1 0.3078125 0.46484375 0.1 0.04296875
1 0.25 0.4560546875 0.046875 0.033203125
1 0.20625 0.46875 0.1125 0.0703125
1 0.0875 0.4541015625 0.05625 0.037109375
1 0.03515625 0.4833984375 0.0703125 0.130859375
1 0.128125 0.490234375 0.134375 0.06640625
1 0.50625 0.4384765625 0.01875 0.017578125
1 0.5375 0.4404296875 0.021875 0.021484375
1 0.54296875 0.4462890625 0.0171875 0.025390625
1 0.5484375 0.4462890625 0.01875 0.025390625
1 0.56015625 0.4482421875 0.0234375 0.025390625
1 0.57109375 0.455078125 0.0359375 0.03515625
1 0.57421875 0.4716796875 0.0390625 0.056640625
1 0.6015625 0.4775390625 0.059375 0.068359375
1 0.62421875 0.4970703125 0.0703125 0.072265625
1 0.78359375 0.5712890625 0.2296875 0.208984375
1 0.88125 0.7880859375 0.2375 0.423828125
2 0.4640625 0.44921875 0.00625 0.015625
