8 0.05703125 0.4033203125 0.0859375 0.048828125
8 0.06328125 0.330078125 0.0796875 0.09375
8 0.3234375 0.48046875 0.040625 0.015625
8 0.3234375 0.5009765625 0.04375 0.017578125
8 0.3546875 0.40234375 0.021875 0.04296875
8 0.353125 0.443359375 0.021875 0.0390625
8 0.353125 0.486328125 0.01875 0.04296875
8 0.5875 0.52734375 0.015625 0.0234375
8 0.58671875 0.5439453125 0.0140625 0.005859375
0 0.509375 0.5791015625 0.021875 0.056640625
0 0.44765625 0.5654296875 0.0109375 0.033203125
2 0.05546875 0.7626953125 0.1109375 0.177734375
2 0.2046875 0.6923828125 0.05625 0.150390625
3 0.35234375 0.59765625 0.0734375 0.0625
1 0.6671875 0.654296875 0.1625 0.16015625
1 0.6171875 0.6220703125 0.09375 0.115234375
1 0.56875 0.5888671875 0.0625 0.076171875
1 0.5515625 0.580078125 0.04375 0.06640625
1 0.53125 0.580078125 0.025 0.046875
