6 0.41328125 0.3388671875 0.0078125 0.021484375
6 0.45 0.349609375 0.00625 0.015625
8 0.459375 0.34765625 0.00625 0.0078125
8 0.290625 0.4306640625 0.025 0.037109375
0 0.04453125 0.423828125 0.0203125 0.05859375
0 0.01640625 0.4296875 0.0234375 0.0703125
0 0.97421875 0.4736328125 0.0453125 0.240234375
0 0.73203125 0.4248046875 0.0171875 0.048828125
0 0.75859375 0.42578125 0.0203125 0.04296875
0 0.77578125 0.4248046875 0.0203125 0.052734375
0 0.81875 0.4619140625 0.034375 0.083984375
0 0.8671875 0.439453125 0.021875 0.03125
0 0.57265625 0.4208984375 0.0109375 0.033203125
5 0.3984375 0.4150390625 0.03125 0.052734375
1 0.10546875 0.4326171875 0.1265625 0.091796875
1 0.2125 0.4326171875 0.096875 0.068359375
1 0.43125 0.4228515625 0.01875 0.017578125
1 0.41953125 0.419921875 0.0109375 0.015625
8 0.53125 0.4130859375 0.009375 0.013671875
8 0.5328125 0.333984375 0.0125 0.0234375
4 0.5046875 0.4130859375 0.040625 0.056640625
