8 0.36953125 0.384765625 0.0203125 0.0234375
8 0.78359375 0.271484375 0.0578125 0.01953125
8 0.7828125 0.3232421875 0.05 0.064453125
0 0.12265625 0.5068359375 0.0453125 0.150390625
0 0.178125 0.501953125 0.046875 0.14453125
1 0.08671875 0.46484375 0.1265625 0.0546875
1 0.32109375 0.4482421875 0.0984375 0.060546875
1 0.24453125 0.435546875 0.0828125 0.046875
1 0.8546875 0.673828125 0.290625 0.359375
1 0.97265625 0.8662109375 0.0546875 0.267578125
1 0.48671875 0.458984375 0.0515625 0.04296875
1 0.515625 0.4619140625 0.01875 0.033203125
1 0.5296875 0.4619140625 0.021875 0.029296875
1 0.71171875 0.474609375 0.0515625 0.0546875
1 0.70234375 0.4658203125 0.0671875 0.056640625
1 0.5359375 0.4501953125 0.01875 0.021484375
1 0.546875 0.4619140625 0.0125 0.025390625
1 0.5859375 0.4501953125 0.015625 0.021484375
1 0.59296875 0.4609375 0.0234375 0.01953125
1 0.60703125 0.4599609375 0.0109375 0.017578125
1 0.61328125 0.4580078125 0.0171875 0.021484375
1 0.62578125 0.45703125 0.0140625 0.01953125
11 0.640625 0.6083984375 0.025 0.017578125
11 0.5609375 0.5517578125 0.015625 0.009765625
