0 0.23515625 0.4677734375 0.0140625 0.044921875
0 0.2484375 0.4677734375 0.0125 0.044921875
0 0.51171875 0.44140625 0.0078125 0.01953125
0 0.5421875 0.44140625 0.009375 0.01953125
0 0.5765625 0.4560546875 0.015625 0.044921875
0 0.59140625 0.4541015625 0.0140625 0.048828125
0 0.60234375 0.4560546875 0.0078125 0.044921875
0 0.6078125 0.455078125 0.0125 0.046875
2 0.91875 0.5322265625 0.090625 0.087890625
2 0.35703125 0.5048828125 0.0203125 0.041015625
1 0.559375 0.4501953125 0.028125 0.025390625
1 0.51953125 0.4658203125 0.0609375 0.041015625
1 0.3609375 0.4560546875 0.0125 0.017578125
1 0.36953125 0.45703125 0.0140625 0.01953125
1 0.384375 0.4580078125 0.021875 0.025390625
1 0.40390625 0.458984375 0.0265625 0.03125
1 0.4203125 0.462890625 0.03125 0.03125
1 0.28515625 0.4599609375 0.0359375 0.041015625
1 0.3125 0.4658203125 0.021875 0.025390625
1 0.31796875 0.44921875 0.0203125 0.01171875
1 0.334375 0.4736328125 0.0375 0.048828125
1 0.115625 0.462890625 0.071875 0.02734375
1 0.125 0.494140625 0.1 0.07421875
1 0.0515625 0.4912109375 0.103125 0.083984375
1 0.053125 0.5927734375 0.10625 0.177734375
1 0.7859375 0.4814453125 0.1625 0.107421875
1 0.6421875 0.5400390625 0.13125 0.115234375
1 0.6546875 0.5556640625 0.103125 0.123046875
1 0.71484375 0.587890625 0.1984375 0.1640625
1 0.72265625 0.6318359375 0.1421875 0.150390625
1 0.8421875 0.755859375 0.315625 0.3828125
8 0.62890625 0.3837890625 0.0171875 0.025390625
8 0.628125 0.4013671875 0.0125 0.009765625
