0 0.1734375 0.494140625 0.021875 0.09375
0 0.23125 0.4580078125 0.021875 0.056640625
0 0.25625 0.4599609375 0.0125 0.052734375
0 0.2625 0.4609375 0.0125 0.05078125
0 0.36875 0.4521484375 0.009375 0.033203125
0 0.3921875 0.4462890625 0.00625 0.021484375
0 0.41015625 0.4404296875 0.0078125 0.017578125
0 0.58515625 0.447265625 0.0078125 0.01953125
0 0.615625 0.4638671875 0.009375 0.029296875
0 0.62578125 0.4638671875 0.0109375 0.029296875
0 0.6328125 0.4638671875 0.00625 0.033203125
0 0.640625 0.45703125 0.00625 0.01171875
0 0.64765625 0.45703125 0.0078125 0.01171875
0 0.65859375 0.4677734375 0.0078125 0.025390625
0 0.67265625 0.466796875 0.0140625 0.0234375
0 0.7578125 0.470703125 0.0125 0.04296875
0 0.76640625 0.458984375 0.0078125 0.0234375
0 0.4890625 0.4560546875 0.009375 0.021484375
0 0.696875 0.4658203125 0.00625 0.025390625
0 0.42734375 0.443359375 0.0046875 0.015625
2 0.40234375 0.4619140625 0.0078125 0.017578125
1 0.43359375 0.44140625 0.0203125 0.01171875
1 0.4609375 0.439453125 0.0125 0.01171875
1 0.45234375 0.4384765625 0.0078125 0.009765625
1 0.48984375 0.44140625 0.0078125 0.0078125
1 0.49765625 0.4423828125 0.0109375 0.009765625
1 0.51015625 0.4462890625 0.0203125 0.021484375
1 0.525 0.4560546875 0.01875 0.025390625
1 0.54296875 0.4560546875 0.0296875 0.029296875
1 0.52421875 0.529296875 0.1171875 0.1328125
1 0.6828125 0.5400390625 0.109375 0.107421875
1 0.7765625 0.578125 0.203125 0.171875
1 0.92109375 0.732421875 0.1578125 0.30859375
8 0.68671875 0.390625 0.0296875 0.03125
8 0.6859375 0.41796875 0.034375 0.01953125
8 0.77578125 0.396484375 0.0140625 0.04296875
