6 0.1109375 0.345703125 0.01875 0.05859375
6 0.109375 0.4169921875 0.021875 0.025390625
6 0.7984375 0.1826171875 0.01875 0.060546875
8 0.88359375 0.421875 0.0203125 0.0234375
8 0.84296875 0.4521484375 0.0171875 0.029296875
8 0.47734375 0.478515625 0.0109375 0.01171875
8 0.69296875 0.47265625 0.0109375 0.01171875
8 0.66015625 0.4658203125 0.0234375 0.005859375
8 0.11953125 0.388671875 0.0484375 0.0234375
8 0.33125 0.408203125 0.015625 0.01953125
0 0.58125 0.4814453125 0.00625 0.013671875
0 0.07890625 0.5087890625 0.0390625 0.107421875
0 0.20703125 0.470703125 0.0171875 0.0390625
0 0.215625 0.484375 0.015625 0.05078125
0 0.22421875 0.4765625 0.0140625 0.0546875
0 0.23828125 0.4775390625 0.0140625 0.048828125
0 0.24921875 0.5146484375 0.0546875 0.119140625
0 0.26484375 0.5205078125 0.0265625 0.095703125
0 0.28828125 0.5126953125 0.0359375 0.099609375
1 0.54765625 0.51171875 0.0171875 0.01953125
