8 0.821875 0.4013671875 0.021875 0.025390625
8 0.7109375 0.4267578125 0.0125 0.013671875
8 0.73984375 0.404296875 0.0078125 0.0234375
3 0.64765625 0.4453125 0.0078125 0.01171875
1 0.3140625 0.5966796875 0.234375 0.193359375
1 0.56640625 0.4755859375 0.0359375 0.041015625
1 0.66640625 0.470703125 0.0359375 0.03515625
1 0.61328125 0.470703125 0.0328125 0.03515625
1 0.61796875 0.4560546875 0.0234375 0.025390625
1 0.61875 0.4365234375 0.015625 0.017578125
1 0.6578125 0.4521484375 0.021875 0.021484375
1 0.68984375 0.435546875 0.0234375 0.01953125
1 0.675 0.431640625 0.015625 0.01953125
1 0.76171875 0.525390625 0.1171875 0.11328125
1 0.6375 0.4189453125 0.0125 0.013671875
1 0.60703125 0.4140625 0.0109375 0.01171875
1 0.64375 0.412109375 0.009375 0.01171875
1 0.63046875 0.412109375 0.0078125 0.0078125
