2 0.7015625 0.5693359375 0.05 0.107421875
1 0.05234375 0.517578125 0.1015625 0.12109375
1 0.13046875 0.5009765625 0.1171875 0.099609375
1 0.21015625 0.4931640625 0.0765625 0.076171875
1 0.26171875 0.4814453125 0.0734375 0.076171875
1 0.309375 0.48046875 0.053125 0.0546875
1 0.41171875 0.4619140625 0.0359375 0.029296875
1 0.434375 0.46875 0.01875 0.02734375
1 0.45390625 0.46484375 0.0265625 0.0234375
1 0.48203125 0.458984375 0.0203125 0.01953125
1 0.5046875 0.458984375 0.015625 0.01171875
1 0.515625 0.45703125 0.00625 0.01171875
0 0.534375 0.458984375 0.003125 0.01171875
0 0.5484375 0.4599609375 0.003125 0.013671875
0 0.63046875 0.4580078125 0.0046875 0.013671875
6 0.5375 0.384765625 0.00625 0.0078125
6 0.540625 0.41796875 0.00625 0.0078125
6 0.46875 0.4189453125 0.003125 0.005859375
6 0.58671875 0.40625 0.0046875 0.01171875
6 0.5734375 0.42578125 0.00625 0.015625
