4 0.84140625 0.3984375 0.3171875 0.09375
4 0.5171875 0.44921875 0.065625 0.08203125
4 0.43203125 0.4462890625 0.0984375 0.025390625
0 0.63359375 0.4521484375 0.0109375 0.044921875
0 0.62890625 0.4541015625 0.0109375 0.044921875
0 0.6203125 0.453125 0.009375 0.04296875
0 0.61328125 0.455078125 0.0109375 0.0390625
0 0.60625 0.4541015625 0.009375 0.044921875
0 0.5953125 0.4560546875 0.0125 0.048828125
0 0.5890625 0.45703125 0.0125 0.046875
0 0.5765625 0.4580078125 0.0125 0.044921875
0 0.5703125 0.458984375 0.009375 0.04296875
0 0.559375 0.4619140625 0.009375 0.041015625
0 0.55234375 0.458984375 0.0109375 0.04296875
0 0.54765625 0.458984375 0.0078125 0.03515625
0 0.17109375 0.48828125 0.0140625 0.05078125
0 0.128125 0.490234375 0.015625 0.03125
2 0.44921875 0.482421875 0.0203125 0.0390625
1 0.95234375 0.4873046875 0.0953125 0.111328125
1 0.95 0.4404296875 0.1 0.083984375
1 0.91171875 0.447265625 0.1765625 0.12890625
1 0.8515625 0.4453125 0.14375 0.10546875
1 0.77578125 0.4443359375 0.1296875 0.083984375
1 0.6453125 0.4453125 0.01875 0.01953125
