6 0.21328125 0.3896484375 0.0109375 0.033203125
6 0.52734375 0.392578125 0.0109375 0.03125
6 0.2171875 0.421875 0.01875 0.01953125
0 0.1171875 0.4697265625 0.015625 0.048828125
0 0.20234375 0.4658203125 0.0109375 0.029296875
0 0.91875 0.4658203125 0.021875 0.130859375
0 0.8890625 0.4765625 0.034375 0.14453125
0 0.7828125 0.470703125 0.01875 0.08203125
0 0.79375 0.4658203125 0.015625 0.076171875
0 0.80390625 0.4775390625 0.0171875 0.080078125
0 0.81171875 0.4697265625 0.0171875 0.072265625
0 0.57890625 0.455078125 0.0171875 0.0390625
0 0.09375 0.478515625 0.0125 0.03515625
2 0.25 0.490234375 0.01875 0.0390625
2 0.21953125 0.4970703125 0.0234375 0.044921875
2 0.17734375 0.5087890625 0.0359375 0.060546875
2 0.13671875 0.5107421875 0.0328125 0.076171875
1 0.36171875 0.4755859375 0.0453125 0.056640625
1 0.3171875 0.4853515625 0.075 0.072265625
1 0.0703125 0.5966796875 0.140625 0.267578125
1 0.45234375 0.4814453125 0.1171875 0.138671875
