0 0.7234375 0.490234375 0.0125 0.0703125
0 0.68359375 0.4912109375 0.0171875 0.076171875
0 0.56171875 0.462890625 0.0078125 0.02734375
0 0.553125 0.4619140625 0.00625 0.021484375
2 0.49296875 0.4736328125 0.0109375 0.029296875
2 0.46796875 0.4765625 0.0109375 0.02734375
1 0.95703125 0.5498046875 0.0859375 0.130859375
1 0.93515625 0.521484375 0.1296875 0.10546875
1 0.87578125 0.5087890625 0.1234375 0.080078125
1 0.80859375 0.5087890625 0.0765625 0.080078125
1 0.7640625 0.4970703125 0.084375 0.083984375
1 0.92890625 0.4599609375 0.0890625 0.029296875
1 0.6890625 0.482421875 0.059375 0.0546875
1 0.6609375 0.4775390625 0.040625 0.037109375
1 0.65234375 0.46484375 0.0484375 0.03125
1 0.6234375 0.4619140625 0.025 0.025390625
1 0.60546875 0.4609375 0.0140625 0.0234375
1 0.58828125 0.4609375 0.0203125 0.0234375
1 0.53984375 0.46484375 0.0234375 0.0234375
1 0.52421875 0.455078125 0.0078125 0.0078125
1 0.5125 0.4521484375 0.0125 0.013671875
1 0.50078125 0.4521484375 0.0109375 0.013671875
1 0.478125 0.4599609375 0.0125 0.025390625
1 0.446875 0.4658203125 0.025 0.037109375
1 0.4234375 0.466796875 0.034375 0.046875
1 0.41015625 0.4755859375 0.0421875 0.044921875
1 0.38515625 0.48046875 0.0265625 0.0625
1 0.3484375 0.478515625 0.078125 0.08203125
1 0.27109375 0.494140625 0.0921875 0.1171875
1 0.19375 0.5146484375 0.15625 0.123046875
1 0.0515625 0.513671875 0.103125 0.2734375
