2 0.49375 0.48046875 0.015625 0.03125
2 0.5265625 0.4853515625 0.0125 0.029296875
1 0.8625 0.5712890625 0.275 0.224609375
1 0.71953125 0.521484375 0.1171875 0.109375
1 0.659375 0.498046875 0.071875 0.078125
1 0.1359375 0.517578125 0.228125 0.19921875
1 0.2765625 0.5107421875 0.08125 0.111328125
1 0.31328125 0.4951171875 0.0921875 0.103515625
1 0.3703125 0.486328125 0.04375 0.06640625
1 0.41328125 0.4658203125 0.0328125 0.033203125
1 0.415625 0.443359375 0.01875 0.01171875
1 0.5625 0.47265625 0.04375 0.046875
1 0.54453125 0.466796875 0.0234375 0.04296875
1 0.5140625 0.4638671875 0.015625 0.025390625
1 0.51015625 0.45703125 0.0203125 0.03125
1 0.48515625 0.4541015625 0.0171875 0.017578125
1 0.4734375 0.451171875 0.015625 0.015625
1 0.459375 0.4482421875 0.0125 0.013671875
