6 0.40390625 0.13671875 0.0203125 0.0625
6 0.64140625 0.3017578125 0.0140625 0.060546875
6 0.64296875 0.3779296875 0.0109375 0.025390625
6 0.15546875 0.3134765625 0.0171875 0.068359375
0 0.53359375 0.4716796875 0.0078125 0.037109375
0 0.01796875 0.486328125 0.0203125 0.0859375
2 0.5515625 0.4970703125 0.009375 0.033203125
2 0.61328125 0.478515625 0.0109375 0.03125
2 0.60234375 0.490234375 0.0140625 0.046875
2 0.58515625 0.4921875 0.0171875 0.046875
2 0.56875 0.490234375 0.015625 0.04296875
2 0.515625 0.4853515625 0.009375 0.029296875
2 0.053125 0.501953125 0.046875 0.046875
1 0.3234375 0.599609375 0.390625 0.27734375
