6 0.36796875 0.462890625 0.0140625 0.04296875
6 0.36953125 0.55859375 0.0078125 0.01953125
6 0.50390625 0.5009765625 0.0046875 0.013671875
6 0.6828125 0.435546875 0.009375 0.03515625
6 0.67734375 0.521484375 0.0046875 0.01953125
6 0.69765625 0.4951171875 0.0078125 0.017578125
6 0.62109375 0.49609375 0.0046875 0.015625
8 0.36875 0.5009765625 0.025 0.029296875
8 0.40390625 0.517578125 0.0171875 0.0078125
8 0.6171875 0.513671875 0.0125 0.01953125
8 0.759375 0.498046875 0.0125 0.02734375
0 0.1015625 0.564453125 0.034375 0.0546875
0 0.13828125 0.5595703125 0.0421875 0.056640625
0 0.4375 0.5419921875 0.00625 0.021484375
0 0.4296875 0.5419921875 0.00625 0.021484375
1 0.95703125 0.8779296875 0.0859375 0.244140625
1 0.84609375 0.6904296875 0.3078125 0.333984375
1 0.65078125 0.642578125 0.1484375 0.1484375
1 0.6140625 0.5947265625 0.09375 0.072265625
1 0.58359375 0.583984375 0.0671875 0.078125
1 0.546875 0.5751953125 0.034375 0.056640625
1 0.534375 0.564453125 0.0375 0.046875
1 0.51796875 0.556640625 0.0265625 0.04296875
1 0.49375 0.5546875 0.025 0.03125
1 0.4625 0.544921875 0.040625 0.0234375
1 0.47421875 0.58984375 0.0765625 0.0703125
1 0.40703125 0.7197265625 0.2765625 0.291015625
1 0.13359375 0.716796875 0.2671875 0.2578125
