4 0.44921875 0.4306640625 0.0140625 0.021484375
8 0.60703125 0.3759765625 0.0234375 0.013671875
8 0.60234375 0.39453125 0.0140625 0.01171875
1 0.70234375 0.4541015625 0.1515625 0.146484375
1 0.6171875 0.4560546875 0.0375 0.091796875
1 0.5890625 0.4609375 0.03125 0.05859375
1 0.56875 0.453125 0.028125 0.05078125
1 0.56171875 0.4482421875 0.0359375 0.044921875
1 0.5 0.44140625 0.015625 0.015625
1 0.4875 0.4345703125 0.0125 0.013671875
1 0.4734375 0.431640625 0.0125 0.01171875
1 0.4234375 0.435546875 0.015625 0.01953125
1 0.41015625 0.4423828125 0.0171875 0.017578125
1 0.35078125 0.443359375 0.0609375 0.046875
1 0.39140625 0.4443359375 0.0265625 0.033203125
1 0.33671875 0.45703125 0.0296875 0.04296875
1 0.3140625 0.4609375 0.05625 0.0546875
1 0.21015625 0.48046875 0.0984375 0.08203125
1 0.05 0.6103515625 0.1 0.271484375
1 0.140625 0.4599609375 0.075 0.052734375
