8 0.70078125 0.416015625 0.0171875 0.015625
0 0.18515625 0.486328125 0.0265625 0.08203125
0 0.21328125 0.4921875 0.0328125 0.09765625
0 0.8828125 0.5146484375 0.0375 0.123046875
0 0.46875 0.4453125 0.00625 0.015625
1 0.209375 0.435546875 0.0625 0.02734375
1 0.19375 0.4521484375 0.059375 0.025390625
1 0.34765625 0.4541015625 0.0328125 0.033203125
1 0.42890625 0.46484375 0.0453125 0.0546875
1 0.74453125 0.541015625 0.1359375 0.12890625
1 0.65390625 0.4970703125 0.0734375 0.068359375
1 0.628125 0.4873046875 0.05 0.060546875
1 0.6078125 0.48046875 0.028125 0.05078125
1 0.5953125 0.4755859375 0.01875 0.041015625
1 0.58515625 0.4677734375 0.0328125 0.037109375
1 0.65546875 0.4462890625 0.0203125 0.017578125
1 0.55625 0.4560546875 0.025 0.025390625
1 0.503125 0.44921875 0.021875 0.0234375
1 0.5421875 0.451171875 0.015625 0.01953125
1 0.53671875 0.4501953125 0.0109375 0.017578125
1 0.5296875 0.4453125 0.0125 0.015625
1 0.521875 0.443359375 0.00625 0.01171875
11 0.1953125 0.5703125 0.025 0.015625
