8 0.51171875 0.4404296875 0.0109375 0.013671875
8 0.5109375 0.4521484375 0.009375 0.005859375
8 0.446875 0.427734375 0.003125 0.0078125
1 0.95390625 0.5087890625 0.0921875 0.294921875
1 0.7703125 0.560546875 0.3125 0.23828125
1 0.6234375 0.494140625 0.08125 0.07421875
1 0.58203125 0.494140625 0.0265625 0.05078125
1 0.56484375 0.4931640625 0.0296875 0.041015625
1 0.5453125 0.484375 0.04375 0.046875
1 0.51875 0.482421875 0.01875 0.02734375
1 0.5125 0.4765625 0.025 0.03515625
1 0.5 0.4765625 0.015625 0.02734375
1 0.4453125 0.4814453125 0.065625 0.072265625
1 0.3859375 0.474609375 0.015625 0.03515625
1 0.378125 0.4833984375 0.0125 0.048828125
1 0.36484375 0.48046875 0.0234375 0.05859375
1 0.33203125 0.4794921875 0.0703125 0.080078125
1 0.3203125 0.4931640625 0.059375 0.072265625
1 0.26640625 0.490234375 0.0921875 0.13671875
1 0.1703125 0.5126953125 0.19375 0.197265625
1 0.08828125 0.580078125 0.1765625 0.28125
1 0.403125 0.462890625 0.021875 0.0234375
1 0.48828125 0.478515625 0.0109375 0.01953125
