8 0.69296875 0.4892578125 0.0265625 0.017578125
8 0.634375 0.478515625 0.021875 0.015625
8 0.70078125 0.3955078125 0.0484375 0.076171875
0 0.12109375 0.5048828125 0.0140625 0.044921875
0 0.16328125 0.5009765625 0.0109375 0.037109375
1 0.22734375 0.4814453125 0.0515625 0.033203125
1 0.3875 0.443359375 0.009375 0.01171875
1 0.39921875 0.4443359375 0.0078125 0.009765625
1 0.39765625 0.4638671875 0.0234375 0.025390625
1 0.490625 0.4404296875 0.0125 0.013671875
1 0.46953125 0.4521484375 0.0140625 0.017578125
1 0.50703125 0.443359375 0.0109375 0.01171875
1 0.51640625 0.4453125 0.0078125 0.01171875
1 0.528125 0.4453125 0.0125 0.015625
1 0.5328125 0.453125 0.015625 0.01953125
1 0.03125 0.5107421875 0.0375 0.037109375
