4 0.5078125 0.3935546875 0.03125 0.041015625
6 0.91015625 0.212890625 0.0484375 0.0703125
6 0.96015625 0.154296875 0.0515625 0.17578125
8 0.2078125 0.34375 0.015625 0.015625
0 0.553125 0.42578125 0.0125 0.06640625
0 0.47265625 0.42578125 0.0328125 0.0625
0 0.3921875 0.4248046875 0.028125 0.060546875
0 0.37265625 0.4130859375 0.0203125 0.052734375
0 0.35078125 0.4140625 0.0171875 0.05078125
0 0.33125 0.408203125 0.015625 0.046875
0 0.303125 0.427734375 0.015625 0.0546875
0 0.2515625 0.423828125 0.01875 0.0625
0 0.18125 0.482421875 0.05 0.19921875
0 0.12265625 0.4267578125 0.0296875 0.095703125
0 0.21328125 0.419921875 0.0203125 0.07421875
0 0.2296875 0.4208984375 0.01875 0.068359375
0 0.0515625 0.408203125 0.01875 0.0703125
0 0.03515625 0.412109375 0.0203125 0.078125
0 0.08828125 0.4150390625 0.0203125 0.060546875
0 0.025 0.474609375 0.05 0.18359375
0 0.4140625 0.41015625 0.00625 0.03125
0 0.425 0.41015625 0.009375 0.03125
1 0.75625 0.603515625 0.4875 0.6328125
1 0.53671875 0.4111328125 0.0140625 0.033203125
1 0.51171875 0.4169921875 0.0296875 0.037109375
1 0.47421875 0.4189453125 0.0546875 0.060546875
1 0.01953125 0.685546875 0.0390625 0.234375
