8 0.73828125 0.345703125 0.0234375 0.0390625
8 0.934375 0.2529296875 0.103125 0.083984375
0 0.00703125 0.4658203125 0.0140625 0.107421875
0 0.48984375 0.451171875 0.0078125 0.0234375
2 0.08359375 0.48828125 0.0296875 0.0546875
2 0.1390625 0.494140625 0.034375 0.05078125
2 0.1765625 0.4853515625 0.03125 0.052734375
2 0.21640625 0.4873046875 0.0328125 0.052734375
2 0.27265625 0.4765625 0.0328125 0.046875
2 0.415625 0.470703125 0.015625 0.03515625
2 0.44375 0.470703125 0.015625 0.03515625
2 0.80859375 0.5302734375 0.0515625 0.111328125
2 0.73671875 0.53125 0.0734375 0.11328125
1 0.3234375 0.4609375 0.06875 0.0703125
1 0.371875 0.46484375 0.034375 0.046875
1 0.396875 0.4580078125 0.03125 0.044921875
1 0.4296875 0.4580078125 0.015625 0.029296875
1 0.57734375 0.4677734375 0.0453125 0.044921875
