6 0.421875 0.3603515625 0.009375 0.025390625
6 0.43046875 0.38671875 0.0078125 0.01953125
8 0.7265625 0.359375 0.015625 0.03125
8 0.11953125 0.373046875 0.0203125 0.02734375
0 0.84609375 0.4521484375 0.0234375 0.072265625
0 0.53671875 0.4580078125 0.0078125 0.025390625
0 0.37109375 0.4541015625 0.0109375 0.037109375
0 0.3421875 0.4658203125 0.009375 0.033203125
0 0.2890625 0.4736328125 0.009375 0.041015625
0 0.2984375 0.46875 0.0125 0.04296875
0 0.26953125 0.4794921875 0.0171875 0.037109375
0 0.1140625 0.478515625 0.025 0.1015625
2 0.69453125 0.4892578125 0.0546875 0.060546875
2 0.24609375 0.4833984375 0.0234375 0.052734375
2 0.18046875 0.525390625 0.0421875 0.09765625
2 0.15703125 0.5029296875 0.0265625 0.056640625
2 0.1015625 0.4970703125 0.028125 0.068359375
2 0.01796875 0.4873046875 0.0359375 0.072265625
2 0.03203125 0.4873046875 0.0453125 0.064453125
2 0.04453125 0.4892578125 0.0453125 0.056640625
1 0.88671875 0.5107421875 0.2265625 0.166015625
1 0.6203125 0.501953125 0.128125 0.109375
1 0.55546875 0.4892578125 0.0609375 0.080078125
1 0.4421875 0.482421875 0.06875 0.0625
