4 0.84453125 0.416015625 0.3109375 0.140625
4 0.640625 0.42578125 0.078125 0.046875
4 0.475 0.443359375 0.246875 0.109375
0 0.65546875 0.4638671875 0.0296875 0.103515625
0 0.625 0.4638671875 0.021875 0.072265625
0 0.6046875 0.4619140625 0.01875 0.080078125
0 0.265625 0.4892578125 0.021875 0.064453125
0 0.2796875 0.48046875 0.021875 0.078125
0 0.17109375 0.4892578125 0.0140625 0.052734375
0 0.128125 0.490234375 0.015625 0.02734375
0 0.115625 0.4951171875 0.015625 0.052734375
1 0.95234375 0.48828125 0.0953125 0.109375
1 0.9109375 0.4462890625 0.178125 0.134765625
1 0.8515625 0.4443359375 0.14375 0.111328125
7 0.34140625 0.4775390625 0.0046875 0.017578125
