6 0.97578125 0.4365234375 0.0265625 0.072265625
6 0.96875 0.52734375 0.021875 0.02734375
6 0.4921875 0.5146484375 0.003125 0.009765625
6 0.471875 0.513671875 0.003125 0.0078125
8 0.0359375 0.4658203125 0.028125 0.033203125
8 0.0375 0.505859375 0.034375 0.0390625
8 0.03125 0.5361328125 0.03125 0.033203125
8 0.8234375 0.44921875 0.028125 0.0390625
8 0.8234375 0.4775390625 0.025 0.013671875
0 0.771875 0.583984375 0.0125 0.0390625
0 0.70625 0.60546875 0.015625 0.046875
0 0.71640625 0.5986328125 0.0140625 0.044921875
0 0.68203125 0.5947265625 0.0140625 0.048828125
3 0.5234375 0.6376953125 0.03125 0.072265625
3 0.4328125 0.619140625 0.01875 0.04296875
1 0.63359375 0.6201171875 0.0828125 0.072265625
1 0.309375 0.6142578125 0.075 0.060546875
1 0.4484375 0.572265625 0.01875 0.0234375
1 0.46328125 0.5869140625 0.0171875 0.017578125
1 0.48359375 0.5869140625 0.0203125 0.025390625
1 0.4734375 0.5703125 0.0125 0.015625
