4 0.43359375 0.4541015625 0.0984375 0.044921875
4 0.84453125 0.4091796875 0.3109375 0.126953125
4 0.5203125 0.447265625 0.06875 0.08203125
0 0.01796875 0.5107421875 0.0328125 0.091796875
0 0.359375 0.4619140625 0.00625 0.017578125
0 0.36796875 0.4638671875 0.0078125 0.025390625
0 0.375 0.4658203125 0.009375 0.025390625
0 0.38046875 0.4638671875 0.0078125 0.025390625
0 0.55234375 0.4609375 0.0140625 0.04296875
0 0.578125 0.4609375 0.0125 0.04296875
0 0.59375 0.47265625 0.01875 0.05859375
0 0.61484375 0.466796875 0.0203125 0.06640625
0 0.6296875 0.4521484375 0.015625 0.048828125
0 0.59921875 0.4404296875 0.0109375 0.025390625
0 0.653125 0.453125 0.009375 0.04296875
0 0.6625 0.451171875 0.015625 0.046875
0 0.6703125 0.4326171875 0.0125 0.021484375
0 0.71640625 0.484375 0.0484375 0.13671875
0 0.76015625 0.48046875 0.0453125 0.14453125
0 0.81875 0.494140625 0.0625 0.20703125
0 0.8765625 0.49609375 0.065625 0.18359375
1 0.2 0.52734375 0.19375 0.14453125
1 0.440625 0.46484375 0.04375 0.05078125
1 0.4734375 0.462890625 0.028125 0.02734375
1 0.953125 0.4853515625 0.09375 0.115234375
1 0.9359375 0.447265625 0.128125 0.140625
7 0.340625 0.4775390625 0.00625 0.021484375
