8 0.32734375 0.3984375 0.0234375 0.02734375
8 0.32578125 0.4150390625 0.0140625 0.005859375
0 0.31953125 0.466796875 0.0109375 0.05078125
0 0.084375 0.4580078125 0.015625 0.048828125
0 0.0625 0.45703125 0.015625 0.04296875
0 0.04921875 0.4619140625 0.0109375 0.037109375
0 0.62890625 0.4814453125 0.0265625 0.048828125
0 0.67421875 0.4521484375 0.0078125 0.025390625
0 0.6828125 0.4501953125 0.009375 0.029296875
2 0.10234375 0.46875 0.0140625 0.0234375
1 0.8578125 0.6142578125 0.284375 0.259765625
1 0.6890625 0.5615234375 0.2 0.158203125
1 0.56015625 0.5341796875 0.1453125 0.103515625
1 0.4671875 0.5107421875 0.125 0.087890625
1 0.39765625 0.49609375 0.0984375 0.07421875
1 0.24296875 0.4697265625 0.0859375 0.056640625
1 0.46015625 0.4541015625 0.0640625 0.025390625
1 0.66640625 0.4453125 0.0265625 0.0234375
1 0.7015625 0.4462890625 0.028125 0.025390625
1 0.8421875 0.4375 0.028125 0.0234375
1 0.86328125 0.4375 0.0203125 0.0234375
1 0.88359375 0.4365234375 0.0171875 0.025390625
1 0.909375 0.4423828125 0.028125 0.025390625
