6 0.09296875 0.064453125 0.0890625 0.12890625
6 0.15078125 0.0673828125 0.0390625 0.134765625
0 0.0203125 0.416015625 0.040625 0.17578125
0 0.43984375 0.4365234375 0.0109375 0.080078125
0 0.425 0.4267578125 0.021875 0.099609375
0 0.41328125 0.41015625 0.0203125 0.0546875
0 0.40234375 0.4052734375 0.0140625 0.044921875
0 0.38125 0.40234375 0.0125 0.0546875
0 0.36796875 0.39453125 0.0140625 0.04296875
0 0.353125 0.4169921875 0.025 0.095703125
0 0.31953125 0.39453125 0.0140625 0.05078125
0 0.3359375 0.4150390625 0.025 0.099609375
0 0.71328125 0.4423828125 0.0140625 0.052734375
0 0.7203125 0.435546875 0.009375 0.0390625
0 0.73515625 0.4423828125 0.0109375 0.044921875
0 0.7453125 0.443359375 0.009375 0.04296875
0 0.753125 0.4462890625 0.009375 0.052734375
0 0.771875 0.4462890625 0.025 0.064453125
0 0.78203125 0.443359375 0.0140625 0.06640625
0 0.7984375 0.451171875 0.015625 0.05859375
0 0.8625 0.4560546875 0.0125 0.056640625
0 0.87421875 0.4560546875 0.0140625 0.068359375
0 0.890625 0.45703125 0.015625 0.0625
0 0.9140625 0.4453125 0.0125 0.0546875
0 0.91953125 0.46484375 0.0265625 0.09375
0 0.93828125 0.4716796875 0.0234375 0.095703125
0 0.9453125 0.4697265625 0.025 0.099609375
0 0.95703125 0.4716796875 0.0171875 0.091796875
0 0.96796875 0.474609375 0.0234375 0.09375
0 0.9875 0.4765625 0.025 0.09375
0 0.21484375 0.40234375 0.0296875 0.109375
0 0.18359375 0.4072265625 0.0359375 0.146484375
0 0.28671875 0.46484375 0.0484375 0.21875
0 0.26875 0.4638671875 0.059375 0.232421875
0 0.2390625 0.421875 0.0375 0.1328125
0 0.13359375 0.359375 0.0484375 0.109375
0 0.14140625 0.490234375 0.0671875 0.3359375
2 0.8375 0.498046875 0.04375 0.078125
1 0.56953125 0.5009765625 0.2796875 0.337890625
