6 0.6640625 0.33984375 0.0125 0.046875
6 0.66171875 0.38671875 0.0171875 0.0234375
8 0.68671875 0.3681640625 0.0265625 0.025390625
8 0.1421875 0.3779296875 0.015625 0.025390625
0 0.66328125 0.490234375 0.0328125 0.10546875
0 0.678125 0.4892578125 0.028125 0.103515625
0 0.75703125 0.466796875 0.0234375 0.0703125
0 0.590625 0.443359375 0.0125 0.02734375
0 0.46875 0.470703125 0.040625 0.12890625
0 0.2796875 0.4580078125 0.009375 0.029296875
0 0.26328125 0.4599609375 0.0078125 0.029296875
0 0.25546875 0.466796875 0.0109375 0.04296875
0 0.24609375 0.4658203125 0.0078125 0.037109375
0 0.16640625 0.458984375 0.0140625 0.03515625
0 0.05625 0.587890625 0.1125 0.671875
0 0.08515625 0.6455078125 0.1703125 0.345703125
2 0.90703125 0.482421875 0.0328125 0.06640625
1 0.40625 0.4619140625 0.01875 0.021484375
1 0.43828125 0.4658203125 0.0421875 0.052734375
