4 0.5140625 0.435546875 0.05625 0.05859375
4 0.42578125 0.4462890625 0.0828125 0.021484375
4 0.8453125 0.419921875 0.3125 0.1484375
4 0.63515625 0.42578125 0.0890625 0.03125
0 0.0078125 0.5068359375 0.015625 0.080078125
0 0.0171875 0.5107421875 0.021875 0.080078125
0 0.03671875 0.51171875 0.0265625 0.07421875
0 0.12890625 0.5 0.0171875 0.046875
0 0.7578125 0.4814453125 0.046875 0.150390625
0 0.72421875 0.478515625 0.0421875 0.140625
0 0.7765625 0.474609375 0.03125 0.140625
0 0.66640625 0.4404296875 0.0109375 0.033203125
0 0.6796875 0.4306640625 0.015625 0.021484375
0 0.57734375 0.4599609375 0.0140625 0.044921875
0 0.55 0.4619140625 0.0125 0.041015625
0 0.559375 0.4580078125 0.009375 0.037109375
0 0.59375 0.45703125 0.015625 0.046875
0 0.584375 0.4580078125 0.0125 0.041015625
0 0.6296875 0.4521484375 0.015625 0.048828125
0 0.6140625 0.4677734375 0.021875 0.068359375
0 0.60859375 0.4501953125 0.0109375 0.041015625
1 0.646875 0.4462890625 0.01875 0.021484375
1 0.9515625 0.486328125 0.096875 0.11328125
1 0.9109375 0.4482421875 0.178125 0.134765625
1 0.85546875 0.443359375 0.1296875 0.1015625
1 0.4 0.462890625 0.03125 0.0234375
1 0.44140625 0.46484375 0.0328125 0.03125
1 0.49765625 0.51171875 0.1203125 0.1171875
0 0.11171875 0.5 0.0203125 0.05078125
