6 0.8609375 0.455078125 0.0125 0.046875
0 0.0046875 0.5712890625 0.009375 0.052734375
0 0.01875 0.5537109375 0.009375 0.037109375
0 0.02890625 0.5546875 0.0109375 0.0390625
0 0.03828125 0.5556640625 0.0078125 0.041015625
0 0.0703125 0.5830078125 0.021875 0.068359375
0 0.0734375 0.54296875 0.009375 0.01953125
0 0.12578125 0.55078125 0.0078125 0.0234375
0 0.2171875 0.541015625 0.00625 0.0234375
0 0.33125 0.5712890625 0.021875 0.068359375
0 0.3515625 0.568359375 0.01875 0.07421875
0 0.36484375 0.5634765625 0.0171875 0.072265625
0 0.6 0.5419921875 0.00625 0.021484375
0 0.61640625 0.5419921875 0.0078125 0.025390625
0 0.79375 0.5712890625 0.01875 0.068359375
0 0.8109375 0.556640625 0.01875 0.06640625
0 0.82890625 0.5517578125 0.0140625 0.064453125
0 0.8421875 0.55859375 0.0125 0.08203125
0 0.8546875 0.552734375 0.0125 0.07421875
0 0.9015625 0.5595703125 0.01875 0.072265625
0 0.93359375 0.5556640625 0.0296875 0.072265625
0 0.228125 0.541015625 0.009375 0.0234375
5 0.51875 0.5244140625 0.04375 0.044921875
1 0.10625 0.5810546875 0.059375 0.056640625
1 0.16015625 0.5732421875 0.0484375 0.044921875
1 0.2859375 0.5517578125 0.040625 0.044921875
1 0.38828125 0.548828125 0.0234375 0.01953125
1 0.45078125 0.5576171875 0.0484375 0.052734375
1 0.53046875 0.5498046875 0.0171875 0.037109375
1 0.50078125 0.5537109375 0.0515625 0.056640625
1 0.56171875 0.55078125 0.0265625 0.03515625
1 0.575 0.556640625 0.046875 0.0390625
1 0.6671875 0.541015625 0.059375 0.02734375
1 0.73984375 0.5498046875 0.0828125 0.037109375
1 0.60234375 0.662109375 0.4265625 0.21484375
