8 0.696875 0.2978515625 0.021875 0.033203125
0 0.9015625 0.458984375 0.03125 0.1328125
0 0.8828125 0.4560546875 0.046875 0.146484375
0 0.80625 0.4609375 0.0375 0.12109375
0 0.56328125 0.451171875 0.0109375 0.03125
0 0.5484375 0.4482421875 0.015625 0.029296875
2 0.7984375 0.490234375 0.053125 0.0859375
1 0.50390625 0.4697265625 0.0484375 0.048828125
1 0.49609375 0.453125 0.0390625 0.05078125
1 0.45703125 0.4609375 0.0171875 0.0234375
1 0.421875 0.4619140625 0.04375 0.044921875
1 0.35859375 0.466796875 0.0296875 0.01953125
1 0.33359375 0.46875 0.0140625 0.03125
1 0.32421875 0.4677734375 0.0140625 0.041015625
1 0.31171875 0.4658203125 0.0171875 0.048828125
1 0.28359375 0.4609375 0.0453125 0.05859375
1 0.27265625 0.4736328125 0.0546875 0.052734375
