0 0.4890625 0.4609375 0.00625 0.02734375
0 0.484375 0.462890625 0.009375 0.03515625
0 0.478125 0.4609375 0.00625 0.02734375
0 0.46796875 0.4638671875 0.0109375 0.033203125
1 0.8859375 0.7216796875 0.228125 0.423828125
1 0.925 0.4951171875 0.096875 0.068359375
1 0.63203125 0.5 0.0765625 0.08203125
1 0.7109375 0.47265625 0.090625 0.05859375
1 0.6015625 0.4765625 0.046875 0.0546875
1 0.58203125 0.4677734375 0.0265625 0.041015625
1 0.56796875 0.4658203125 0.0109375 0.025390625
1 0.51796875 0.4609375 0.0265625 0.02734375
1 0.46015625 0.4541015625 0.0140625 0.025390625
1 0.44140625 0.4599609375 0.0328125 0.041015625
1 0.43828125 0.466796875 0.0234375 0.03125
1 0.41953125 0.4716796875 0.0234375 0.048828125
1 0.38515625 0.47265625 0.0609375 0.05859375
1 0.34296875 0.4921875 0.0390625 0.06640625
1 0.2796875 0.4931640625 0.1125 0.095703125
1 0.165625 0.517578125 0.115625 0.1484375
1 0.06484375 0.537109375 0.1296875 0.234375
1 0.21953125 0.47265625 0.0515625 0.05859375
11 0.5546875 0.5068359375 0.009375 0.005859375
11 0.53984375 0.5 0.0078125 0.00390625
