0 0.51328125 0.4794921875 0.0203125 0.060546875
1 0.01953125 0.5625 0.0390625 0.1796875
1 0.415625 0.5556640625 0.153125 0.126953125
1 0.31484375 0.5048828125 0.1265625 0.083984375
1 0.38359375 0.4775390625 0.1015625 0.037109375
1 0.89375 0.541015625 0.121875 0.11328125
1 0.853125 0.51171875 0.084375 0.08984375
1 0.81015625 0.484375 0.0296875 0.0859375
1 0.78984375 0.48046875 0.0203125 0.0546875
1 0.77890625 0.4697265625 0.0171875 0.033203125
1 0.7703125 0.466796875 0.0125 0.02734375
1 0.76171875 0.4619140625 0.0171875 0.025390625
1 0.75 0.455078125 0.015625 0.01953125
1 0.7390625 0.4462890625 0.015625 0.021484375
1 0.55703125 0.5 0.0734375 0.06640625
1 0.4734375 0.4736328125 0.05625 0.052734375
1 0.5140625 0.4658203125 0.05 0.037109375
1 0.553125 0.4580078125 0.028125 0.021484375
1 0.59921875 0.45703125 0.0421875 0.0234375
1 0.60234375 0.44140625 0.0234375 0.0078125
1 0.6234375 0.4365234375 0.0625 0.044921875
1 0.675 0.443359375 0.01875 0.01953125
1 0.7203125 0.439453125 0.015625 0.01171875
1 0.50078125 0.453125 0.0515625 0.02734375
1 0.68828125 0.4375 0.0078125 0.01171875
