8 0.38828125 0.42578125 0.0046875 0.015625
8 0.38203125 0.421875 0.0078125 0.01953125
8 0.53359375 0.4287109375 0.0078125 0.021484375
8 0.54453125 0.421875 0.0078125 0.01953125
8 0.68671875 0.400390625 0.0109375 0.0234375
2 0.27265625 0.49609375 0.0296875 0.0546875
1 0.4640625 0.453125 0.009375 0.01171875
1 0.45 0.455078125 0.009375 0.01171875
1 0.47734375 0.4521484375 0.0078125 0.009765625
1 0.51328125 0.4599609375 0.0140625 0.017578125
1 0.50859375 0.45703125 0.0140625 0.015625
1 0.490625 0.47265625 0.03125 0.03515625
1 0.52265625 0.470703125 0.0140625 0.02734375
1 0.53125 0.4697265625 0.01875 0.041015625
1 0.5578125 0.4697265625 0.05 0.060546875
1 0.42578125 0.4658203125 0.0390625 0.044921875
1 0.37421875 0.47265625 0.0203125 0.0390625
1 0.35078125 0.474609375 0.0453125 0.04296875
1 0.59375 0.4814453125 0.059375 0.068359375
1 0.609375 0.4912109375 0.065625 0.064453125
1 0.81640625 0.4873046875 0.3203125 0.298828125
