6 0.3390625 0.3955078125 0.009375 0.037109375
6 0.43125 0.3359375 0.0125 0.03125
6 0.44140625 0.3681640625 0.0078125 0.021484375
6 0.52734375 0.3984375 0.0109375 0.03125
8 0.77109375 0.4052734375 0.0109375 0.021484375
0 0.221875 0.453125 0.0125 0.03515625
0 0.55 0.4736328125 0.025 0.095703125
0 0.59609375 0.466796875 0.0140625 0.046875
0 0.6109375 0.46484375 0.0125 0.046875
0 0.92265625 0.46875 0.0421875 0.140625
2 0.028125 0.5361328125 0.05625 0.123046875
2 0.1375 0.4970703125 0.03125 0.056640625
2 0.178125 0.5048828125 0.021875 0.072265625
2 0.32734375 0.4697265625 0.0140625 0.033203125
2 0.265625 0.4892578125 0.028125 0.052734375
2 0.2 0.490234375 0.028125 0.06640625
2 0.2234375 0.4931640625 0.025 0.056640625
2 0.49765625 0.5029296875 0.0265625 0.060546875
2 0.553125 0.4970703125 0.028125 0.076171875
2 0.58203125 0.4775390625 0.0203125 0.044921875
2 0.66171875 0.4931640625 0.0234375 0.068359375
2 0.68671875 0.494140625 0.0203125 0.0703125
2 0.73984375 0.515625 0.0453125 0.09765625
2 0.77734375 0.509765625 0.0453125 0.125
2 0.9484375 0.623046875 0.103125 0.2109375
2 0.878125 0.5009765625 0.034375 0.091796875
1 0.4578125 0.470703125 0.059375 0.02734375
1 0.41875 0.4658203125 0.0125 0.013671875
1 0.40703125 0.466796875 0.0109375 0.01171875
