8 0.63515625 0.4150390625 0.0078125 0.009765625
8 0.828125 0.4853515625 0.025 0.013671875
8 0.82890625 0.4990234375 0.0171875 0.013671875
8 0.06796875 0.423828125 0.0078125 0.01171875
8 0.05625 0.4140625 0.00625 0.01171875
0 0.82734375 0.44921875 0.0265625 0.0625
0 0.80234375 0.455078125 0.0234375 0.08203125
0 0.54453125 0.4345703125 0.0140625 0.056640625
0 0.51953125 0.4326171875 0.0171875 0.060546875
0 0.36640625 0.4482421875 0.0203125 0.083984375
0 0.27734375 0.416015625 0.0046875 0.0234375
0 0.2640625 0.4140625 0.0125 0.0234375
0 0.221875 0.453125 0.0125 0.0546875
