6 0.96796875 0.419921875 0.0203125 0.05859375
6 0.65859375 0.3876953125 0.0171875 0.060546875
6 0.6546875 0.525390625 0.009375 0.0390625
6 0.165625 0.3984375 0.01875 0.0546875
6 0.98203125 0.5556640625 0.0109375 0.037109375
6 0.72109375 0.466796875 0.0078125 0.0234375
6 0.428125 0.46484375 0.00625 0.01953125
6 0.334375 0.462890625 0.00625 0.01953125
8 0.9796875 0.470703125 0.034375 0.0390625
8 0.6546875 0.4462890625 0.034375 0.041015625
8 0.171875 0.46484375 0.028125 0.04296875
0 0.95 0.59765625 0.028125 0.09375
0 0.91640625 0.591796875 0.0265625 0.10546875
0 0.18828125 0.5458984375 0.0203125 0.099609375
0 0.68671875 0.525390625 0.0078125 0.02734375
0 0.646875 0.525390625 0.00625 0.0234375
0 0.62890625 0.525390625 0.0109375 0.0234375
0 0.61875 0.5244140625 0.009375 0.025390625
5 0.4890625 0.494140625 0.128125 0.14453125
3 0.0453125 0.533203125 0.03125 0.05859375
3 0.203125 0.5517578125 0.09375 0.080078125
1 0.60390625 0.6103515625 0.1328125 0.146484375
1 0.4484375 0.740234375 0.365625 0.3515625
1 0.38203125 0.576171875 0.1765625 0.1484375
1 0.5609375 0.5302734375 0.0375 0.033203125
1 0.29140625 0.5048828125 0.0515625 0.068359375
1 0.259375 0.5009765625 0.021875 0.056640625
1 0.23046875 0.5048828125 0.0390625 0.037109375
