4 0.8453125 0.3798828125 0.309375 0.068359375
4 0.51484375 0.4482421875 0.0609375 0.083984375
4 0.434375 0.4462890625 0.1 0.029296875
0 0.115625 0.4931640625 0.015625 0.056640625
0 0.1296875 0.4912109375 0.0125 0.029296875
0 0.16953125 0.482421875 0.0109375 0.0390625
0 0.36484375 0.46484375 0.0078125 0.0234375
0 0.37578125 0.46484375 0.0078125 0.0234375
0 0.3828125 0.462890625 0.00625 0.0234375
0 0.5578125 0.4609375 0.009375 0.04296875
0 0.54921875 0.4599609375 0.0078125 0.041015625
0 0.5703125 0.44921875 0.00625 0.02734375
0 0.578125 0.4580078125 0.009375 0.041015625
0 0.59609375 0.4482421875 0.0078125 0.029296875
0 0.58671875 0.46484375 0.0171875 0.05859375
0 0.60625 0.4619140625 0.015625 0.060546875
0 0.609375 0.435546875 0.00625 0.015625
0 0.6171875 0.4580078125 0.0125 0.056640625
0 0.63046875 0.451171875 0.0140625 0.046875
0 0.6703125 0.431640625 0.0125 0.0234375
0 0.65625 0.4755859375 0.0375 0.103515625
0 0.70546875 0.4677734375 0.0234375 0.103515625
0 0.73046875 0.478515625 0.0421875 0.15234375
0 0.76875 0.4833984375 0.034375 0.130859375
1 0.64375 0.4443359375 0.0125 0.013671875
1 0.4484375 0.4609375 0.028125 0.03515625
1 0.47421875 0.4619140625 0.0265625 0.025390625
1 0.41796875 0.474609375 0.0515625 0.05078125
1 0.8515625 0.4453125 0.140625 0.10546875
1 0.9109375 0.4453125 0.178125 0.1328125
1 0.9515625 0.48828125 0.096875 0.109375
7 0.34140625 0.4775390625 0.0046875 0.021484375
