4 0.4359375 0.4541015625 0.10625 0.044921875
4 0.8421875 0.416015625 0.315625 0.140625
4 0.5203125 0.4482421875 0.06875 0.083984375
0 0.165625 0.482421875 0.0125 0.03515625
0 0.553125 0.4599609375 0.015625 0.041015625
0 0.59609375 0.47265625 0.0203125 0.05859375
0 0.61875 0.466796875 0.025 0.0703125
0 0.628125 0.4521484375 0.015625 0.044921875
0 0.58125 0.45703125 0.015625 0.05078125
0 0.64765625 0.453125 0.0109375 0.04296875
0 0.65859375 0.4501953125 0.0109375 0.044921875
0 0.66953125 0.439453125 0.0140625 0.0390625
0 0.7203125 0.4873046875 0.04375 0.142578125
0 0.76328125 0.482421875 0.0453125 0.1484375
0 0.8375 0.4951171875 0.0625 0.220703125
0 0.88828125 0.4951171875 0.0515625 0.197265625
1 0.10703125 0.5576171875 0.2140625 0.197265625
1 0.44140625 0.466796875 0.0484375 0.05078125
1 0.95625 0.4853515625 0.0875 0.111328125
1 0.92734375 0.4384765625 0.1453125 0.123046875
1 0.821875 0.451171875 0.0875 0.09375
7 0.340625 0.4775390625 0.00625 0.021484375
