4 0.64296875 0.4716796875 0.0171875 0.029296875
0 0.78984375 0.482421875 0.0140625 0.05078125
3 0.6140625 0.53125 0.03125 0.0703125
1 0.3125 0.572265625 0.15 0.13671875
1 0.44375 0.5390625 0.08125 0.0703125
1 0.46640625 0.521484375 0.0640625 0.0625
1 0.50234375 0.517578125 0.0265625 0.05078125
1 0.515625 0.515625 0.028125 0.046875
1 0.53203125 0.509765625 0.0234375 0.0390625
1 0.62578125 0.4794921875 0.0171875 0.017578125
1 0.68671875 0.49609375 0.0421875 0.046875
1 0.7359375 0.5263671875 0.09375 0.103515625
1 0.6953125 0.513671875 0.028125 0.06640625
1 0.54765625 0.501953125 0.0203125 0.03515625
