6 0.25078125 0.2392578125 0.0265625 0.091796875
6 0.89921875 0.2998046875 0.0140625 0.068359375
6 0.92109375 0.2939453125 0.0203125 0.072265625
6 0.56484375 0.37109375 0.0046875 0.015625
8 0.41328125 0.3515625 0.0078125 0.01171875
8 0.425 0.330078125 0.009375 0.01171875
8 0.425 0.341796875 0.009375 0.01171875
8 0.4140625 0.3388671875 0.009375 0.009765625
8 0.40390625 0.330078125 0.0203125 0.0078125
8 0.60546875 0.345703125 0.0109375 0.015625
8 0.60546875 0.36328125 0.0109375 0.01953125
8 0.58125 0.35546875 0.009375 0.01953125
0 0.40625 0.3955078125 0.009375 0.033203125
0 0.42109375 0.4013671875 0.0078125 0.025390625
2 0.38828125 0.431640625 0.0234375 0.0703125
5 0.5203125 0.376953125 0.0625 0.1171875
1 0.18515625 0.4921875 0.3703125 0.47265625
1 0.48671875 0.41015625 0.0796875 0.09765625
1 0.615625 0.4052734375 0.059375 0.064453125
1 0.58125 0.4033203125 0.0125 0.025390625
1 0.56953125 0.4052734375 0.0109375 0.017578125
1 0.45234375 0.39453125 0.0109375 0.0234375
