4 0.1328125 0.52734375 0.265625 0.13671875
6 0.55546875 0.4462890625 0.0046875 0.009765625
6 0.52265625 0.4365234375 0.0046875 0.009765625
6 0.67421875 0.4306640625 0.0046875 0.013671875
0 0.45859375 0.509765625 0.0171875 0.046875
3 0.44453125 0.5283203125 0.0359375 0.064453125
3 0.55625 0.53515625 0.034375 0.0625
3 0.58671875 0.521484375 0.0265625 0.04296875
1 0.09296875 0.794921875 0.1859375 0.359375
1 0.109375 0.6123046875 0.215625 0.158203125
1 0.31015625 0.5419921875 0.0859375 0.072265625
1 0.37265625 0.5361328125 0.1015625 0.111328125
1 0.43515625 0.521484375 0.0234375 0.04296875
1 0.453125 0.5029296875 0.034375 0.029296875
1 0.484375 0.501953125 0.025 0.01953125
1 0.496875 0.4970703125 0.0125 0.013671875
1 0.66640625 0.595703125 0.1796875 0.1953125
1 0.52421875 0.5205078125 0.0390625 0.056640625
1 0.534375 0.490234375 0.034375 0.02734375
1 0.5671875 0.490234375 0.025 0.0234375
1 0.63203125 0.4970703125 0.0546875 0.041015625
1 0.67109375 0.4873046875 0.0234375 0.025390625
1 0.68671875 0.490234375 0.0234375 0.015625
1 0.75546875 0.4912109375 0.1015625 0.138671875
1 0.5921875 0.4873046875 0.021875 0.021484375
