2 0.06171875 0.5244140625 0.0703125 0.126953125
2 0.1359375 0.5 0.0375 0.07421875
2 0.1796875 0.486328125 0.0375 0.06640625
2 0.23203125 0.4873046875 0.0203125 0.044921875
2 0.2765625 0.484375 0.01875 0.03515625
1 0.3046875 0.4560546875 0.034375 0.021484375
1 0.35703125 0.45703125 0.0171875 0.01953125
1 0.42578125 0.4609375 0.0140625 0.015625
1 0.5421875 0.4580078125 0.06875 0.029296875
1 0.68828125 0.46875 0.1046875 0.0703125
1 0.76171875 0.4970703125 0.1609375 0.091796875
1 0.0140625 0.462890625 0.028125 0.06640625
