0 0.8390625 0.4951171875 0.0375 0.087890625
0 0.62734375 0.4609375 0.0109375 0.03515625
0 0.575 0.4580078125 0.00625 0.021484375
0 0.56640625 0.451171875 0.0046875 0.01171875
0 0.5609375 0.4462890625 0.003125 0.005859375
0 0.521875 0.455078125 0.00625 0.0234375
0 0.5140625 0.455078125 0.00625 0.0234375
0 0.2109375 0.416015625 0.0125 0.03125
0 0.53359375 0.4541015625 0.0046875 0.017578125
1 0.659375 0.451171875 0.05 0.01953125
1 0.72578125 0.4521484375 0.0734375 0.029296875
1 0.53984375 0.44921875 0.0109375 0.01171875
1 0.52890625 0.44921875 0.0078125 0.01171875
1 0.5078125 0.4521484375 0.0125 0.017578125
1 0.496875 0.458984375 0.0125 0.01953125
1 0.4859375 0.458984375 0.01875 0.02734375
1 0.46875 0.462890625 0.028125 0.03125
1 0.44453125 0.46484375 0.0328125 0.046875
1 0.41640625 0.4677734375 0.0390625 0.056640625
1 0.40546875 0.4755859375 0.0359375 0.052734375
1 0.3625 0.4755859375 0.075 0.080078125
1 0.26171875 0.4443359375 0.0734375 0.021484375
1 0.33046875 0.490234375 0.0515625 0.078125
1 0.2796875 0.4990234375 0.090625 0.095703125
1 0.13359375 0.4453125 0.0796875 0.02734375
1 0.1828125 0.5146484375 0.165625 0.123046875
1 0.0234375 0.576171875 0.046875 0.15625
1 0.5546875 0.4609375 0.025 0.02734375
1 0.65859375 0.50390625 0.0828125 0.09375
1 0.75546875 0.556640625 0.2078125 0.18359375
1 0.89609375 0.5009765625 0.0859375 0.103515625
1 0.96015625 0.52734375 0.0796875 0.140625
