6 0.8015625 0.3779296875 0.0125 0.029296875
6 0.56640625 0.3955078125 0.0078125 0.029296875
6 0.19453125 0.40234375 0.0140625 0.03515625
8 0.95078125 0.306640625 0.0328125 0.05859375
8 0.5609375 0.4287109375 0.015625 0.029296875
8 0.3 0.431640625 0.0125 0.01953125
8 0.0703125 0.40234375 0.0125 0.02734375
0 0.68984375 0.474609375 0.0203125 0.08203125
0 0.70625 0.478515625 0.015625 0.0703125
0 0.715625 0.478515625 0.015625 0.07421875
0 0.72421875 0.474609375 0.0171875 0.07421875
0 0.78203125 0.4794921875 0.0171875 0.068359375
0 0.81875 0.4814453125 0.025 0.076171875
0 0.85859375 0.453125 0.0265625 0.046875
0 0.8703125 0.451171875 0.015625 0.046875
0 0.08203125 0.4814453125 0.0171875 0.064453125
0 0.0609375 0.4794921875 0.01875 0.072265625
0 0.07109375 0.4794921875 0.0140625 0.064453125
0 0.01015625 0.4892578125 0.0203125 0.103515625
0 0.0265625 0.4921875 0.025 0.10546875
0 0.0421875 0.49609375 0.025 0.09375
3 0.12578125 0.556640625 0.0734375 0.1328125
1 0.428125 0.5078125 0.221875 0.25
1 0.30625 0.4931640625 0.05 0.068359375
