6 0.4375 0.2041015625 0.0125 0.052734375
6 0.23984375 0.33984375 0.0140625 0.046875
6 0.62734375 0.3330078125 0.0140625 0.052734375
0 0.984375 0.5078125 0.03125 0.16015625
0 0.94453125 0.4833984375 0.0296875 0.103515625
0 0.9203125 0.482421875 0.028125 0.109375
0 0.0375 0.484375 0.025 0.08203125
0 0.0671875 0.48046875 0.025 0.0859375
0 0.10625 0.48046875 0.021875 0.08203125
0 0.13359375 0.4775390625 0.0234375 0.080078125
0 0.15078125 0.4814453125 0.0171875 0.068359375
2 0.19375 0.5400390625 0.0375 0.091796875
2 0.09140625 0.4990234375 0.0296875 0.052734375
2 0.1375 0.4931640625 0.053125 0.041015625
1 0.53984375 0.56640625 0.2859375 0.234375
1 0.39453125 0.4716796875 0.0140625 0.021484375
1 0.38203125 0.470703125 0.0203125 0.01953125
1 0.40625 0.46875 0.015625 0.01953125
1 0.45078125 0.4599609375 0.0328125 0.029296875
