4 0.81875 0.427734375 0.2625 0.109375
4 0.51953125 0.435546875 0.0671875 0.0546875
4 0.63515625 0.427734375 0.0921875 0.03515625
4 0.43359375 0.4541015625 0.0984375 0.037109375
0 0.66484375 0.4697265625 0.0296875 0.103515625
0 0.6359375 0.4580078125 0.01875 0.060546875
0 0.61640625 0.4677734375 0.0140625 0.048828125
0 0.621875 0.451171875 0.009375 0.03515625
0 0.609375 0.44921875 0.009375 0.03125
0 0.6 0.4501953125 0.009375 0.033203125
0 0.59453125 0.46875 0.0171875 0.0546875
0 0.5765625 0.458984375 0.009375 0.02734375
0 0.5703125 0.4521484375 0.00625 0.029296875
0 0.5578125 0.4609375 0.009375 0.04296875
0 0.54921875 0.45703125 0.0078125 0.03125
0 0.384375 0.46484375 0.003125 0.01953125
0 0.37578125 0.4658203125 0.0046875 0.021484375
0 0.3703125 0.4658203125 0.00625 0.021484375
0 0.3625 0.4658203125 0.00625 0.021484375
0 0.29375 0.470703125 0.00625 0.0234375
0 0.2875 0.470703125 0.00625 0.02734375
0 0.128125 0.490234375 0.015625 0.02734375
0 0.58046875 0.4453125 0.0046875 0.015625
1 0.95234375 0.486328125 0.0953125 0.109375
1 0.9109375 0.451171875 0.178125 0.1328125
1 0.84921875 0.447265625 0.1421875 0.1015625
1 0.5046875 0.51171875 0.125 0.11328125
1 0.4546875 0.4638671875 0.03125 0.021484375
7 0.33984375 0.478515625 0.0078125 0.0234375
0 0.1109375 0.4951171875 0.015625 0.044921875
