6 0.23125 0.0830078125 0.053125 0.166015625
6 0.66875 0.326171875 0.015625 0.05859375
6 0.9828125 0.2509765625 0.025 0.119140625
6 0.653125 0.4189453125 0.0125 0.041015625
8 0.16640625 0.0185546875 0.0796875 0.037109375
0 0.15390625 0.4365234375 0.0359375 0.173828125
0 0.86484375 0.4580078125 0.0171875 0.064453125
0 0.7 0.431640625 0.00625 0.03125
0 0.6890625 0.4306640625 0.009375 0.033203125
0 0.67265625 0.4296875 0.0109375 0.03125
0 0.459375 0.408203125 0.0125 0.0390625
0 0.4671875 0.4130859375 0.00625 0.029296875
0 0.6265625 0.419921875 0.00625 0.01953125
5 0.51953125 0.4091796875 0.0109375 0.017578125
1 0.7703125 0.4501953125 0.096875 0.095703125
1 0.5625 0.4169921875 0.015625 0.013671875
1 0.54609375 0.4130859375 0.0109375 0.013671875
1 0.534375 0.412109375 0.015625 0.015625
