4 0.84375 0.3984375 0.3125 0.078125
4 0.51796875 0.43359375 0.0609375 0.05078125
4 0.43359375 0.453125 0.0984375 0.0390625
4 0.6359375 0.4306640625 0.090625 0.041015625
0 0.965625 0.505859375 0.06875 0.26953125
0 0.63828125 0.466796875 0.0265625 0.08984375
0 0.60625 0.462890625 0.015625 0.05078125
0 0.61796875 0.4521484375 0.0109375 0.041015625
0 0.665625 0.4404296875 0.009375 0.037109375
0 0.67734375 0.4296875 0.0109375 0.0234375
0 0.5875 0.46484375 0.015625 0.0546875
0 0.56875 0.453125 0.00625 0.03125
0 0.57421875 0.4541015625 0.0078125 0.033203125
0 0.59609375 0.453125 0.0078125 0.03125
0 0.55703125 0.458984375 0.0109375 0.0390625
0 0.54765625 0.455078125 0.0078125 0.02734375
0 0.128125 0.4912109375 0.015625 0.029296875
1 0.91015625 0.44921875 0.1796875 0.1328125
1 0.85234375 0.447265625 0.1421875 0.10546875
1 0.77265625 0.4462890625 0.1203125 0.087890625
1 0.503125 0.51171875 0.121875 0.11328125
1 0.2453125 0.4765625 0.059375 0.02734375
0 0.1109375 0.4990234375 0.021875 0.044921875
1 0.45390625 0.46484375 0.0296875 0.01953125
