6 0.4484375 0.44921875 0.009375 0.03125
6 0.36015625 0.4931640625 0.0109375 0.013671875
6 0.37265625 0.4931640625 0.0109375 0.013671875
6 0.90546875 0.4873046875 0.0171875 0.017578125
8 0.365625 0.4169921875 0.015625 0.021484375
8 0.365625 0.435546875 0.015625 0.015625
8 0.78359375 0.451171875 0.0234375 0.02734375
8 0.3640625 0.470703125 0.015625 0.01953125
0 0.340625 0.556640625 0.0375 0.08203125
0 0.7421875 0.5400390625 0.025 0.052734375
0 0.4796875 0.5400390625 0.009375 0.025390625
0 0.76953125 0.5341796875 0.0109375 0.029296875
3 0.659375 0.5439453125 0.009375 0.017578125
1 0.14140625 0.662109375 0.2828125 0.39453125
1 0.4125 0.5478515625 0.05625 0.052734375
1 0.35234375 0.55078125 0.0796875 0.05859375
1 0.57578125 0.6982421875 0.2953125 0.298828125
1 0.55 0.5390625 0.09375 0.04296875
1 0.61953125 0.544921875 0.0515625 0.03515625
1 0.4578125 0.53125 0.034375 0.03125
1 0.4921875 0.533203125 0.025 0.03515625
1 0.309375 0.5595703125 0.03125 0.056640625
1 0.2765625 0.5615234375 0.040625 0.060546875
