6 0.3578125 0.1923828125 0.0125 0.048828125
6 0.58984375 0.3056640625 0.0078125 0.033203125
6 0.44765625 0.37109375 0.0046875 0.01171875
0 0.69921875 0.421875 0.0234375 0.07421875
2 0.6984375 0.48828125 0.090625 0.08203125
2 0.678125 0.482421875 0.078125 0.0625
2 0.64296875 0.4736328125 0.0359375 0.052734375
2 0.62421875 0.4716796875 0.0203125 0.048828125
2 0.759375 0.4765625 0.046875 0.05859375
1 0.07421875 0.5263671875 0.1484375 0.306640625
1 0.33125 0.4560546875 0.09375 0.091796875
1 0.41484375 0.4365234375 0.0421875 0.037109375
1 0.47265625 0.423828125 0.0234375 0.02734375
1 0.12578125 0.458984375 0.0703125 0.05859375
1 0.16015625 0.451171875 0.0453125 0.05859375
1 0.1953125 0.44921875 0.04375 0.046875
1 0.22109375 0.4453125 0.0390625 0.04296875
0 0.91171875 0.4326171875 0.0296875 0.080078125
