0 0.553125 0.46484375 0.009375 0.04296875
0 0.54921875 0.4638671875 0.0078125 0.044921875
0 0.53125 0.4521484375 0.003125 0.013671875
0 0.52890625 0.4521484375 0.0046875 0.017578125
0 0.52421875 0.4521484375 0.0046875 0.013671875
0 0.49921875 0.451171875 0.0046875 0.015625
0 0.29296875 0.4921875 0.0359375 0.140625
1 0.9515625 0.751953125 0.096875 0.3046875
1 0.8625 0.6259765625 0.275 0.275390625
1 0.73671875 0.55078125 0.1703125 0.15625
1 0.66796875 0.525390625 0.0828125 0.109375
1 0.65 0.5068359375 0.08125 0.095703125
1 0.63515625 0.498046875 0.0765625 0.0859375
1 0.628125 0.474609375 0.0875 0.078125
1 0.58828125 0.4794921875 0.0265625 0.048828125
1 0.578125 0.4755859375 0.028125 0.044921875
1 0.71953125 0.458984375 0.0671875 0.03125
1 0.5703125 0.4658203125 0.025 0.037109375
1 0.56171875 0.458984375 0.0109375 0.01953125
1 0.540625 0.455078125 0.009375 0.01171875
1 0.5171875 0.4501953125 0.009375 0.009765625
1 0.50625 0.44921875 0.009375 0.01171875
1 0.49140625 0.453125 0.0109375 0.015625
1 0.48125 0.453125 0.009375 0.015625
1 0.47109375 0.455078125 0.0203125 0.01953125
1 0.45625 0.462890625 0.0125 0.02734375
1 0.44140625 0.462890625 0.0265625 0.0390625
1 0.41484375 0.4638671875 0.0359375 0.048828125
1 0.40625 0.47265625 0.028125 0.046875
1 0.3890625 0.4716796875 0.034375 0.056640625
1 0.3640625 0.474609375 0.053125 0.07421875
1 0.3125 0.4853515625 0.08125 0.087890625
1 0.20078125 0.5078125 0.1421875 0.140625
1 0.08984375 0.5458984375 0.1796875 0.181640625
