6 0.16328125 0.2587890625 0.0265625 0.083984375
6 0.15390625 0.3466796875 0.0265625 0.033203125
6 0.90625 0.27734375 0.028125 0.0859375
6 0.91328125 0.3671875 0.0265625 0.03125
8 0.3078125 0.349609375 0.0125 0.01953125
8 0.76015625 0.365234375 0.0265625 0.0234375
8 0.93203125 0.3408203125 0.0734375 0.021484375
0 0.8734375 0.513671875 0.046875 0.1328125
2 0.2734375 0.529296875 0.15625 0.125
1 0.33828125 0.4580078125 0.0734375 0.083984375
1 0.37578125 0.453125 0.0296875 0.06640625
1 0.4125 0.4287109375 0.0375 0.033203125
1 0.45625 0.431640625 0.025 0.01953125
1 0.60234375 0.447265625 0.0546875 0.046875
1 0.56875 0.4384765625 0.028125 0.033203125
1 0.56015625 0.4248046875 0.0421875 0.048828125
1 0.53671875 0.427734375 0.0203125 0.03125
1 0.51875 0.4287109375 0.015625 0.021484375
1 0.4734375 0.4345703125 0.0125 0.009765625
1 0.5078125 0.435546875 0.009375 0.0078125
11 0.821875 0.5380859375 0.059375 0.080078125
