8 0.0859375 0.3359375 0.034375 0.046875
8 0.0875 0.369140625 0.034375 0.015625
8 0.71953125 0.3603515625 0.0171875 0.029296875
8 0.87265625 0.298828125 0.0296875 0.0234375
8 0.87109375 0.3212890625 0.0578125 0.025390625
0 0.4953125 0.4541015625 0.00625 0.017578125
0 0.590625 0.4638671875 0.009375 0.029296875
0 0.60234375 0.45703125 0.0078125 0.02734375
0 0.60703125 0.46484375 0.0078125 0.02734375
0 0.6125 0.453125 0.00625 0.01953125
0 0.61796875 0.4638671875 0.0078125 0.029296875
0 0.625 0.4619140625 0.009375 0.033203125
0 0.63984375 0.4599609375 0.0109375 0.033203125
0 0.72734375 0.4970703125 0.0546875 0.119140625
0 0.47890625 0.4501953125 0.0046875 0.009765625
1 0.53125 0.458984375 0.015625 0.015625
1 0.51171875 0.458984375 0.0140625 0.01171875
1 0.48203125 0.455078125 0.0171875 0.01171875
1 0.46640625 0.4560546875 0.0109375 0.009765625
1 0.446875 0.453125 0.025 0.0234375
1 0.390625 0.458984375 0.040625 0.0390625
1 0.34765625 0.470703125 0.0359375 0.05078125
1 0.3015625 0.462890625 0.08125 0.0703125
1 0.1046875 0.4501953125 0.103125 0.056640625
1 0.02265625 0.4560546875 0.0453125 0.072265625
1 0.88203125 0.568359375 0.2359375 0.1953125
