8 0.9421875 0.193359375 0.059375 0.09765625
8 0.87734375 0.2734375 0.1015625 0.03125
8 0.95 0.2802734375 0.075 0.080078125
8 0.95078125 0.3662109375 0.0734375 0.091796875
8 0.9546875 0.447265625 0.059375 0.0703125
8 0.36640625 0.4775390625 0.0203125 0.029296875
8 0.4125 0.4619140625 0.015625 0.021484375
8 0.4125 0.484375 0.009375 0.015625
8 0.41328125 0.5029296875 0.0078125 0.017578125
0 0.40859375 0.548828125 0.0046875 0.015625
0 0.41640625 0.5478515625 0.0078125 0.017578125
0 0.45078125 0.5478515625 0.0046875 0.013671875
0 0.475 0.5595703125 0.009375 0.041015625
0 0.46640625 0.5546875 0.0078125 0.02734375
0 0.57265625 0.541015625 0.0078125 0.01171875
2 0.35546875 0.58984375 0.0453125 0.0703125
1 0.56640625 0.580078125 0.0671875 0.0703125
1 0.55 0.568359375 0.040625 0.05078125
1 0.53359375 0.560546875 0.0328125 0.046875
1 0.5140625 0.5625 0.01875 0.03125
1 0.89765625 0.8154296875 0.2046875 0.369140625
