4 0.5375 0.58984375 0.08125 0.10546875
6 0.46015625 0.521484375 0.0109375 0.03125
6 0.4421875 0.5908203125 0.009375 0.021484375
6 0.00625 0.4560546875 0.0125 0.052734375
8 0.4296875 0.521484375 0.01875 0.0234375
8 0.43046875 0.5380859375 0.0171875 0.009765625
8 0.40234375 0.501953125 0.0390625 0.015625
8 0.40078125 0.5185546875 0.0390625 0.013671875
8 0.4015625 0.537109375 0.040625 0.015625
8 0.39921875 0.5537109375 0.0359375 0.013671875
8 0.246875 0.501953125 0.01875 0.0234375
8 0.01171875 0.505859375 0.0234375 0.03125
0 0.38203125 0.59765625 0.0171875 0.046875
0 0.065625 0.576171875 0.03125 0.03515625
0 0.09140625 0.576171875 0.0234375 0.0390625
0 0.12109375 0.576171875 0.0171875 0.03125
0 0.99140625 0.62109375 0.0171875 0.07421875
0 0.93828125 0.623046875 0.0203125 0.0625
0 0.803125 0.6015625 0.009375 0.01953125
0 0.734375 0.6083984375 0.00625 0.029296875
0 0.73984375 0.6083984375 0.0078125 0.029296875
3 0.69765625 0.6337890625 0.0296875 0.048828125
3 0.403125 0.6103515625 0.05 0.052734375
1 0.071875 0.7333984375 0.14375 0.220703125
1 0.61796875 0.62109375 0.0859375 0.078125
