8 0.2125 0.3984375 0.028125 0.03125
8 0.21171875 0.4208984375 0.0140625 0.013671875
0 0.74140625 0.5009765625 0.0390625 0.126953125
0 0.3828125 0.4609375 0.0125 0.046875
0 0.48203125 0.4521484375 0.0046875 0.013671875
0 0.47734375 0.4501953125 0.0046875 0.017578125
0 0.490625 0.4541015625 0.00625 0.017578125
0 0.49609375 0.453125 0.0046875 0.015625
1 0.61640625 0.47265625 0.0453125 0.046875
1 0.4484375 0.474609375 0.071875 0.0625
1 0.41796875 0.4501953125 0.0171875 0.017578125
1 0.40859375 0.458984375 0.0171875 0.02734375
1 0.4 0.4619140625 0.01875 0.029296875
1 0.3859375 0.4638671875 0.028125 0.033203125
1 0.35625 0.4638671875 0.04375 0.048828125
1 0.34765625 0.4736328125 0.0328125 0.044921875
1 0.3296875 0.4736328125 0.028125 0.056640625
1 0.29140625 0.4765625 0.0734375 0.07421875
1 0.5125 0.4609375 0.025 0.02734375
1 0.53671875 0.4697265625 0.0265625 0.044921875
1 0.5640625 0.486328125 0.065625 0.0703125
1 0.73671875 0.4873046875 0.1828125 0.076171875
1 0.90625 0.6845703125 0.1875 0.392578125
8 0.975 0.376953125 0.028125 0.0546875
