4 0.5203125 0.529296875 0.021875 0.03125
6 0.4515625 0.48828125 0.00625 0.0234375
6 0.61015625 0.4951171875 0.0078125 0.021484375
8 0.44921875 0.513671875 0.0171875 0.0234375
0 0.45390625 0.55078125 0.0078125 0.02734375
1 0.81796875 0.6494140625 0.3640625 0.701171875
1 0.63984375 0.6298828125 0.0828125 0.142578125
1 0.4703125 0.6318359375 0.140625 0.134765625
1 0.5859375 0.5810546875 0.078125 0.080078125
1 0.55 0.5673828125 0.01875 0.041015625
1 0.54453125 0.556640625 0.0296875 0.03125
1 0.49375 0.5537109375 0.04375 0.021484375
1 0.50078125 0.5419921875 0.0203125 0.009765625
1 0.5234375 0.5556640625 0.0125 0.025390625
