0 0.50859375 0.5205078125 0.0140625 0.037109375
0 0.5234375 0.51953125 0.0125 0.0390625
0 0.5390625 0.5205078125 0.0125 0.037109375
0 0.57265625 0.5224609375 0.0109375 0.033203125
0 0.50390625 0.5205078125 0.0078125 0.033203125
1 0.08125 0.5830078125 0.1625 0.166015625
1 0.184375 0.5595703125 0.115625 0.115234375
1 0.29375 0.541015625 0.1 0.07421875
1 0.35390625 0.5341796875 0.0515625 0.064453125
1 0.41640625 0.5234375 0.0609375 0.05078125
1 0.46015625 0.5224609375 0.0296875 0.037109375
1 0.48359375 0.5234375 0.0171875 0.02734375
1 0.55234375 0.5224609375 0.0203125 0.021484375
1 0.7328125 0.603515625 0.196875 0.18359375
1 0.65078125 0.55078125 0.1046875 0.10546875
1 0.615625 0.5263671875 0.05625 0.072265625
1 0.59140625 0.521484375 0.0171875 0.03125
1 0.375 0.5205078125 0.046875 0.048828125
1 0.49453125 0.521484375 0.0140625 0.02734375
