8 0.60078125 0.443359375 0.0171875 0.02734375
8 0.5828125 0.4658203125 0.028125 0.009765625
8 0.6 0.46875 0.021875 0.0234375
8 0.59921875 0.4921875 0.0203125 0.0234375
8 0.6 0.5126953125 0.015625 0.017578125
8 0.3984375 0.5078125 0.01875 0.0234375
0 0.4640625 0.5458984375 0.009375 0.033203125
0 0.44765625 0.5439453125 0.0046875 0.021484375
0 0.81328125 0.5400390625 0.0359375 0.060546875
3 0.10390625 0.67578125 0.2078125 0.2734375
3 0.1875 0.66015625 0.18125 0.16796875
3 0.2625 0.6162109375 0.16875 0.146484375
1 0.50390625 0.546875 0.0265625 0.03125
1 0.51640625 0.5546875 0.0328125 0.03515625
1 0.9046875 0.826171875 0.190625 0.34765625
1 0.81328125 0.701171875 0.3109375 0.28125
1 0.6375 0.625 0.146875 0.12890625
1 0.6046875 0.587890625 0.103125 0.08984375
1 0.5578125 0.5810546875 0.04375 0.064453125
