8 0.04609375 0.396484375 0.0171875 0.0234375
8 0.046875 0.3525390625 0.053125 0.064453125
8 0.67109375 0.39453125 0.0234375 0.02734375
8 0.67265625 0.3515625 0.0484375 0.05859375
8 0.4890625 0.427734375 0.00625 0.0078125
0 0.5609375 0.4736328125 0.0125 0.037109375
0 0.5734375 0.4716796875 0.0125 0.041015625
0 0.5828125 0.47265625 0.0125 0.0390625
1 0.02265625 0.4951171875 0.0453125 0.107421875
1 0.10078125 0.48828125 0.1109375 0.08984375
1 0.16484375 0.4814453125 0.0671875 0.076171875
1 0.2171875 0.4580078125 0.0375 0.025390625
1 0.2734375 0.4697265625 0.065625 0.052734375
1 0.31171875 0.466796875 0.0359375 0.046875
1 0.334375 0.470703125 0.015625 0.03125
1 0.34609375 0.4677734375 0.0203125 0.029296875
1 0.36328125 0.4658203125 0.0234375 0.025390625
1 0.4015625 0.4521484375 0.01875 0.021484375
1 0.425 0.4384765625 0.0125 0.013671875
1 0.4359375 0.4443359375 0.015625 0.017578125
1 0.42265625 0.4638671875 0.0390625 0.033203125
1 0.4765625 0.4521484375 0.01875 0.017578125
1 0.48515625 0.439453125 0.0140625 0.015625
1 0.50390625 0.4287109375 0.0140625 0.013671875
1 0.509375 0.419921875 0.009375 0.01171875
1 0.48671875 0.3974609375 0.0140625 0.013671875
1 0.496875 0.384765625 0.0125 0.01171875
1 0.503125 0.3798828125 0.00625 0.009765625
1 0.5859375 0.4599609375 0.065625 0.033203125
1 0.6921875 0.46484375 0.04375 0.03125
1 0.7171875 0.4619140625 0.075 0.037109375
1 0.759375 0.4609375 0.090625 0.0390625
1 0.89140625 0.4697265625 0.1828125 0.060546875
1 0.7984375 0.4658203125 0.109375 0.033203125
