6 0.73125 0.328125 0.0125 0.03515625
6 0.73671875 0.3798828125 0.0109375 0.017578125
6 0.6875 0.2841796875 0.04375 0.044921875
6 0.09296875 0.37109375 0.0140625 0.04296875
6 0.559375 0.3896484375 0.0125 0.013671875
6 0.5609375 0.3486328125 0.0125 0.041015625
8 0.734375 0.3623046875 0.009375 0.013671875
8 0.7734375 0.3662109375 0.025 0.009765625
8 0.69296875 0.2392578125 0.0390625 0.037109375
8 0.68125 0.1787109375 0.040625 0.083984375
8 0.528125 0.388671875 0.009375 0.015625
0 0.66796875 0.4501953125 0.0234375 0.060546875
0 0.68203125 0.4462890625 0.0140625 0.068359375
0 0.5703125 0.43359375 0.015625 0.02734375
0 0.58984375 0.4384765625 0.0171875 0.041015625
0 0.4109375 0.44140625 0.0125 0.03125
0 0.4296875 0.4375 0.009375 0.01953125
1 0.24453125 0.4658203125 0.0578125 0.044921875
1 0.10390625 0.466796875 0.2078125 0.12109375
1 0.79609375 0.4560546875 0.1546875 0.095703125
1 0.5265625 0.4814453125 0.2875 0.107421875
