6 0.76953125 0.3994140625 0.0171875 0.068359375
8 0.61953125 0.4794921875 0.0171875 0.021484375
8 0.62265625 0.4990234375 0.0140625 0.013671875
8 0.6234375 0.5107421875 0.009375 0.009765625
0 0.23984375 0.5546875 0.0109375 0.02734375
0 0.3078125 0.5556640625 0.015625 0.025390625
0 0.15234375 0.576171875 0.0140625 0.04296875
0 0.12890625 0.5771484375 0.0140625 0.060546875
0 0.10625 0.5595703125 0.01875 0.037109375
0 0.7234375 0.5439453125 0.025 0.052734375
0 0.8203125 0.580078125 0.03125 0.10546875
0 0.91796875 0.556640625 0.0359375 0.078125
0 0.87734375 0.5625 0.0359375 0.0625
0 0.95859375 0.55078125 0.0390625 0.08203125
0 0.98828125 0.5478515625 0.0234375 0.087890625
0 0.86015625 0.552734375 0.0234375 0.05859375
0 0.77578125 0.53125 0.0171875 0.05859375
0 0.6484375 0.55859375 0.01875 0.05078125
0 0.6875 0.5546875 0.015625 0.03125
0 0.66953125 0.5400390625 0.0171875 0.025390625
0 0.61015625 0.5498046875 0.0109375 0.033203125
0 0.5078125 0.5498046875 0.00625 0.021484375
0 0.66796875 0.556640625 0.0203125 0.03125
0 0.80546875 0.5517578125 0.0140625 0.048828125
0 0.7015625 0.5478515625 0.015625 0.044921875
1 0.06484375 0.640625 0.1296875 0.140625
1 0.190625 0.6123046875 0.1125 0.091796875
1 0.48671875 0.62890625 0.1296875 0.13671875
1 0.30546875 0.5859375 0.0359375 0.05078125
1 0.24921875 0.6025390625 0.0421875 0.060546875
1 0.26953125 0.591796875 0.0484375 0.06640625
1 0.884375 0.7421875 0.23125 0.296875
1 0.69375 0.634765625 0.153125 0.12890625
1 0.5703125 0.5732421875 0.065625 0.052734375
1 0.53828125 0.5693359375 0.0234375 0.041015625
1 0.38046875 0.5634765625 0.0359375 0.033203125
1 0.40078125 0.5595703125 0.0171875 0.025390625
1 0.484375 0.5537109375 0.028125 0.013671875
1 0.45859375 0.5537109375 0.0203125 0.021484375
1 0.44140625 0.5546875 0.0203125 0.0234375
