4 0.3109375 0.478515625 0.075 0.08203125
4 0.7140625 0.4677734375 0.09375 0.076171875
8 0.496875 0.400390625 0.05625 0.02734375
8 0.57421875 0.3994140625 0.0578125 0.025390625
8 0.6453125 0.3984375 0.040625 0.02734375
1 0.97734375 0.5400390625 0.0453125 0.107421875
1 0.19375 0.515625 0.075 0.0703125
1 0.325 0.501953125 0.03125 0.03515625
1 0.36640625 0.4970703125 0.0359375 0.029296875
1 0.39296875 0.4892578125 0.0203125 0.025390625
1 0.40625 0.4873046875 0.015625 0.021484375
1 0.446875 0.5654296875 0.134375 0.126953125
1 0.4890625 0.5224609375 0.0625 0.076171875
1 0.49765625 0.498046875 0.0390625 0.04296875
1 0.653125 0.51171875 0.05625 0.0546875
1 0.75625 0.59375 0.225 0.203125
1 0.59375 0.5107421875 0.071875 0.087890625
1 0.5421875 0.501953125 0.03125 0.03125
1 0.52734375 0.498046875 0.0109375 0.0234375
1 0.1703125 0.498046875 0.078125 0.07421875
