6 0.70625 0.3974609375 0.0125 0.033203125
8 0.69375 0.5009765625 0.01875 0.013671875
0 0.37578125 0.482421875 0.0078125 0.01953125
2 0.23515625 0.4990234375 0.0515625 0.044921875
1 0.0875 0.5224609375 0.175 0.173828125
1 0.31015625 0.490234375 0.0390625 0.03515625
1 0.33671875 0.486328125 0.0203125 0.0234375
1 0.36484375 0.486328125 0.0171875 0.0234375
1 0.39296875 0.4873046875 0.0234375 0.021484375
1 0.38984375 0.466796875 0.0140625 0.015625
1 0.4015625 0.4677734375 0.00625 0.005859375
1 0.42578125 0.4755859375 0.0109375 0.013671875
1 0.4484375 0.478515625 0.0125 0.015625
1 0.4640625 0.4892578125 0.021875 0.025390625
1 0.47421875 0.494140625 0.0109375 0.02734375
1 0.48828125 0.4921875 0.0265625 0.05078125
1 0.5078125 0.4970703125 0.046875 0.048828125
1 0.53828125 0.50390625 0.0515625 0.0703125
1 0.58828125 0.5126953125 0.1015625 0.087890625
7 0.8671875 0.55859375 0.034375 0.10546875
