0 0.52265625 0.466796875 0.0140625 0.046875
0 0.04375 0.6669921875 0.084375 0.287109375
1 0.75390625 0.4697265625 0.0671875 0.060546875
1 0.82265625 0.443359375 0.0640625 0.02734375
1 0.86953125 0.4482421875 0.0578125 0.025390625
1 0.89921875 0.4541015625 0.0796875 0.033203125
1 0.95546875 0.462890625 0.0796875 0.046875
1 0.975 0.4990234375 0.05 0.072265625
1 0.51640625 0.4296875 0.0140625 0.01171875
1 0.50859375 0.4326171875 0.0140625 0.013671875
1 0.4953125 0.43359375 0.015625 0.015625
1 0.484375 0.4404296875 0.01875 0.021484375
1 0.47265625 0.4482421875 0.0265625 0.029296875
1 0.434375 0.4423828125 0.021875 0.025390625
1 0.459375 0.4521484375 0.03125 0.029296875
1 0.50234375 0.4580078125 0.0296875 0.037109375
1 0.5296875 0.427734375 0.003125 0.00390625
1 0.596875 0.4326171875 0.009375 0.009765625
1 0.65625 0.447265625 0.046875 0.01953125
1 0.565625 0.4921875 0.1 0.1171875
1 0.62578125 0.48046875 0.0328125 0.05859375
1 0.63671875 0.4921875 0.0328125 0.0703125
1 0.68125 0.50390625 0.103125 0.09375
1 0.83984375 0.5654296875 0.2609375 0.228515625
1 0.415625 0.4755859375 0.021875 0.056640625
1 0.384375 0.4765625 0.065625 0.078125
1 0.359375 0.494140625 0.071875 0.078125
1 0.25625 0.53515625 0.1375 0.1171875
1 0.084375 0.63671875 0.16875 0.23046875
1 0.9421875 0.703125 0.115625 0.2265625
