4 0.27578125 0.455078125 0.2078125 0.203125
8 0.62890625 0.4453125 0.0203125 0.01953125
8 0.6296875 0.423828125 0.01875 0.0234375
1 0.87890625 0.5380859375 0.2421875 0.232421875
1 0.696875 0.5009765625 0.134375 0.138671875
1 0.625 0.4990234375 0.05 0.087890625
1 0.60078125 0.5009765625 0.0296875 0.060546875
1 0.58515625 0.494140625 0.0453125 0.0625
1 0.5640625 0.4921875 0.021875 0.046875
1 0.553125 0.4921875 0.01875 0.0390625
1 0.53984375 0.4892578125 0.0203125 0.033203125
1 0.5265625 0.48828125 0.015625 0.02734375
1 0.4984375 0.4873046875 0.015625 0.017578125
1 0.44765625 0.4892578125 0.0359375 0.017578125
1 0.48203125 0.4892578125 0.0171875 0.009765625
