8 0.08828125 0.3681640625 0.0421875 0.029296875
8 0.06875 0.3955078125 0.1125 0.033203125
8 0.06953125 0.435546875 0.1109375 0.05078125
8 0.178125 0.41796875 0.040625 0.05078125
8 0.18203125 0.4482421875 0.0234375 0.017578125
8 0.50078125 0.4599609375 0.0203125 0.021484375
8 0.9234375 0.349609375 0.03125 0.01953125
8 0.925 0.3701171875 0.03125 0.017578125
8 0.92734375 0.3896484375 0.0265625 0.017578125
8 0.05234375 0.5234375 0.0328125 0.05859375
5 0.81484375 0.439453125 0.0515625 0.05859375
1 0.5 0.623046875 0.259375 0.26953125
1 0.8625 0.4580078125 0.028125 0.033203125
1 0.85234375 0.4716796875 0.0359375 0.044921875
1 0.81875 0.478515625 0.053125 0.05859375
1 0.66328125 0.4794921875 0.0296875 0.025390625
