6 0.71484375 0.3701171875 0.0171875 0.068359375
6 0.70703125 0.4345703125 0.0203125 0.021484375
6 0.384375 0.455078125 0.00625 0.01953125
6 0.58828125 0.458984375 0.0046875 0.015625
6 0.0109375 0.3671875 0.01875 0.07421875
8 0.71640625 0.4111328125 0.0453125 0.021484375
0 0.85703125 0.5205078125 0.0234375 0.099609375
0 0.8859375 0.5244140625 0.01875 0.091796875
0 0.67109375 0.490234375 0.0234375 0.02734375
0 0.65078125 0.49609375 0.0140625 0.0234375
0 0.23984375 0.49609375 0.0171875 0.05078125
0 0.0875 0.5029296875 0.021875 0.064453125
0 0.0390625 0.5029296875 0.021875 0.076171875
0 0.33515625 0.4873046875 0.0078125 0.017578125
0 0.3703125 0.4873046875 0.009375 0.017578125
0 0.4203125 0.494140625 0.00625 0.0234375
2 0.1421875 0.5234375 0.025 0.046875
1 0.55625 0.5078125 0.021875 0.0234375
1 0.51171875 0.4951171875 0.0140625 0.013671875
1 0.52890625 0.5009765625 0.0171875 0.017578125
1 0.46796875 0.50390625 0.0265625 0.0234375
1 0.53828125 0.494140625 0.0109375 0.015625
6 0.01640625 0.42578125 0.0203125 0.0234375
8 0.0125 0.41015625 0.021875 0.01171875
0 0.0140625 0.4833984375 0.015625 0.048828125
0 0.07109375 0.4951171875 0.0109375 0.060546875
7 0.58515625 0.5087890625 0.0046875 0.017578125
