0 0.8421875 0.4560546875 0.01875 0.048828125
0 0.7171875 0.4453125 0.00625 0.01953125
0 0.7359375 0.44921875 0.00625 0.0234375
1 0.52109375 0.4580078125 0.0296875 0.025390625
1 0.56640625 0.439453125 0.0140625 0.01171875
1 0.58984375 0.4375 0.0109375 0.01171875
1 0.609375 0.4287109375 0.009375 0.013671875
1 0.58515625 0.42578125 0.0078125 0.0078125
1 0.59453125 0.4287109375 0.0078125 0.009765625
1 0.6171875 0.423828125 0.00625 0.0078125
6 0.453125 0.40625 0.00625 0.01953125
6 0.6734375 0.404296875 0.00625 0.01953125
0 0.61796875 0.435546875 0.0046875 0.01171875
7 0.47265625 0.470703125 0.0078125 0.01953125
0 0.32734375 0.4619140625 0.0109375 0.037109375
0 0.3421875 0.4638671875 0.00625 0.025390625
0 0.3890625 0.4677734375 0.009375 0.025390625
