6 0.45625 0.39453125 0.009375 0.0234375
6 0.51640625 0.4345703125 0.0078125 0.017578125
6 0.5171875 0.4501953125 0.00625 0.005859375
6 0.4390625 0.427734375 0.003125 0.0078125
6 0.40625 0.423828125 0.003125 0.0078125
6 0.415625 0.4326171875 0.003125 0.009765625
6 0.4421875 0.4345703125 0.003125 0.005859375
6 0.31484375 0.3720703125 0.0109375 0.025390625
6 0.3984375 0.40234375 0.003125 0.0078125
8 0.64453125 0.388671875 0.0140625 0.03125
8 0.64609375 0.416015625 0.0140625 0.0234375
8 0.51484375 0.40625 0.0140625 0.0078125
0 0.4578125 0.47265625 0.0125 0.03515625
0 0.390625 0.4765625 0.0125 0.02734375
0 0.5609375 0.4580078125 0.0125 0.017578125
1 0.92890625 0.5458984375 0.1421875 0.248046875
1 0.8140625 0.529296875 0.225 0.1796875
1 0.69765625 0.5 0.1296875 0.125
1 0.62734375 0.490234375 0.0828125 0.10546875
1 0.58046875 0.4970703125 0.0328125 0.064453125
1 0.56015625 0.4921875 0.0390625 0.0546875
1 0.540625 0.486328125 0.03125 0.046875
1 0.48359375 0.46875 0.0203125 0.0234375
1 0.471875 0.4638671875 0.015625 0.021484375
1 0.4375 0.4716796875 0.028125 0.033203125
1 0.37109375 0.4775390625 0.0234375 0.021484375
1 0.34453125 0.474609375 0.0140625 0.01953125
1 0.31875 0.48046875 0.04375 0.0390625
1 0.35703125 0.4697265625 0.0109375 0.013671875
1 0.2765625 0.484375 0.01875 0.03515625
1 0.26171875 0.4853515625 0.0265625 0.033203125
1 0.23984375 0.48828125 0.0390625 0.0390625
1 0.22421875 0.4931640625 0.0359375 0.037109375
1 0.1921875 0.494140625 0.040625 0.05078125
1 0.15546875 0.4970703125 0.0609375 0.056640625
1 0.103125 0.50390625 0.06875 0.06640625
1 0.03671875 0.509765625 0.0734375 0.0859375
1 0.378125 0.47265625 0.01875 0.01953125
1 0.41328125 0.4619140625 0.0140625 0.013671875
