6 0.73125 0.3818359375 0.0125 0.041015625
6 0.03984375 0.373046875 0.0140625 0.046875
6 0.0078125 0.4208984375 0.015625 0.025390625
6 0.26953125 0.384765625 0.0140625 0.0390625
6 0.5921875 0.4150390625 0.003125 0.005859375
8 0.27421875 0.427734375 0.0171875 0.03125
8 0.58828125 0.4150390625 0.0046875 0.005859375
0 0.92109375 0.4794921875 0.0171875 0.080078125
0 0.08671875 0.5048828125 0.0328125 0.091796875
0 0.13203125 0.4833984375 0.0203125 0.076171875
0 0.35078125 0.4658203125 0.0109375 0.041015625
0 0.3625 0.4677734375 0.0125 0.044921875
0 0.36796875 0.4541015625 0.0078125 0.025390625
0 0.60078125 0.451171875 0.0046875 0.0234375
2 0.94609375 0.55859375 0.0421875 0.11328125
2 0.984375 0.501953125 0.03125 0.046875
1 0.465625 0.4658203125 0.034375 0.041015625
1 0.48671875 0.4560546875 0.0203125 0.021484375
1 0.51875 0.482421875 0.040625 0.046875
1 0.49296875 0.4931640625 0.0609375 0.056640625
1 0.61015625 0.4462890625 0.0109375 0.013671875
1 0.6265625 0.4501953125 0.01875 0.021484375
1 0.59921875 0.443359375 0.0109375 0.0078125
1 0.56328125 0.4443359375 0.0078125 0.005859375
8 0.73125 0.4208984375 0.01875 0.029296875
