0 0.409375 0.4482421875 0.00625 0.021484375
0 0.9953125 0.4228515625 0.009375 0.033203125
0 0.95546875 0.4169921875 0.0046875 0.013671875
0 0.96328125 0.421875 0.0078125 0.02734375
0 0.98046875 0.4228515625 0.0078125 0.033203125
2 0.47890625 0.48046875 0.0171875 0.0390625
1 0.646875 0.44140625 0.09375 0.03515625
1 0.60625 0.443359375 0.03125 0.03515625
1 0.5890625 0.439453125 0.028125 0.03125
1 0.56875 0.4443359375 0.03125 0.029296875
1 0.43984375 0.4345703125 0.0109375 0.013671875
1 0.4296875 0.4375 0.0125 0.015625
1 0.42109375 0.4404296875 0.0109375 0.017578125
1 0.409375 0.443359375 0.0125 0.015625
1 0.38671875 0.4736328125 0.0453125 0.076171875
1 0.459375 0.44921875 0.028125 0.0390625
1 0.50625 0.4541015625 0.0375 0.048828125
1 0.51015625 0.46484375 0.0171875 0.04296875
1 0.53828125 0.47265625 0.0640625 0.07421875
1 0.553125 0.4951171875 0.071875 0.083984375
1 0.57109375 0.517578125 0.0484375 0.09375
1 0.65703125 0.5498046875 0.1921875 0.181640625
1 0.29453125 0.4658203125 0.0296875 0.021484375
1 0.275 0.4814453125 0.0375 0.037109375
1 0.3359375 0.4951171875 0.096875 0.115234375
1 0.225 0.4794921875 0.078125 0.044921875
1 0.17109375 0.5087890625 0.0859375 0.056640625
1 0.090625 0.5673828125 0.128125 0.134765625
1 0.02265625 0.58203125 0.0453125 0.1953125
1 0.22265625 0.5751953125 0.1921875 0.154296875
1 0.7875 0.65625 0.303125 0.26171875
1 0.9015625 0.8154296875 0.196875 0.369140625
