6 0.91171875 0.158203125 0.0296875 0.11328125
6 0.696875 0.052734375 0.015625 0.07421875
6 0.64296875 0.1396484375 0.0109375 0.056640625
6 0.6078125 0.3896484375 0.009375 0.033203125
6 0.55703125 0.388671875 0.0109375 0.03515625
6 0.57890625 0.388671875 0.0109375 0.0390625
6 0.603125 0.4296875 0.009375 0.015625
6 0.58125 0.4306640625 0.009375 0.017578125
6 0.30859375 0.2685546875 0.0140625 0.056640625
8 0.80546875 0.0869140625 0.0421875 0.076171875
8 0.3328125 0.2646484375 0.015625 0.021484375
8 0.98828125 0.2587890625 0.0234375 0.138671875
2 0.559375 0.4912109375 0.025 0.033203125
2 0.5796875 0.490234375 0.01875 0.03125
2 0.60625 0.4912109375 0.01875 0.033203125
2 0.62421875 0.4912109375 0.0140625 0.021484375
2 0.67734375 0.4873046875 0.0171875 0.021484375
2 0.653125 0.48828125 0.01875 0.0234375
2 0.6375 0.4912109375 0.0125 0.021484375
1 0.909375 0.470703125 0.18125 0.1015625
1 0.7703125 0.478515625 0.159375 0.07421875
1 0.35703125 0.5 0.1859375 0.18359375
1 0.23671875 0.4921875 0.0359375 0.03515625
1 0.1078125 0.4853515625 0.04375 0.048828125
1 0.12578125 0.478515625 0.0390625 0.0546875
