6 0.3328125 0.443359375 0.009375 0.02734375
6 0.5921875 0.4462890625 0.009375 0.025390625
6 0.69609375 0.4404296875 0.0171875 0.052734375
0 0.78125 0.4990234375 0.015625 0.041015625
0 0.6625 0.50390625 0.015625 0.05859375
0 0.6171875 0.501953125 0.015625 0.046875
0 0.6328125 0.5029296875 0.0125 0.044921875
0 0.64296875 0.5029296875 0.0078125 0.037109375
0 0.24765625 0.4892578125 0.0140625 0.041015625
0 0.28046875 0.4833984375 0.0171875 0.017578125
0 0.36015625 0.49609375 0.0078125 0.0234375
2 0.5734375 0.537109375 0.025 0.05078125
1 0.48359375 0.546875 0.1203125 0.11328125
1 0.425 0.5078125 0.04375 0.05078125
1 0.296875 0.5419921875 0.128125 0.107421875
1 0.12890625 0.5048828125 0.0703125 0.044921875
1 0.52109375 0.4921875 0.0078125 0.0078125
1 0.5390625 0.4931640625 0.009375 0.009765625
