8 0.31875 0.4423828125 0.0125 0.013671875
8 0.29375 0.4404296875 0.0125 0.017578125
8 0.56875 0.369140625 0.015625 0.02734375
8 0.5703125 0.392578125 0.0125 0.01953125
0 0.478125 0.4658203125 0.00625 0.021484375
0 0.50234375 0.4638671875 0.0078125 0.029296875
0 0.51328125 0.46484375 0.0078125 0.02734375
0 0.53984375 0.470703125 0.0140625 0.046875
0 0.0765625 0.4384765625 0.021875 0.029296875
2 0.72578125 0.568359375 0.0671875 0.16015625
5 0.3765625 0.4599609375 0.04375 0.041015625
1 0.12265625 0.498046875 0.0859375 0.0703125
1 0.20234375 0.486328125 0.0609375 0.05859375
1 0.26171875 0.48046875 0.0453125 0.046875
1 0.28984375 0.4794921875 0.0109375 0.025390625
1 0.3171875 0.4736328125 0.028125 0.029296875
1 0.44453125 0.474609375 0.0609375 0.08203125
11 0.09296875 0.4716796875 0.0796875 0.091796875
