6 0.3546875 0.390625 0.00625 0.01953125
6 0.42421875 0.373046875 0.0078125 0.01953125
6 0.43671875 0.3994140625 0.0046875 0.013671875
6 0.46640625 0.3779296875 0.0078125 0.017578125
8 0.5609375 0.376953125 0.0125 0.0234375
0 0.86953125 0.4560546875 0.0359375 0.126953125
0 0.13046875 0.4892578125 0.0234375 0.068359375
0 0.17890625 0.484375 0.0140625 0.0625
2 0.9734375 0.5849609375 0.053125 0.111328125
5 0.525 0.4560546875 0.0625 0.068359375
1 0.24375 0.4853515625 0.1125 0.107421875
1 0.33125 0.4716796875 0.04375 0.048828125
1 0.4453125 0.4951171875 0.146875 0.162109375
