8 0.8546875 0.4443359375 0.01875 0.021484375
8 0.48203125 0.4375 0.0203125 0.0078125
8 0.51796875 0.439453125 0.0140625 0.0078125
5 0.57890625 0.4765625 0.0421875 0.05078125
1 0.321875 0.498046875 0.01875 0.02734375
1 0.33671875 0.501953125 0.0171875 0.02734375
1 0.41015625 0.484375 0.0140625 0.015625
1 0.4171875 0.4794921875 0.0125 0.017578125
1 0.475 0.4736328125 0.009375 0.009765625
1 0.49375 0.4755859375 0.0125 0.013671875
1 0.52109375 0.482421875 0.0140625 0.015625
1 0.53515625 0.4814453125 0.0140625 0.021484375
1 0.50859375 0.490234375 0.0203125 0.0234375
1 0.4828125 0.501953125 0.0375 0.0390625
1 0.46328125 0.5361328125 0.0859375 0.083984375
1 0.58203125 0.50390625 0.0234375 0.03515625
1 0.67109375 0.51953125 0.0671875 0.0625
1 0.871875 0.5673828125 0.171875 0.123046875
1 0.61484375 0.5 0.0484375 0.06640625
1 0.48828125 0.4677734375 0.0078125 0.009765625
