8 0.146875 0.423828125 0.0125 0.02734375
0 0.82421875 0.5234375 0.0265625 0.14453125
2 0.6015625 0.5126953125 0.028125 0.052734375
1 0.0171875 0.5283203125 0.034375 0.099609375
1 0.07578125 0.505859375 0.1265625 0.11328125
1 0.17421875 0.5068359375 0.0859375 0.083984375
1 0.2359375 0.494140625 0.06875 0.06640625
1 0.375 0.494140625 0.08125 0.0703125
1 0.4171875 0.4794921875 0.021875 0.025390625
1 0.48125 0.4814453125 0.1 0.044921875
1 0.43203125 0.478515625 0.0109375 0.0234375
1 0.76015625 0.48828125 0.0296875 0.05078125
