4 0.7859375 0.447265625 0.109375 0.09375
8 0.5375 0.4296875 0.021875 0.0234375
0 0.9796875 0.4580078125 0.021875 0.072265625
0 0.925 0.451171875 0.0125 0.05078125
0 0.90546875 0.4501953125 0.0140625 0.056640625
0 0.88671875 0.4482421875 0.0109375 0.037109375
0 0.87734375 0.44921875 0.0078125 0.03515625
0 0.60546875 0.4619140625 0.0078125 0.017578125
0 0.45 0.48828125 0.015625 0.0390625
0 0.5234375 0.4775390625 0.015625 0.029296875
0 0.3640625 0.50390625 0.025 0.05078125
0 0.27578125 0.5009765625 0.0234375 0.048828125
0 0.25546875 0.5283203125 0.0171875 0.103515625
0 0.1296875 0.529296875 0.040625 0.078125
0 0.01015625 0.529296875 0.0203125 0.07421875
3 0.81640625 0.5361328125 0.0765625 0.138671875
3 0.62109375 0.6025390625 0.0734375 0.146484375
3 0.5640625 0.498046875 0.046875 0.0625
3 0.5421875 0.5029296875 0.0625 0.068359375
3 0.521875 0.5048828125 0.071875 0.080078125
3 0.49375 0.5166015625 0.078125 0.091796875
3 0.3421875 0.5625 0.084375 0.11328125
3 0.29375 0.57421875 0.109375 0.12890625
3 0.22265625 0.60546875 0.1328125 0.1328125
3 0.4171875 0.609375 0.109375 0.1796875
3 0.109375 0.80859375 0.21875 0.3671875
1 0.71328125 0.4541015625 0.0203125 0.021484375
1 0.7296875 0.453125 0.0125 0.02734375
1 0.103125 0.6171875 0.20625 0.203125
