6 0.89296875 0.2529296875 0.0203125 0.068359375
6 0.9 0.3232421875 0.015625 0.025390625
6 0.65859375 0.3046875 0.0140625 0.046875
6 0.6609375 0.3583984375 0.0125 0.021484375
6 0.41171875 0.1943359375 0.0171875 0.052734375
6 0.22265625 0.212890625 0.0140625 0.0546875
8 0.671875 0.3427734375 0.034375 0.013671875
8 0.646875 0.23046875 0.0625 0.03515625
8 0.25703125 0.19140625 0.0296875 0.0390625
0 0.67734375 0.4638671875 0.0390625 0.056640625
1 0.89296875 0.41015625 0.2140625 0.14453125
1 0.48828125 0.4228515625 0.0203125 0.021484375
1 0.45234375 0.4228515625 0.0078125 0.009765625
1 0.43125 0.427734375 0.01875 0.01953125
1 0.30390625 0.4345703125 0.0265625 0.025390625
1 0.1765625 0.43359375 0.025 0.02734375
