8 0.45 0.435546875 0.009375 0.015625
1 0.31875 0.4609375 0.021875 0.0234375
1 0.2703125 0.462890625 0.053125 0.05859375
1 0.18984375 0.4580078125 0.0453125 0.048828125
1 0.1 0.5009765625 0.15625 0.123046875
1 0.40078125 0.458984375 0.0140625 0.01953125
1 0.41328125 0.4619140625 0.0203125 0.021484375
1 0.42109375 0.46484375 0.0171875 0.01953125
1 0.43359375 0.46484375 0.0171875 0.02734375
1 0.453125 0.4658203125 0.03125 0.037109375
1 0.4671875 0.4736328125 0.0375 0.037109375
1 0.53125 0.474609375 0.071875 0.06640625
1 0.6265625 0.486328125 0.109375 0.09765625
