6 0.11796875 0.2451171875 0.0109375 0.041015625
6 0.30234375 0.3203125 0.0109375 0.03125
6 0.39375 0.3251953125 0.0125 0.033203125
6 0.56171875 0.400390625 0.0078125 0.02734375
6 0.56171875 0.4296875 0.0078125 0.01171875
6 0.609375 0.3984375 0.00625 0.0234375
6 0.6125 0.4287109375 0.00625 0.013671875
6 0.6296875 0.3671875 0.0125 0.046875
8 0.63359375 0.41015625 0.0140625 0.015625
8 0.478125 0.3662109375 0.046875 0.013671875
8 0.5109375 0.435546875 0.00625 0.00390625
8 0.51015625 0.4287109375 0.0078125 0.009765625
8 0.975 0.44921875 0.01875 0.01171875
8 0.975 0.43359375 0.0125 0.015625
1 0.2671875 0.466796875 0.04375 0.03515625
1 0.17734375 0.4892578125 0.1703125 0.138671875
1 0.32890625 0.4755859375 0.0671875 0.060546875
1 0.4296875 0.4794921875 0.109375 0.111328125
