0 0.4046875 0.4287109375 0.01875 0.072265625
0 0.5796875 0.44140625 0.028125 0.0859375
0 0.55546875 0.4404296875 0.0203125 0.080078125
1 0.0609375 0.423828125 0.0875 0.08984375
1 0.1203125 0.4169921875 0.05625 0.080078125
1 0.10078125 0.3974609375 0.1015625 0.072265625
1 0.19765625 0.431640625 0.0703125 0.0546875
1 0.26640625 0.4453125 0.1234375 0.09765625
1 0.3609375 0.43359375 0.075 0.0625
1 0.4046875 0.427734375 0.04375 0.05078125
1 0.43515625 0.423828125 0.0265625 0.04296875
1 0.45625 0.423828125 0.021875 0.03515625
1 0.4671875 0.4169921875 0.021875 0.033203125
1 0.48125 0.4189453125 0.0125 0.025390625
1 0.49140625 0.416015625 0.0109375 0.01953125
1 0.49921875 0.416015625 0.0078125 0.015625
1 0.50546875 0.4150390625 0.0078125 0.013671875
1 0.51171875 0.4130859375 0.0109375 0.013671875
1 0.64296875 0.44921875 0.0859375 0.10546875
1 0.60078125 0.439453125 0.0265625 0.0625
1 0.17734375 0.412109375 0.0578125 0.0546875
1 0.70390625 0.43359375 0.0359375 0.0546875
1 0.22421875 0.396484375 0.0578125 0.02734375
