6 0.059375 0.552734375 0.0125 0.01171875
8 0.83828125 0.509765625 0.0203125 0.0546875
8 0.49453125 0.453125 0.0265625 0.04296875
8 0.496875 0.494140625 0.025 0.03515625
8 0.0515625 0.515625 0.015625 0.01953125
8 0.0515625 0.5322265625 0.015625 0.013671875
8 0.38125 0.4931640625 0.01875 0.025390625
8 0.3828125 0.509765625 0.01875 0.0078125
0 0.13125 0.5859375 0.025 0.0546875
0 0.22421875 0.5712890625 0.0140625 0.044921875
0 0.33203125 0.55859375 0.0109375 0.03515625
0 0.41875 0.5546875 0.009375 0.04296875
0 0.42421875 0.552734375 0.0109375 0.04296875
0 0.40234375 0.53515625 0.0078125 0.0234375
0 0.4328125 0.533203125 0.00625 0.0234375
0 0.28671875 0.552734375 0.0078125 0.01953125
3 0.26640625 0.611328125 0.0265625 0.05078125
1 0.86328125 0.5986328125 0.2234375 0.123046875
1 0.43984375 0.720703125 0.2609375 0.26171875
1 0.25703125 0.5791015625 0.0671875 0.041015625
1 0.30390625 0.56640625 0.0390625 0.03515625
