8 0.10390625 0.3388671875 0.0296875 0.037109375
8 0.1046875 0.369140625 0.028125 0.015625
8 0.721875 0.365234375 0.015625 0.0234375
8 0.86796875 0.3037109375 0.0265625 0.017578125
8 0.86796875 0.326171875 0.0546875 0.0234375
0 0.48046875 0.4541015625 0.0046875 0.017578125
0 0.48515625 0.4541015625 0.0046875 0.013671875
0 0.49765625 0.455078125 0.0046875 0.015625
0 0.6 0.4599609375 0.009375 0.033203125
0 0.6078125 0.458984375 0.00625 0.02734375
0 0.6140625 0.46484375 0.00625 0.02734375
0 0.62109375 0.4638671875 0.0078125 0.029296875
0 0.62890625 0.462890625 0.0078125 0.03125
0 0.64296875 0.4599609375 0.0109375 0.033203125
0 0.87421875 0.4921875 0.0359375 0.1171875
1 0.53515625 0.4580078125 0.0109375 0.013671875
1 0.5171875 0.458984375 0.0125 0.01171875
1 0.471875 0.455078125 0.0125 0.01171875
1 0.490625 0.4560546875 0.009375 0.013671875
1 0.234375 0.6064453125 0.46875 0.435546875
7 0.60546875 0.47265625 0.0046875 0.015625
