6 0.03515625 0.3623046875 0.0140625 0.056640625
6 0.03671875 0.423828125 0.0171875 0.0234375
6 0.70546875 0.3681640625 0.0171875 0.060546875
6 0.69765625 0.435546875 0.0203125 0.0234375
6 0.38671875 0.4501953125 0.0046875 0.013671875
6 0.58515625 0.455078125 0.0046875 0.015625
8 0.03359375 0.40234375 0.0359375 0.01953125
8 0.7046875 0.4111328125 0.0375 0.025390625
0 0.09609375 0.4931640625 0.0171875 0.064453125
0 0.28984375 0.4814453125 0.0078125 0.025390625
0 0.3375 0.4814453125 0.009375 0.017578125
0 0.353125 0.482421875 0.00625 0.01171875
0 0.371875 0.4814453125 0.009375 0.017578125
0 0.39375 0.482421875 0.0125 0.02734375
0 0.41640625 0.4873046875 0.0046875 0.017578125
0 0.42265625 0.48828125 0.0078125 0.01953125
0 0.43828125 0.515625 0.0359375 0.09765625
0 0.628125 0.48828125 0.00625 0.015625
0 0.6328125 0.490234375 0.00625 0.0234375
0 0.64453125 0.4892578125 0.0109375 0.017578125
0 0.653125 0.48828125 0.00625 0.01953125
0 0.67421875 0.4921875 0.0046875 0.015625
0 0.66484375 0.4912109375 0.0046875 0.013671875
0 0.8734375 0.515625 0.01875 0.0859375
0 0.90234375 0.5126953125 0.0296875 0.095703125
1 0.50859375 0.4912109375 0.0109375 0.013671875
1 0.53046875 0.49609375 0.0140625 0.01953125
1 0.55546875 0.501953125 0.0234375 0.0234375
1 0.5171875 0.4990234375 0.01875 0.025390625
7 0.58359375 0.5048828125 0.0046875 0.017578125
2 0.15859375 0.5185546875 0.0234375 0.048828125
