8 0.203125 0.3349609375 0.009375 0.041015625
0 0.65234375 0.458984375 0.0359375 0.11328125
0 0.61953125 0.4560546875 0.0296875 0.111328125
0 0.3625 0.4326171875 0.025 0.091796875
1 0.64765625 0.4482421875 0.0890625 0.103515625
1 0.60078125 0.439453125 0.0234375 0.0703125
1 0.59296875 0.435546875 0.0265625 0.046875
1 0.5703125 0.4248046875 0.01875 0.041015625
1 0.50390625 0.4140625 0.0109375 0.015625
1 0.49765625 0.4150390625 0.0078125 0.013671875
1 0.48984375 0.4150390625 0.0109375 0.021484375
1 0.48125 0.41796875 0.015625 0.0234375
1 0.4640625 0.4150390625 0.025 0.033203125
1 0.453125 0.421875 0.021875 0.03125
1 0.43203125 0.42578125 0.0296875 0.0390625
1 0.4078125 0.4287109375 0.03125 0.048828125
1 0.3859375 0.427734375 0.028125 0.0546875
1 0.353125 0.431640625 0.075 0.05859375
1 0.253125 0.4453125 0.115625 0.09765625
1 0.0453125 0.4169921875 0.084375 0.083984375
1 0.18984375 0.4306640625 0.0765625 0.060546875
1 0.15234375 0.408203125 0.0546875 0.05859375
1 0.0921875 0.3994140625 0.1 0.087890625
