0 0.40625 0.447265625 0.009375 0.02734375
1 0.3265625 0.43359375 0.0625 0.03125
1 0.3671875 0.4345703125 0.03125 0.021484375
1 0.4 0.4384765625 0.0375 0.025390625
1 0.43828125 0.44921875 0.0203125 0.02734375
1 0.4515625 0.4365234375 0.0125 0.013671875
1 0.459375 0.4326171875 0.009375 0.009765625
1 0.4671875 0.4306640625 0.009375 0.009765625
1 0.47265625 0.4296875 0.0078125 0.01171875
1 0.49140625 0.43359375 0.0140625 0.015625
1 0.3625 0.4658203125 0.040625 0.044921875
1 0.30859375 0.4609375 0.0484375 0.0390625
1 0.34140625 0.48046875 0.0578125 0.0546875
1 0.134375 0.5732421875 0.184375 0.154296875
1 0.5125 0.43359375 0.0125 0.015625
1 0.5203125 0.4375 0.0125 0.015625
1 0.5296875 0.44140625 0.015625 0.01953125
1 0.5375 0.453125 0.03125 0.03515625
1 0.54609375 0.458984375 0.0265625 0.0390625
1 0.5484375 0.46875 0.025 0.046875
1 0.57109375 0.478515625 0.0546875 0.0703125
1 0.59296875 0.4931640625 0.0640625 0.068359375
1 0.64296875 0.521484375 0.0953125 0.09765625
1 0.7015625 0.5517578125 0.153125 0.138671875
1 0.94296875 0.857421875 0.1140625 0.265625
1 0.02734375 0.48046875 0.0671875 0.10546875
2 0.42578125 0.462890625 0.0109375 0.0234375
