6 0.3609375 0.296875 0.0125 0.0390625
6 0.4796875 0.3837890625 0.00625 0.029296875
6 0.49140625 0.380859375 0.0078125 0.03125
6 0.740625 0.328125 0.009375 0.046875
6 0.6171875 0.3154296875 0.015625 0.068359375
6 0.61796875 0.38671875 0.0109375 0.0234375
6 0.6328125 0.3857421875 0.009375 0.025390625
6 0.49296875 0.419921875 0.0109375 0.01171875
8 0.48359375 0.3271484375 0.0203125 0.013671875
8 0.696875 0.337890625 0.01875 0.03515625
8 0.49921875 0.40625 0.0203125 0.0078125
0 0.73515625 0.4765625 0.0265625 0.07421875
1 0.865625 0.587890625 0.26875 0.28125
1 0.6484375 0.466796875 0.084375 0.04296875
1 0.72421875 0.4453125 0.0421875 0.03515625
1 0.82578125 0.4541015625 0.0671875 0.033203125
1 0.55625 0.458984375 0.021875 0.0390625
1 0.39296875 0.4638671875 0.0265625 0.029296875
1 0.3578125 0.4599609375 0.028125 0.033203125
1 0.16015625 0.58203125 0.3203125 0.51953125
1 0.29609375 0.4921875 0.0734375 0.18359375
1 0.33359375 0.470703125 0.0171875 0.04296875
1 0.528125 0.4599609375 0.021875 0.029296875
