0 0.54375 0.4501953125 0.015625 0.041015625
0 0.57421875 0.453125 0.0140625 0.04296875
2 0.515625 0.4736328125 0.015625 0.037109375
1 0.09453125 0.5615234375 0.1890625 0.193359375
1 0.2109375 0.537109375 0.084375 0.1171875
1 0.25625 0.505859375 0.090625 0.10546875
1 0.3 0.4931640625 0.040625 0.080078125
1 0.325 0.490234375 0.0375 0.0625
1 0.375 0.4677734375 0.040625 0.052734375
1 0.4 0.4619140625 0.021875 0.033203125
1 0.4109375 0.4580078125 0.015625 0.025390625
1 0.41875 0.4521484375 0.025 0.033203125
1 0.4328125 0.451171875 0.0125 0.0234375
1 0.44296875 0.4423828125 0.0140625 0.021484375
1 0.453125 0.4384765625 0.0125 0.013671875
1 0.4765625 0.4375 0.015625 0.015625
1 0.4984375 0.439453125 0.0125 0.015625
1 0.5140625 0.44140625 0.01875 0.02734375
1 0.53125 0.4501953125 0.021875 0.029296875
1 0.58984375 0.4501953125 0.0171875 0.041015625
1 0.65546875 0.431640625 0.0328125 0.015625
1 0.646875 0.4541015625 0.046875 0.037109375
1 0.728125 0.4423828125 0.11875 0.080078125
1 0.7234375 0.46875 0.071875 0.06640625
1 0.80703125 0.4638671875 0.1109375 0.083984375
1 0.846875 0.478515625 0.159375 0.09375
1 0.959375 0.458984375 0.08125 0.09765625
1 0.9421875 0.568359375 0.115625 0.1796875
11 0.3484375 0.5234375 0.0125 0.0078125
