5 0.56171875 0.3828125 0.0265625 0.03515625
1 0.440625 0.439453125 0.090625 0.08984375
1 0.48984375 0.4189453125 0.0390625 0.052734375
1 0.51015625 0.4130859375 0.0234375 0.041015625
1 0.5265625 0.40625 0.021875 0.03515625
1 0.8359375 0.482421875 0.203125 0.19140625
1 0.6765625 0.4306640625 0.053125 0.060546875
1 0.640625 0.419921875 0.0375 0.0390625
1 0.765625 0.4375 0.146875 0.15234375
1 0.58125 0.404296875 0.028125 0.0234375
1 0.55546875 0.4052734375 0.0203125 0.021484375
1 0.6203125 0.416015625 0.025 0.03515625
