6 0.4875 0.4111328125 0.00625 0.017578125
6 0.475 0.4111328125 0.009375 0.021484375
6 0.4859375 0.4365234375 0.00625 0.009765625
6 0.19453125 0.412109375 0.0078125 0.02734375
6 0.18203125 0.412109375 0.0078125 0.02734375
6 0.18203125 0.43359375 0.0078125 0.0078125
6 0.1640625 0.3369140625 0.00625 0.021484375
8 0.4875 0.42578125 0.0125 0.00390625
8 0.27890625 0.4130859375 0.0109375 0.021484375
2 0.56796875 0.4794921875 0.0171875 0.037109375
1 0.5546875 0.4736328125 0.05625 0.021484375
2 0.41328125 0.4794921875 0.0140625 0.029296875
