4 0.4328125 0.4541015625 0.09375 0.044921875
4 0.51875 0.44921875 0.0625 0.07421875
4 0.8453125 0.4306640625 0.309375 0.162109375
0 0.01171875 0.51171875 0.0234375 0.08984375
0 0.16484375 0.4833984375 0.0078125 0.041015625
0 0.36875 0.462890625 0.00625 0.0234375
0 0.375 0.46484375 0.00625 0.01953125
0 0.38203125 0.46484375 0.0078125 0.0234375
0 0.5515625 0.4609375 0.0125 0.04296875
0 0.5921875 0.470703125 0.01875 0.05859375
0 0.6125 0.46484375 0.021875 0.06640625
0 0.659375 0.4521484375 0.0125 0.041015625
0 0.628125 0.4521484375 0.015625 0.044921875
0 0.70546875 0.4833984375 0.0390625 0.126953125
0 0.75 0.4755859375 0.0375 0.134765625
0 0.80546875 0.4912109375 0.0515625 0.193359375
0 0.85078125 0.494140625 0.0515625 0.171875
1 0.275 0.5107421875 0.140625 0.111328125
1 0.4421875 0.4638671875 0.040625 0.044921875
1 0.64453125 0.4482421875 0.0171875 0.025390625
1 0.95234375 0.484375 0.0953125 0.1171875
1 0.9515625 0.4384765625 0.096875 0.087890625
1 0.9140625 0.44921875 0.171875 0.13671875
