6 0.5796875 0.4404296875 0.00625 0.021484375
6 0.578125 0.46484375 0.009375 0.0078125
6 0.26640625 0.4326171875 0.0078125 0.025390625
6 0.26640625 0.4560546875 0.0078125 0.009765625
8 0.66484375 0.4189453125 0.0234375 0.033203125
8 0.61484375 0.4384765625 0.0203125 0.029296875
0 0.53984375 0.4990234375 0.0109375 0.013671875
0 0.9796875 0.5478515625 0.040625 0.166015625
0 0.93828125 0.544921875 0.0640625 0.140625
0 0.87578125 0.5234375 0.0390625 0.12890625
0 0.77734375 0.48828125 0.0234375 0.05078125
0 0.71015625 0.5029296875 0.0171875 0.052734375
0 0.6625 0.5087890625 0.01875 0.048828125
0 0.690625 0.4892578125 0.009375 0.029296875
0 0.68046875 0.4912109375 0.0171875 0.033203125
0 0.2609375 0.4912109375 0.009375 0.033203125
0 0.375 0.4873046875 0.00625 0.021484375
0 0.5625 0.4921875 0.00625 0.01953125
2 0.43203125 0.546875 0.0390625 0.06640625
1 0.5234375 0.4931640625 0.015625 0.017578125
1 0.48515625 0.5244140625 0.0765625 0.080078125
8 0.94140625 0.2236328125 0.1265625 0.189453125
