4 0.13984375 0.55078125 0.2796875 0.1953125
4 0.8375 0.5263671875 0.140625 0.076171875
6 0.0265625 0.294921875 0.03125 0.09765625
6 0.028125 0.525390625 0.015625 0.05078125
6 0.7515625 0.2822265625 0.025 0.099609375
8 0.03125 0.392578125 0.0625 0.08984375
8 0.7484375 0.4091796875 0.03125 0.083984375
0 0.29921875 0.55078125 0.0109375 0.04296875
0 0.30859375 0.5478515625 0.0078125 0.029296875
0 0.62109375 0.5361328125 0.0078125 0.029296875
0 0.684375 0.5380859375 0.009375 0.033203125
0 0.70078125 0.5322265625 0.0078125 0.044921875
0 0.73671875 0.5224609375 0.0171875 0.060546875
3 0.42109375 0.5859375 0.0734375 0.078125
1 0.540625 0.6298828125 0.209375 0.197265625
1 0.978125 0.57421875 0.04375 0.08984375
1 0.97421875 0.552734375 0.0515625 0.0703125
1 0.92890625 0.5498046875 0.0453125 0.052734375
1 0.88828125 0.5498046875 0.0359375 0.048828125
