0 0.0890625 0.4033203125 0.071875 0.154296875
0 0.15703125 0.4951171875 0.0484375 0.212890625
0 0.19609375 0.498046875 0.0515625 0.2265625
0 0.4046875 0.4619140625 0.0375 0.068359375
0 0.409375 0.533203125 0.053125 0.10546875
0 0.37109375 0.513671875 0.0328125 0.109375
0 0.6984375 0.5322265625 0.04375 0.162109375
0 0.73515625 0.5419921875 0.0359375 0.138671875
0 0.4734375 0.4619140625 0.034375 0.052734375
0 0.4546875 0.4931640625 0.028125 0.064453125
0 0.34296875 0.5068359375 0.0296875 0.072265625
2 0.46015625 0.7216796875 0.2078125 0.259765625
2 0.7140625 0.576171875 0.05625 0.09765625
2 0.7578125 0.578125 0.084375 0.09765625
2 0.784375 0.5810546875 0.0875 0.095703125
