8 0.45546875 0.423828125 0.0046875 0.01171875
8 0.41953125 0.451171875 0.0109375 0.0234375
0 0.84140625 0.486328125 0.0453125 0.1484375
0 0.8015625 0.4892578125 0.0375 0.142578125
0 0.64453125 0.482421875 0.0484375 0.12890625
0 0.590625 0.4765625 0.046875 0.13671875
1 0.72578125 0.470703125 0.1140625 0.04296875
1 0.47109375 0.4580078125 0.0328125 0.037109375
1 0.43984375 0.4609375 0.0640625 0.04296875
1 0.3796875 0.4580078125 0.065625 0.044921875
1 0.196875 0.45703125 0.103125 0.06640625
1 0.29453125 0.451171875 0.1046875 0.046875
11 0.1921875 0.462890625 0.384375 0.140625
