0 0.34765625 0.4375 0.0359375 0.12890625
0 0.6609375 0.40234375 0.0125 0.01953125
0 0.296875 0.4033203125 0.015625 0.048828125
5 0.478125 0.39453125 0.059375 0.0703125
1 0.90546875 0.58984375 0.1890625 0.29296875
1 0.79765625 0.5078125 0.1859375 0.1640625
1 0.7421875 0.4775390625 0.1 0.123046875
1 0.703125 0.4619140625 0.059375 0.099609375
1 0.66640625 0.44140625 0.0515625 0.0625
1 0.6109375 0.419921875 0.05 0.046875
1 0.58125 0.4169921875 0.034375 0.041015625
1 0.56171875 0.4130859375 0.0296875 0.033203125
