8 0.93125 0.314453125 0.059375 0.1015625
0 0.38828125 0.4853515625 0.0109375 0.013671875
0 0.396875 0.482421875 0.00625 0.01171875
0 0.86171875 0.466796875 0.0203125 0.06640625
0 0.82265625 0.484375 0.0140625 0.0546875
1 0.25703125 0.6015625 0.2671875 0.20703125
1 0.61875 0.5302734375 0.084375 0.111328125
1 0.6875 0.4736328125 0.034375 0.037109375
1 0.71953125 0.4853515625 0.0359375 0.041015625
1 0.73984375 0.4931640625 0.0265625 0.060546875
1 0.778125 0.5029296875 0.065625 0.072265625
1 0.3953125 0.521484375 0.0625 0.06640625
1 0.45546875 0.5068359375 0.0484375 0.052734375
1 0.48671875 0.5 0.0359375 0.0390625
1 0.65 0.4697265625 0.015625 0.021484375
