6 0.73828125 0.3798828125 0.0140625 0.017578125
6 0.73125 0.3291015625 0.015625 0.041015625
6 0.6875 0.28515625 0.04375 0.05078125
6 0.56015625 0.392578125 0.0140625 0.015625
6 0.5625 0.349609375 0.0125 0.0390625
6 0.0921875 0.369140625 0.0125 0.04296875
6 0.11796875 0.4091796875 0.0140625 0.017578125
8 0.77265625 0.3681640625 0.0265625 0.009765625
8 0.73515625 0.359375 0.0109375 0.015625
8 0.696875 0.2392578125 0.028125 0.041015625
8 0.68203125 0.1748046875 0.0421875 0.080078125
8 0.52734375 0.390625 0.0109375 0.01953125
0 0.47578125 0.462890625 0.0265625 0.0703125
0 0.4203125 0.46875 0.03125 0.0703125
0 0.35546875 0.4677734375 0.0296875 0.072265625
0 0.33203125 0.466796875 0.0171875 0.07421875
0 0.31640625 0.4697265625 0.0296875 0.080078125
0 0.17734375 0.5068359375 0.0828125 0.197265625
0 0.09296875 0.4697265625 0.0203125 0.072265625
0 0.0765625 0.4716796875 0.021875 0.072265625
0 0.06640625 0.470703125 0.0140625 0.06640625
1 0.6890625 0.4482421875 0.265625 0.126953125
1 0.50078125 0.458984375 0.0421875 0.0390625
1 0.24453125 0.46875 0.0578125 0.05078125
7 0.5515625 0.466796875 0.009375 0.0390625
