0 0.3390625 0.48046875 0.028125 0.09765625
0 0.82734375 0.4228515625 0.0234375 0.033203125
0 0.78671875 0.42578125 0.0265625 0.03125
0 0.8984375 0.421875 0.028125 0.03515625
2 0.2984375 0.4765625 0.053125 0.04296875
1 0.9625 0.4970703125 0.075 0.162109375
1 0.840625 0.5029296875 0.196875 0.138671875
1 0.72265625 0.5 0.1703125 0.1171875
1 0.64140625 0.4912109375 0.1890625 0.119140625
1 0.58046875 0.4931640625 0.1203125 0.091796875
1 0.48359375 0.4814453125 0.1828125 0.111328125
1 0.41171875 0.4794921875 0.1078125 0.095703125
