4 0.8625 0.419921875 0.275 0.15625
4 0.625 0.4384765625 0.24375 0.115234375
4 0.5 0.4482421875 0.028125 0.083984375
4 0.43203125 0.4541015625 0.0953125 0.041015625
0 0.46328125 0.458984375 0.0109375 0.0390625
0 0.478125 0.4609375 0.009375 0.03515625
0 0.1625 0.4931640625 0.015625 0.060546875
0 0.17890625 0.4892578125 0.0203125 0.068359375
0 0.36484375 0.4609375 0.0078125 0.01953125
0 0.3578125 0.4599609375 0.00625 0.017578125
0 0.37890625 0.46484375 0.0078125 0.0234375
0 0.384375 0.46484375 0.00625 0.0234375
0 0.39140625 0.4638671875 0.0046875 0.021484375
0 0.39765625 0.4638671875 0.0046875 0.021484375
0 0.70703125 0.46875 0.0390625 0.125
0 0.61171875 0.4619140625 0.0203125 0.087890625
0 0.628125 0.46484375 0.01875 0.08203125
0 0.11484375 0.494140625 0.0140625 0.0546875
1 0.95234375 0.4853515625 0.0953125 0.111328125
1 0.94921875 0.4375 0.1015625 0.08984375
1 0.92421875 0.44921875 0.1515625 0.13671875
7 0.340625 0.4775390625 0.00625 0.021484375
11 0.44609375 0.4912109375 0.0078125 0.001953125
