2 0.38984375 0.4716796875 0.0109375 0.013671875
1 0.78671875 0.4453125 0.0265625 0.015625
1 0.46640625 0.4677734375 0.0109375 0.013671875
1 0.44921875 0.455078125 0.0046875 0.0078125
1 0.44453125 0.4580078125 0.0046875 0.005859375
1 0.4265625 0.46484375 0.00625 0.0078125
1 0.41328125 0.4677734375 0.0078125 0.009765625
1 0.40078125 0.466796875 0.0109375 0.01171875
1 0.38515625 0.470703125 0.0046875 0.0078125
1 0.3671875 0.4716796875 0.01875 0.017578125
1 0.3515625 0.4716796875 0.015625 0.017578125
1 0.31953125 0.4755859375 0.0171875 0.017578125
1 0.275 0.4794921875 0.028125 0.025390625
1 0.46953125 0.4443359375 0.0046875 0.005859375
7 0.61953125 0.478515625 0.0109375 0.0390625
