0 0.75859375 0.4951171875 0.0203125 0.041015625
0 0.68515625 0.48046875 0.0203125 0.05078125
0 0.65625 0.4931640625 0.025 0.076171875
0 0.21015625 0.578125 0.0609375 0.234375
0 0.16640625 0.5947265625 0.0484375 0.205078125
0 0.1203125 0.603515625 0.065625 0.25390625
2 0.48515625 0.4423828125 0.0046875 0.013671875
1 0.93515625 0.7744140625 0.1296875 0.259765625
1 0.96328125 0.5224609375 0.0734375 0.134765625
1 0.71953125 0.5771484375 0.1765625 0.146484375
1 0.60546875 0.5048828125 0.0828125 0.076171875
1 0.57421875 0.4775390625 0.0703125 0.072265625
1 0.53203125 0.4580078125 0.0328125 0.037109375
1 0.5171875 0.4501953125 0.01875 0.033203125
1 0.5109375 0.4453125 0.015625 0.0234375
1 0.49765625 0.435546875 0.0109375 0.015625
1 0.50625 0.4375 0.015625 0.015625
1 0.49375 0.431640625 0.0125 0.015625
1 0.4890625 0.42578125 0.00625 0.0078125
1 0.475 0.423828125 0.00625 0.0078125
1 0.4828125 0.4228515625 0.00625 0.005859375
1 0.46953125 0.4248046875 0.0078125 0.009765625
1 0.46015625 0.42578125 0.0078125 0.0078125
1 0.45625 0.427734375 0.0125 0.0078125
1 0.4453125 0.4306640625 0.0125 0.013671875
1 0.4359375 0.435546875 0.015625 0.015625
1 0.42265625 0.4384765625 0.0234375 0.021484375
1 0.4078125 0.451171875 0.03125 0.03515625
1 0.3875 0.4580078125 0.03125 0.029296875
1 0.371875 0.4697265625 0.040625 0.041015625
1 0.35078125 0.4765625 0.0328125 0.04296875
1 0.3375 0.4892578125 0.040625 0.060546875
1 0.2890625 0.4951171875 0.078125 0.083984375
1 0.184375 0.5146484375 0.175 0.134765625
1 0.06484375 0.58984375 0.0859375 0.16015625
1 0.03125 0.623046875 0.0625 0.2265625
1 0.66171875 0.4560546875 0.0484375 0.029296875
1 0.70390625 0.44921875 0.0328125 0.015625
1 0.66875 0.4345703125 0.04375 0.017578125
1 0.5265625 0.42578125 0.015625 0.0078125
