6 0.44609375 0.4072265625 0.0046875 0.017578125
6 0.51875 0.380859375 0.00625 0.0234375
6 0.575 0.458984375 0.00625 0.01953125
6 0.1640625 0.458984375 0.009375 0.02734375
8 0.825 0.3193359375 0.196875 0.189453125
8 0.5390625 0.458984375 0.021875 0.01953125
8 0.68125 0.4453125 0.046875 0.015625
0 0.5265625 0.498046875 0.00625 0.015625
1 0.0828125 0.5703125 0.165625 0.1640625
1 0.165625 0.521484375 0.04375 0.04296875
1 0.23515625 0.5830078125 0.1828125 0.166015625
1 0.428125 0.505859375 0.03125 0.03515625
1 0.48125 0.482421875 0.084375 0.078125
1 0.4828125 0.509765625 0.06875 0.0234375
1 0.503125 0.5439453125 0.096875 0.068359375
1 0.4546875 0.6259765625 0.20625 0.212890625
1 0.23125 0.4931640625 0.0875 0.037109375
