0 0.68125 0.4853515625 0.01875 0.076171875
1 0.4875 0.421875 0.009375 0.01171875
1 0.47109375 0.427734375 0.0109375 0.015625
1 0.46015625 0.4267578125 0.0140625 0.017578125
1 0.4453125 0.4384765625 0.021875 0.017578125
1 0.425 0.4521484375 0.03125 0.033203125
1 0.384375 0.466796875 0.046875 0.05859375
1 0.3796875 0.4501953125 0.06875 0.037109375
1 0.3796875 0.4755859375 0.040625 0.060546875
1 0.35078125 0.484375 0.0546875 0.0703125
1 0.34375 0.4951171875 0.046875 0.076171875
1 0.28359375 0.50390625 0.1046875 0.109375
1 0.10234375 0.5791015625 0.2046875 0.255859375
1 0.01640625 0.6484375 0.0328125 0.21875
1 0.5171875 0.4326171875 0.01875 0.017578125
1 0.53203125 0.431640625 0.0109375 0.01953125
1 0.54375 0.4375 0.025 0.02734375
1 0.584375 0.439453125 0.028125 0.0390625
1 0.6078125 0.4482421875 0.040625 0.033203125
1 0.64140625 0.4521484375 0.0578125 0.044921875
1 0.6640625 0.45703125 0.0625 0.046875
1 0.678125 0.4716796875 0.053125 0.044921875
1 0.7296875 0.462890625 0.0625 0.0625
1 0.94765625 0.451171875 0.0515625 0.03125
1 0.85234375 0.4931640625 0.1484375 0.095703125
1 0.76328125 0.5732421875 0.1890625 0.154296875
1 0.921875 0.517578125 0.109375 0.10546875
2 0.54453125 0.4560546875 0.0109375 0.017578125
