6 0.4375 0.400390625 0.00625 0.015625
6 0.43125 0.38671875 0.00625 0.01953125
8 0.84765625 0.3125 0.0234375 0.046875
0 0.80078125 0.4658203125 0.0328125 0.111328125
0 0.76953125 0.4755859375 0.0296875 0.091796875
0 0.3359375 0.4638671875 0.0125 0.037109375
0 0.296875 0.462890625 0.0125 0.0390625
0 0.346875 0.4609375 0.009375 0.03125
2 0.36640625 0.4794921875 0.0109375 0.029296875
2 0.3875 0.474609375 0.009375 0.01953125
2 0.23046875 0.5146484375 0.0265625 0.068359375
2 0.08984375 0.51171875 0.0546875 0.08984375
2 0.06015625 0.5029296875 0.0453125 0.072265625
2 0.1984375 0.4892578125 0.034375 0.064453125
2 0.1734375 0.4921875 0.025 0.05859375
2 0.1390625 0.4990234375 0.028125 0.072265625
2 0.29140625 0.48046875 0.0109375 0.0390625
2 0.2671875 0.482421875 0.01875 0.046875
2 0.0171875 0.5224609375 0.034375 0.103515625
1 0.63203125 0.5 0.1390625 0.1328125
1 0.55703125 0.4873046875 0.0640625 0.091796875
1 0.52421875 0.4814453125 0.0390625 0.068359375
1 0.5 0.470703125 0.034375 0.04296875
1 0.43984375 0.4697265625 0.0453125 0.044921875
