6 0.346875 0.3818359375 0.00625 0.021484375
8 0.53671875 0.41015625 0.0265625 0.02734375
8 0.5375 0.439453125 0.01875 0.02734375
0 0.93828125 0.5654296875 0.0109375 0.029296875
0 0.9265625 0.5615234375 0.0125 0.029296875
0 0.7796875 0.5498046875 0.015625 0.041015625
0 0.8125 0.4521484375 0.009375 0.029296875
0 0.2609375 0.455078125 0.0125 0.05078125
0 0.246875 0.4501953125 0.015625 0.052734375
0 0.22890625 0.451171875 0.0203125 0.05859375
0 0.20390625 0.453125 0.0140625 0.05859375
0 0.165625 0.4521484375 0.034375 0.119140625
0 0.11875 0.4521484375 0.0375 0.119140625
0 0.271875 0.451171875 0.009375 0.03515625
1 0.43671875 0.4609375 0.0328125 0.03125
1 0.37265625 0.4580078125 0.0296875 0.037109375
1 0.3203125 0.4775390625 0.09375 0.076171875
1 0.409375 0.4638671875 0.021875 0.025390625
