8 0.6296875 0.48828125 0.01875 0.0390625
2 0.1734375 0.5048828125 0.05 0.076171875
2 0.50703125 0.478515625 0.0078125 0.01953125
2 0.4953125 0.4794921875 0.009375 0.021484375
1 0.24296875 0.47265625 0.1109375 0.0703125
1 0.33359375 0.4775390625 0.1453125 0.126953125
1 0.4125 0.4755859375 0.03125 0.041015625
1 0.44296875 0.4677734375 0.0609375 0.044921875
1 0.54609375 0.486328125 0.0546875 0.07421875
1 0.66015625 0.4755859375 0.2203125 0.111328125
1 0.92734375 0.4794921875 0.1453125 0.048828125
1 0.8515625 0.45703125 0.171875 0.0546875
11 0.44296875 0.45703125 0.1015625 0.0625
