8 0.25546875 0.4052734375 0.0078125 0.017578125
8 0.28984375 0.447265625 0.0078125 0.0078125
8 0.28984375 0.453125 0.0046875 0.00390625
8 0.5578125 0.4580078125 0.00625 0.009765625
0 0.5265625 0.4755859375 0.015625 0.052734375
0 0.61484375 0.474609375 0.0140625 0.05078125
0 0.88671875 0.5068359375 0.0234375 0.037109375
0 0.92421875 0.4951171875 0.0265625 0.041015625
0 0.94765625 0.4912109375 0.0203125 0.048828125
2 0.8390625 0.5078125 0.053125 0.05078125
1 0.03046875 0.51171875 0.0609375 0.12109375
1 0.08203125 0.4873046875 0.1390625 0.150390625
1 0.18046875 0.4921875 0.0703125 0.08984375
1 0.22578125 0.490234375 0.0546875 0.06640625
1 0.27109375 0.4794921875 0.0421875 0.044921875
1 0.33125 0.4736328125 0.0375 0.033203125
1 0.36953125 0.4765625 0.0390625 0.03515625
