6 0.35703125 0.328125 0.0203125 0.05859375
6 0.69921875 0.21484375 0.0390625 0.109375
6 0.7 0.3125 0.040625 0.04296875
8 0.28984375 0.35546875 0.0390625 0.02734375
8 0.484375 0.173828125 0.03125 0.05859375
0 0.2484375 0.4638671875 0.028125 0.083984375
0 0.28359375 0.474609375 0.0453125 0.1328125
0 0.38359375 0.4765625 0.0484375 0.25
0 0.446875 0.4619140625 0.021875 0.123046875
0 0.4921875 0.4638671875 0.025 0.107421875
0 0.56015625 0.412109375 0.0328125 0.0703125
0 0.51875 0.423828125 0.05625 0.0859375
2 0.49453125 0.5302734375 0.0328125 0.123046875
5 0.68515625 0.3974609375 0.3140625 0.220703125
1 0.10234375 0.4951171875 0.2046875 0.255859375
1 0.03515625 0.58203125 0.0703125 0.390625
