6 0.7 0.3134765625 0.0375 0.041015625
6 0.6953125 0.208984375 0.03125 0.09375
6 0.35390625 0.3251953125 0.0171875 0.052734375
6 0.07890625 0.349609375 0.0109375 0.04296875
0 0.27890625 0.4638671875 0.0296875 0.091796875
0 0.25078125 0.474609375 0.0359375 0.12109375
0 0.5421875 0.4130859375 0.040625 0.052734375
0 0.490625 0.462890625 0.025 0.12109375
0 0.4296875 0.482421875 0.053125 0.171875
0 0.3828125 0.4755859375 0.05 0.248046875
0 0.1875 0.43359375 0.0125 0.046875
2 0.41796875 0.5185546875 0.0484375 0.107421875
5 0.68359375 0.3974609375 0.3140625 0.205078125
1 0.10234375 0.4912109375 0.2046875 0.251953125
1 0.03359375 0.5849609375 0.0671875 0.396484375
