0 0.434375 0.451171875 0.00625 0.02734375
2 0.4078125 0.4794921875 0.01875 0.033203125
2 0.50546875 0.48046875 0.0140625 0.03515625
1 0.47734375 0.4345703125 0.0078125 0.013671875
1 0.47109375 0.4365234375 0.0078125 0.013671875
1 0.46328125 0.4375 0.0109375 0.015625
1 0.45390625 0.439453125 0.0109375 0.015625
1 0.4421875 0.4462890625 0.0125 0.017578125
1 0.44609375 0.443359375 0.0109375 0.015625
1 0.4203125 0.4501953125 0.021875 0.029296875
1 0.4125 0.455078125 0.028125 0.03515625
1 0.39375 0.453125 0.0125 0.015625
1 0.36171875 0.5029296875 0.0890625 0.119140625
1 0.165625 0.4990234375 0.06875 0.056640625
1 0.2359375 0.5576171875 0.21875 0.232421875
1 0.0875 0.5693359375 0.146875 0.138671875
1 0.01875 0.5810546875 0.0375 0.068359375
1 0.06953125 0.775390625 0.1390625 0.3515625
1 0.49375 0.4501953125 0.0375 0.044921875
1 0.52890625 0.44921875 0.0140625 0.03125
1 0.54609375 0.4560546875 0.0421875 0.052734375
1 0.55234375 0.4658203125 0.0265625 0.044921875
1 0.62890625 0.4345703125 0.0234375 0.017578125
1 0.70703125 0.4423828125 0.0859375 0.033203125
1 0.659375 0.4453125 0.040625 0.03515625
1 0.64609375 0.4423828125 0.0453125 0.033203125
1 0.58359375 0.4775390625 0.0765625 0.076171875
1 0.58203125 0.4970703125 0.0546875 0.072265625
1 0.61171875 0.5166015625 0.0953125 0.107421875
1 0.65859375 0.556640625 0.1046875 0.1328125
1 0.8234375 0.6416015625 0.353125 0.326171875
1 0.9375 0.8896484375 0.125 0.220703125
