0 0.9734375 0.4423828125 0.040625 0.123046875
0 0.9109375 0.447265625 0.05 0.13671875
0 0.93125 0.4521484375 0.03125 0.134765625
0 0.7125 0.4091796875 0.015625 0.044921875
0 0.68125 0.40625 0.0125 0.04296875
0 0.69140625 0.4052734375 0.0140625 0.044921875
1 0.12421875 0.5908203125 0.2484375 0.369140625
1 0.275 0.4990234375 0.19375 0.193359375
1 0.3546875 0.455078125 0.1125 0.12890625
1 0.41171875 0.4140625 0.1359375 0.09375
1 0.540625 0.42578125 0.11875 0.1484375
1 0.61484375 0.4189453125 0.0296875 0.041015625
1 0.65859375 0.4365234375 0.0734375 0.076171875
1 0.71015625 0.46484375 0.0921875 0.1171875
1 0.81640625 0.5048828125 0.2046875 0.185546875
1 0.9265625 0.583984375 0.146875 0.29296875
1 0.48671875 0.41015625 0.0171875 0.0390625
