4 0.13359375 0.439453125 0.0921875 0.06640625
6 0.25625 0.333984375 0.00625 0.01953125
6 0.315625 0.326171875 0.00625 0.01953125
6 0.37890625 0.3330078125 0.0046875 0.013671875
6 0.428125 0.33203125 0.00625 0.015625
8 0.190625 0.3642578125 0.03125 0.009765625
8 0.4703125 0.349609375 0.01875 0.0078125
8 0.484375 0.3564453125 0.025 0.005859375
8 0.590625 0.39453125 0.009375 0.015625
1 0.0375 0.5234375 0.075 0.19140625
1 0.275 0.4306640625 0.034375 0.029296875
1 0.3546875 0.41796875 0.025 0.01953125
1 0.415625 0.4140625 0.01875 0.0234375
1 0.4328125 0.392578125 0.0125 0.015625
1 0.45625 0.388671875 0.0125 0.01171875
1 0.46953125 0.4345703125 0.0296875 0.033203125
1 0.4453125 0.453125 0.05 0.046875
1 0.32734375 0.40234375 0.0140625 0.015625
1 0.45546875 0.416015625 0.0234375 0.0234375
