8 0.34765625 0.4072265625 0.0140625 0.017578125
0 0.54609375 0.4560546875 0.0078125 0.025390625
2 0.6359375 0.5244140625 0.021875 0.068359375
2 0.39765625 0.470703125 0.0421875 0.03125
1 0.03203125 0.490234375 0.0640625 0.1328125
1 0.12109375 0.49609375 0.1234375 0.1015625
1 0.1921875 0.4853515625 0.078125 0.076171875
1 0.51015625 0.458984375 0.0109375 0.0078125
1 0.4921875 0.4541015625 0.01875 0.021484375
1 0.4734375 0.4560546875 0.0125 0.013671875
1 0.45859375 0.4560546875 0.0140625 0.013671875
1 0.43828125 0.453125 0.0140625 0.01953125
1 0.4265625 0.453125 0.015625 0.0234375
1 0.39921875 0.4541015625 0.0453125 0.033203125
0 0.52578125 0.4521484375 0.0078125 0.029296875
