6 0.36875 0.4375 0.003125 0.01171875
6 0.3734375 0.4384765625 0.003125 0.009765625
8 0.83203125 0.2890625 0.0390625 0.0625
8 0.575 0.4169921875 0.0125 0.009765625
8 0.21796875 0.4150390625 0.0203125 0.021484375
8 0.5703125 0.4306640625 0.00625 0.009765625
2 0.559375 0.4931640625 0.025 0.056640625
1 0.60078125 0.4814453125 0.0578125 0.064453125
1 0.58828125 0.4755859375 0.0484375 0.064453125
1 0.4578125 0.4990234375 0.171875 0.205078125
1 0.3296875 0.4912109375 0.09375 0.087890625
1 0.253125 0.4892578125 0.06875 0.080078125
1 0.1859375 0.505859375 0.11875 0.09765625
1 0.76171875 0.4619140625 0.0546875 0.068359375
