6 0.79921875 0.177734375 0.0265625 0.078125
6 0.10234375 0.3466796875 0.0171875 0.056640625
6 0.0984375 0.41796875 0.01875 0.0234375
8 0.88359375 0.419921875 0.0140625 0.0234375
8 0.1078125 0.390625 0.040625 0.01953125
0 0.984375 0.513671875 0.03125 0.1171875
0 0.20234375 0.482421875 0.0140625 0.05859375
0 0.228125 0.48828125 0.015625 0.05078125
0 0.23671875 0.484375 0.0140625 0.05078125
0 0.25234375 0.4814453125 0.0140625 0.052734375
1 0.35859375 0.5146484375 0.1015625 0.076171875
8 0.659375 0.4658203125 0.025 0.005859375
8 0.69296875 0.4716796875 0.0078125 0.009765625
8 0.47578125 0.4794921875 0.0078125 0.009765625
8 0.846875 0.44921875 0.01875 0.0234375
