6 0.896875 0.2841796875 0.015625 0.056640625
6 0.87109375 0.2880859375 0.0171875 0.052734375
6 0.34140625 0.376953125 0.0046875 0.01953125
8 0.653125 0.380859375 0.009375 0.015625
8 0.54765625 0.4189453125 0.0234375 0.033203125
0 0.18359375 0.4111328125 0.0171875 0.037109375
2 0.8625 0.4873046875 0.05625 0.083984375
5 0.50859375 0.4306640625 0.0265625 0.041015625
1 0.26640625 0.4775390625 0.1984375 0.162109375
1 0.6265625 0.4501953125 0.075 0.056640625
1 0.58984375 0.4453125 0.0296875 0.046875
1 0.575 0.4453125 0.025 0.04296875
1 0.5609375 0.4423828125 0.028125 0.041015625
1 0.5265625 0.439453125 0.028125 0.02734375
1 0.4890625 0.44140625 0.015625 0.015625
1 0.45703125 0.4404296875 0.0171875 0.017578125
