6 0.27734375 0.0322265625 0.0328125 0.064453125
8 0.67734375 0.427734375 0.0234375 0.01171875
8 0.6765625 0.412109375 0.021875 0.01171875
8 0.65390625 0.4287109375 0.0234375 0.009765625
5 0.16953125 0.5625 0.3328125 0.3515625
1 0.83125 0.6337890625 0.26875 0.259765625
1 0.72421875 0.5146484375 0.0703125 0.072265625
1 0.64140625 0.5244140625 0.0984375 0.111328125
1 0.5859375 0.50390625 0.03125 0.05078125
1 0.5578125 0.517578125 0.053125 0.0703125
1 0.48984375 0.53515625 0.1203125 0.1171875
1 0.4171875 0.5390625 0.06875 0.08203125
1 0.23984375 0.6435546875 0.3140625 0.259765625
1 0.68671875 0.4931640625 0.0203125 0.037109375
