6 0.27578125 0.28515625 0.0078125 0.03515625
6 0.37890625 0.28515625 0.0078125 0.03125
6 0.253125 0.3896484375 0.00625 0.021484375
6 0.1890625 0.3955078125 0.00625 0.021484375
6 0.44296875 0.318359375 0.0046875 0.0234375
6 0.50234375 0.314453125 0.0046875 0.0234375
6 0.62578125 0.37109375 0.0078125 0.0234375
6 0.59375 0.4013671875 0.00625 0.009765625
6 0.6515625 0.39453125 0.009375 0.01171875
6 0.6296875 0.3994140625 0.00625 0.009765625
6 0.646875 0.3583984375 0.00625 0.029296875
6 0.5921875 0.375 0.00625 0.0234375
6 0.2546875 0.4130859375 0.00625 0.009765625
8 0.20859375 0.328125 0.0546875 0.015625
8 0.35703125 0.2724609375 0.0140625 0.017578125
8 0.4578125 0.310546875 0.009375 0.01171875
8 0.5390625 0.345703125 0.0375 0.0078125
1 0.0171875 0.4716796875 0.034375 0.091796875
1 0.17109375 0.466796875 0.0984375 0.08203125
1 0.290625 0.451171875 0.05625 0.0546875
1 0.33203125 0.4423828125 0.0421875 0.048828125
1 0.36484375 0.4384765625 0.0265625 0.033203125
1 0.3875 0.4365234375 0.021875 0.021484375
1 0.40625 0.4306640625 0.01875 0.021484375
1 0.41875 0.4296875 0.009375 0.015625
1 0.59609375 0.4365234375 0.0734375 0.037109375
1 0.54140625 0.4384765625 0.0484375 0.056640625
1 0.4734375 0.4541015625 0.103125 0.115234375
