6 0.7375 0.3798828125 0.0125 0.017578125
6 0.7421875 0.3271484375 0.009375 0.033203125
6 0.559375 0.3916015625 0.0125 0.013671875
6 0.56171875 0.3505859375 0.0109375 0.041015625
6 0.09140625 0.3701171875 0.0109375 0.044921875
6 0.11875 0.408203125 0.0125 0.015625
6 0.6859375 0.2861328125 0.04375 0.048828125
8 0.734375 0.361328125 0.009375 0.015625
8 0.7734375 0.3671875 0.025 0.0078125
8 0.69296875 0.2412109375 0.0359375 0.041015625
8 0.68203125 0.1796875 0.0390625 0.08203125
8 0.52734375 0.388671875 0.0109375 0.015625
0 0.71328125 0.4521484375 0.0140625 0.064453125
0 0.675 0.4521484375 0.021875 0.068359375
0 0.659375 0.453125 0.01875 0.0703125
0 0.621875 0.4501953125 0.015625 0.068359375
0 0.6140625 0.4541015625 0.01875 0.068359375
0 0.58984375 0.458984375 0.0140625 0.07421875
0 0.57421875 0.4599609375 0.0203125 0.080078125
0 0.39765625 0.4658203125 0.0140625 0.076171875
0 0.38984375 0.4658203125 0.0171875 0.080078125
0 0.07421875 0.470703125 0.0140625 0.0625
0 0.0609375 0.46875 0.015625 0.0703125
0 0.18515625 0.46484375 0.0140625 0.05078125
0 0.2078125 0.466796875 0.009375 0.046875
0 0.26953125 0.455078125 0.0109375 0.0234375
0 0.790625 0.4453125 0.0125 0.05078125
1 0.47890625 0.4541015625 0.0078125 0.009765625
1 0.43671875 0.455078125 0.0109375 0.01171875
1 0.24609375 0.466796875 0.0578125 0.046875
1 0.503125 0.458984375 0.040625 0.0390625
7 0.55078125 0.466796875 0.0078125 0.03515625
