6 0.2546875 0.3623046875 0.00625 0.017578125
6 0.25859375 0.3837890625 0.0046875 0.013671875
6 0.31484375 0.4150390625 0.0046875 0.013671875
6 0.31484375 0.4287109375 0.0046875 0.005859375
6 0.3484375 0.4287109375 0.003125 0.009765625
6 0.34921875 0.416015625 0.0046875 0.01171875
6 0.39765625 0.4091796875 0.0046875 0.017578125
6 0.4015625 0.42578125 0.00625 0.0078125
8 0.28671875 0.400390625 0.0203125 0.0078125
8 0.2578125 0.4267578125 0.00625 0.009765625
1 0.2890625 0.44921875 0.03125 0.02734375
6 0.42578125 0.37109375 0.0078125 0.015625
8 0.23515625 0.373046875 0.0265625 0.0078125
