8 0.875 0.3681640625 0.09375 0.138671875
0 0.09375 0.5068359375 0.0125 0.048828125
0 0.034375 0.5146484375 0.01875 0.056640625
1 0.7703125 0.4501953125 0.071875 0.068359375
1 0.915625 0.453125 0.078125 0.0390625
1 0.540625 0.453125 0.01875 0.01953125
1 0.534375 0.4423828125 0.015625 0.017578125
1 0.521875 0.443359375 0.009375 0.01171875
1 0.51171875 0.44140625 0.0109375 0.01171875
1 0.4734375 0.4462890625 0.015625 0.017578125
1 0.4 0.44140625 0.009375 0.01171875
1 0.3875 0.4384765625 0.009375 0.009765625
1 0.36875 0.4716796875 0.028125 0.029296875
1 0.19140625 0.482421875 0.0671875 0.0390625
1 0.390625 0.4541015625 0.015625 0.017578125
