0 0.83515625 0.541015625 0.0796875 0.33984375
0 0.753125 0.5380859375 0.096875 0.369140625
1 0.959375 0.5126953125 0.08125 0.357421875
1 0.65 0.48828125 0.15625 0.12109375
1 0.57109375 0.4814453125 0.1046875 0.119140625
1 0.5 0.4755859375 0.075 0.091796875
1 0.45859375 0.4765625 0.0484375 0.08203125
1 0.43203125 0.4775390625 0.0484375 0.076171875
1 0.2859375 0.5693359375 0.321875 0.314453125
1 0.0375 0.4912109375 0.075 0.162109375
1 0.0765625 0.48046875 0.103125 0.14453125
1 0.153125 0.466796875 0.078125 0.10546875
