0 0.13046875 0.45703125 0.0234375 0.0859375
0 0.096875 0.45703125 0.01875 0.08203125
0 0.740625 0.4443359375 0.015625 0.037109375
0 0.76796875 0.4384765625 0.0109375 0.029296875
0 0.77421875 0.4423828125 0.0140625 0.037109375
0 0.984375 0.5224609375 0.03125 0.130859375
1 0.871875 0.4755859375 0.14375 0.080078125
1 0.78515625 0.5146484375 0.2578125 0.111328125
1 0.39140625 0.4345703125 0.0140625 0.017578125
1 0.38046875 0.4306640625 0.0109375 0.013671875
1 0.36953125 0.4306640625 0.0109375 0.013671875
1 0.34375 0.4365234375 0.025 0.029296875
1 0.32578125 0.4365234375 0.0296875 0.037109375
1 0.303125 0.4384765625 0.03125 0.044921875
1 0.2828125 0.4404296875 0.021875 0.044921875
1 0.2578125 0.43359375 0.046875 0.04296875
1 0.17265625 0.4462890625 0.0859375 0.064453125
1 0.2140625 0.4287109375 0.053125 0.033203125
1 0.2328125 0.4970703125 0.125 0.119140625
1 0.4109375 0.4365234375 0.015625 0.021484375
1 0.41875 0.44140625 0.015625 0.0234375
1 0.43125 0.443359375 0.01875 0.03125
1 0.4375 0.44921875 0.01875 0.03125
1 0.45078125 0.4501953125 0.0265625 0.037109375
1 0.478125 0.458984375 0.053125 0.05859375
1 0.48828125 0.4638671875 0.0671875 0.056640625
1 0.5015625 0.48046875 0.075 0.0703125
