6 0.80625 0.3095703125 0.025 0.068359375
6 0.159375 0.330078125 0.01875 0.06640625
6 0.215625 0.4443359375 0.009375 0.025390625
6 0.16796875 0.4814453125 0.0109375 0.033203125
6 0.92265625 0.36328125 0.0109375 0.02734375
6 0.83203125 0.4462890625 0.0109375 0.037109375
6 0.93046875 0.396484375 0.0140625 0.01953125
8 0.16484375 0.4482421875 0.0359375 0.021484375
8 0.709375 0.423828125 0.0125 0.015625
8 0.83203125 0.4169921875 0.0140625 0.017578125
8 0.08828125 0.4912109375 0.0171875 0.021484375
8 0.071875 0.4921875 0.009375 0.01953125
5 0.43671875 0.4853515625 0.0515625 0.056640625
3 0.2640625 0.54296875 0.0375 0.0390625
1 0.14921875 0.6689453125 0.2984375 0.310546875
1 0.51328125 0.6875 0.3296875 0.359375
1 0.55625 0.517578125 0.159375 0.0625
1 0.35234375 0.5048828125 0.0453125 0.044921875
1 0.38203125 0.498046875 0.0265625 0.04296875
1 0.39609375 0.498046875 0.0359375 0.0390625
1 0.4703125 0.4873046875 0.01875 0.025390625
1 0.5140625 0.4755859375 0.021875 0.021484375
1 0.56796875 0.466796875 0.0140625 0.01171875
1 0.58984375 0.46484375 0.0109375 0.01171875
1 0.615625 0.4619140625 0.009375 0.009765625
1 0.253125 0.578125 0.08125 0.125
1 0.08828125 0.513671875 0.0921875 0.0234375
1 0.603125 0.4580078125 0.00625 0.005859375
