6 0.134375 0.2822265625 0.01875 0.064453125
6 0.13203125 0.3583984375 0.0203125 0.029296875
6 0.5390625 0.0830078125 0.01875 0.072265625
6 0.79453125 0.26171875 0.0203125 0.0703125
6 0.7921875 0.3427734375 0.021875 0.033203125
0 0.7109375 0.4619140625 0.01875 0.044921875
0 0.7265625 0.4638671875 0.015625 0.048828125
0 0.659375 0.4521484375 0.0125 0.044921875
0 0.62890625 0.4560546875 0.0140625 0.041015625
2 0.55078125 0.4609375 0.0046875 0.015625
2 0.56484375 0.4609375 0.0046875 0.01171875
1 0.46875 0.4521484375 0.015625 0.013671875
1 0.3890625 0.466796875 0.109375 0.11328125
1 0.28046875 0.4677734375 0.0921875 0.083984375
2 0.73671875 0.4765625 0.0203125 0.0546875
