4 0.03203125 0.4580078125 0.0640625 0.119140625
6 0.90546875 0.3154296875 0.0171875 0.052734375
6 0.90625 0.376953125 0.01875 0.0234375
6 0.5875 0.1650390625 0.015625 0.060546875
6 0.32421875 0.146484375 0.0140625 0.05859375
6 0.46015625 0.412109375 0.0046875 0.01171875
6 0.41953125 0.4072265625 0.0046875 0.017578125
8 0.71953125 0.240234375 0.0953125 0.02734375
8 0.7125 0.40625 0.009375 0.0078125
8 0.71171875 0.3916015625 0.0140625 0.017578125
0 0.20703125 0.5283203125 0.1546875 0.322265625
0 0.55546875 0.4619140625 0.0078125 0.029296875
0 0.54765625 0.4619140625 0.0078125 0.029296875
0 0.78671875 0.4521484375 0.0296875 0.044921875
5 0.45703125 0.4501953125 0.0140625 0.021484375
1 0.184375 0.48046875 0.08125 0.08984375
1 0.1328125 0.48046875 0.034375 0.04296875
1 0.365625 0.5029296875 0.303125 0.130859375
1 0.4703125 0.4619140625 0.015625 0.021484375
1 0.9203125 0.5009765625 0.159375 0.126953125
7 0.76796875 0.4892578125 0.0171875 0.041015625
