8 0.6390625 0.3935546875 0.025 0.029296875
8 0.640625 0.4140625 0.01875 0.0078125
8 0.68203125 0.396484375 0.0140625 0.02734375
0 0.825 0.482421875 0.0125 0.078125
0 0.96640625 0.513671875 0.0515625 0.0703125
2 0.959375 0.68359375 0.08125 0.19140625
2 0.7859375 0.552734375 0.03125 0.08203125
2 0.734375 0.55859375 0.05625 0.1015625
2 0.715625 0.515625 0.03125 0.0859375
2 0.7828125 0.478515625 0.040625 0.04296875
2 0.6140625 0.525390625 0.04375 0.0859375
1 0.8140625 0.4384765625 0.084375 0.041015625
1 0.6765625 0.4658203125 0.090625 0.052734375
1 0.63203125 0.4326171875 0.0078125 0.017578125
1 0.65546875 0.431640625 0.0171875 0.01953125
1 0.23359375 0.4423828125 0.0296875 0.017578125
1 0.1328125 0.4765625 0.115625 0.046875
