8 0.54375 0.306640625 0.025 0.03125
8 0.446875 0.2900390625 0.0625 0.017578125
0 0.6078125 0.3984375 0.015625 0.0234375
0 0.59140625 0.392578125 0.0140625 0.0234375
0 0.5765625 0.3974609375 0.015625 0.025390625
0 0.43515625 0.4404296875 0.0109375 0.037109375
0 0.3921875 0.4013671875 0.009375 0.025390625
0 0.378125 0.3759765625 0.00625 0.021484375
0 0.37265625 0.39453125 0.0078125 0.02734375
0 0.41484375 0.4267578125 0.0109375 0.033203125
1 0.0421875 0.490234375 0.084375 0.109375
1 0.4109375 0.4775390625 0.071875 0.068359375
1 0.32421875 0.421875 0.0296875 0.03125
1 0.31875 0.4541015625 0.053125 0.052734375
1 0.3515625 0.3740234375 0.021875 0.025390625
1 0.34140625 0.3544921875 0.0171875 0.017578125
1 0.32265625 0.365234375 0.0171875 0.01953125
1 0.24140625 0.3623046875 0.0203125 0.021484375
