6 0.9671875 0.3505859375 0.0125 0.041015625
6 0.8859375 0.259765625 0.009375 0.03515625
6 0.8421875 0.2666015625 0.009375 0.033203125
6 0.9421875 0.3896484375 0.0125 0.025390625
6 0.9234375 0.3916015625 0.009375 0.021484375
6 0.9234375 0.32421875 0.015625 0.0546875
6 0.5984375 0.3818359375 0.00625 0.033203125
6 0.54140625 0.3388671875 0.0078125 0.033203125
6 0.09609375 0.392578125 0.0109375 0.03125
6 0.04765625 0.1923828125 0.0203125 0.072265625
6 0.80625 0.39453125 0.009375 0.02734375
8 0.865625 0.259765625 0.00625 0.01953125
8 0.98359375 0.404296875 0.0140625 0.02734375
0 0.95 0.4697265625 0.021875 0.072265625
0 0.96171875 0.4677734375 0.0171875 0.076171875
0 0.8921875 0.470703125 0.028125 0.08203125
0 0.81484375 0.4794921875 0.0171875 0.076171875
0 0.7859375 0.4814453125 0.025 0.076171875
0 0.55625 0.4755859375 0.01875 0.087890625
0 0.56640625 0.478515625 0.0203125 0.08203125
0 0.1484375 0.4453125 0.021875 0.046875
0 0.09453125 0.4658203125 0.0203125 0.080078125
2 0.8390625 0.4609375 0.025 0.05859375
1 0.921875 0.4677734375 0.04375 0.041015625
1 0.69921875 0.51171875 0.1671875 0.16796875
