8 0.40703125 0.423828125 0.0109375 0.01171875
0 0.73046875 0.4736328125 0.0234375 0.080078125
0 0.5296875 0.4560546875 0.00625 0.021484375
0 0.52109375 0.4560546875 0.0078125 0.025390625
2 0.60546875 0.505859375 0.0234375 0.0390625
1 0.51015625 0.458984375 0.0109375 0.01171875
1 0.5 0.4619140625 0.00625 0.005859375
1 0.49140625 0.458984375 0.0078125 0.0078125
1 0.4828125 0.458984375 0.009375 0.01171875
1 0.47265625 0.458984375 0.0109375 0.01171875
1 0.4609375 0.4580078125 0.009375 0.017578125
1 0.44375 0.4560546875 0.021875 0.025390625
1 0.453125 0.4580078125 0.009375 0.021484375
1 0.434375 0.458984375 0.021875 0.0234375
1 0.35859375 0.470703125 0.0359375 0.046875
1 0.32421875 0.4716796875 0.0484375 0.056640625
1 0.296875 0.4814453125 0.065625 0.056640625
1 0.2359375 0.4892578125 0.05625 0.076171875
1 0.16796875 0.49609375 0.1265625 0.09765625
7 0.7265625 0.53125 0.01875 0.0546875
