6 0.73125 0.408203125 0.021875 0.0625
6 0.7515625 0.5361328125 0.009375 0.029296875
6 0.94296875 0.447265625 0.0140625 0.04296875
8 0.83671875 0.498046875 0.0171875 0.0234375
8 0.94296875 0.4833984375 0.0265625 0.029296875
0 0.65390625 0.556640625 0.0140625 0.05078125
0 0.81171875 0.5615234375 0.0203125 0.068359375
0 0.5203125 0.537109375 0.003125 0.01171875
5 0.43125 0.5361328125 0.053125 0.064453125
3 0.87734375 0.5947265625 0.1046875 0.126953125
3 0.89609375 0.623046875 0.0765625 0.1796875
3 0.9484375 0.6337890625 0.103125 0.162109375
3 0.9625 0.6494140625 0.075 0.154296875
1 0.10625 0.669921875 0.2125 0.23046875
1 0.271875 0.5849609375 0.15625 0.142578125
1 0.3859375 0.544921875 0.040625 0.05859375
1 0.56328125 0.6123046875 0.1140625 0.123046875
1 0.56328125 0.54296875 0.0109375 0.01171875
1 0.859375 0.5595703125 0.090625 0.072265625
