8 0.93203125 0.359375 0.0109375 0.03515625
8 0.753125 0.3818359375 0.009375 0.029296875
8 0.62890625 0.3984375 0.0078125 0.0234375
8 0.27421875 0.423828125 0.0046875 0.015625
8 0.9828125 0.4462890625 0.009375 0.017578125
0 0.25703125 0.4912109375 0.0328125 0.126953125
0 0.23359375 0.486328125 0.0296875 0.1484375
0 0.3796875 0.478515625 0.025 0.08984375
0 0.90078125 0.435546875 0.0328125 0.06640625
1 0.1015625 0.55859375 0.203125 0.2890625
1 0.30234375 0.4755859375 0.0734375 0.052734375
1 0.31328125 0.478515625 0.0546875 0.0546875
1 0.3609375 0.4765625 0.028125 0.06640625
1 0.46171875 0.4599609375 0.1515625 0.103515625
1 0.54375 0.484375 0.05625 0.0859375
1 0.6421875 0.4765625 0.16875 0.1171875
1 0.8265625 0.4892578125 0.246875 0.130859375
