8 0.63046875 0.4404296875 0.0078125 0.017578125
8 0.24140625 0.3759765625 0.0265625 0.033203125
8 0.24140625 0.396484375 0.0234375 0.0078125
0 0.4921875 0.478515625 0.0125 0.04296875
0 0.8875 0.4609375 0.00625 0.0234375
0 0.8796875 0.4609375 0.00625 0.01953125
1 0.04453125 0.478515625 0.0890625 0.05859375
1 0.2546875 0.59765625 0.25625 0.2265625
1 0.6609375 0.4658203125 0.05625 0.037109375
1 0.70390625 0.4716796875 0.0296875 0.021484375
1 0.76640625 0.4697265625 0.0515625 0.025390625
1 0.7828125 0.4521484375 0.025 0.013671875
1 0.85390625 0.466796875 0.0296875 0.015625
1 0.840625 0.4580078125 0.025 0.013671875
