4 0.403125 0.46484375 0.0125 0.015625
0 0.66640625 0.4482421875 0.0171875 0.037109375
1 0.8046875 0.5556640625 0.321875 0.244140625
1 0.55546875 0.4970703125 0.1046875 0.091796875
1 0.05625 0.50390625 0.1125 0.1640625
1 0.140625 0.5029296875 0.05625 0.099609375
1 0.315625 0.4697265625 0.034375 0.029296875
1 0.3359375 0.46875 0.0125 0.02734375
1 0.34609375 0.4677734375 0.0078125 0.021484375
1 0.3609375 0.46875 0.009375 0.01171875
1 0.45234375 0.4716796875 0.0203125 0.025390625
1 0.43671875 0.4697265625 0.0109375 0.021484375
1 0.4125 0.4697265625 0.0125 0.013671875
1 0.475 0.4794921875 0.028125 0.033203125
