0 0.96953125 0.5517578125 0.0609375 0.361328125
0 0.875 0.5634765625 0.1625 0.474609375
0 0.55 0.4541015625 0.0375 0.048828125
0 0.48359375 0.455078125 0.0296875 0.0546875
1 0.83671875 0.4892578125 0.2515625 0.177734375
1 0.67421875 0.498046875 0.1203125 0.1171875
1 0.625 0.482421875 0.1125 0.09765625
1 0.40390625 0.47265625 0.0546875 0.0546875
1 0.3640625 0.4736328125 0.0375 0.037109375
1 0.34375 0.4677734375 0.05625 0.048828125
1 0.30546875 0.46875 0.0328125 0.03515625
1 0.08125 0.490234375 0.1625 0.13671875
1 0.1359375 0.4892578125 0.103125 0.091796875
1 0.2015625 0.470703125 0.08125 0.0703125
11 0.50390625 0.451171875 0.1765625 0.10546875
11 0.4875 0.51171875 0.040625 0.08203125
11 0.5578125 0.5087890625 0.053125 0.091796875
