0 0.18828125 0.482421875 0.0203125 0.078125
2 0.55234375 0.53125 0.0546875 0.10546875
1 0.88125 0.53515625 0.2375 0.18359375
1 0.75390625 0.505859375 0.1296875 0.1328125
1 0.68828125 0.4951171875 0.0984375 0.111328125
1 0.62265625 0.4873046875 0.0703125 0.068359375
1 0.5859375 0.482421875 0.040625 0.05859375
1 0.52109375 0.4638671875 0.0203125 0.037109375
1 0.50546875 0.4677734375 0.0140625 0.025390625
1 0.49296875 0.4677734375 0.0171875 0.017578125
1 0.4546875 0.466796875 0.046875 0.0234375
1 0.41640625 0.466796875 0.0171875 0.01953125
1 0.40625 0.466796875 0.025 0.01953125
1 0.38671875 0.46875 0.0140625 0.0234375
1 0.378125 0.4697265625 0.015625 0.029296875
1 0.36796875 0.4716796875 0.0203125 0.033203125
1 0.35390625 0.4716796875 0.0234375 0.037109375
1 0.33828125 0.474609375 0.0265625 0.0390625
1 0.31796875 0.4765625 0.0390625 0.04296875
1 0.275 0.48046875 0.065625 0.0703125
1 0.234375 0.4912109375 0.090625 0.076171875
1 0.10703125 0.5087890625 0.1359375 0.130859375
1 0.03515625 0.5244140625 0.0703125 0.142578125
