0 0.5078125 0.4296875 0.05 0.05859375
0 0.43984375 0.427734375 0.0484375 0.0546875
0 0.5734375 0.404296875 0.00625 0.015625
0 0.621875 0.4091796875 0.009375 0.033203125
0 0.6625 0.416015625 0.009375 0.03515625
0 0.67578125 0.41796875 0.0109375 0.03515625
0 0.68515625 0.4189453125 0.0078125 0.033203125
0 0.69453125 0.4267578125 0.0109375 0.052734375
0 0.70390625 0.4287109375 0.0078125 0.048828125
0 0.71015625 0.4306640625 0.0078125 0.044921875
0 0.7265625 0.427734375 0.009375 0.05078125
0 0.76796875 0.4384765625 0.0109375 0.052734375
0 0.7796875 0.435546875 0.015625 0.06640625
0 0.79375 0.4404296875 0.0125 0.052734375
0 0.79765625 0.431640625 0.0109375 0.05078125
0 0.80859375 0.43359375 0.0140625 0.0546875
0 0.828125 0.4384765625 0.015625 0.060546875
0 0.84140625 0.44140625 0.0140625 0.06640625
0 0.8546875 0.4365234375 0.0125 0.056640625
0 0.8734375 0.4501953125 0.028125 0.083984375
0 0.92109375 0.4560546875 0.0265625 0.080078125
0 0.959375 0.45703125 0.025 0.09375
0 0.99375 0.47265625 0.0125 0.09765625
2 0.478125 0.4716796875 0.21875 0.298828125
1 0.59921875 0.4140625 0.0359375 0.046875
