6 0.4828125 0.1708984375 0.01875 0.064453125
6 0.70078125 0.3251953125 0.0171875 0.060546875
6 0.1203125 0.33203125 0.015625 0.05859375
8 0.63671875 0.3916015625 0.0171875 0.025390625
8 0.63671875 0.4130859375 0.0109375 0.017578125
8 0.8453125 0.3701171875 0.05 0.013671875
8 0.84453125 0.3544921875 0.0203125 0.017578125
0 0.8796875 0.4423828125 0.009375 0.041015625
0 0.8640625 0.4404296875 0.015625 0.041015625
0 0.06484375 0.4765625 0.0265625 0.0546875
0 0.2921875 0.4521484375 0.00625 0.033203125
0 0.2703125 0.4560546875 0.0125 0.041015625
0 0.42265625 0.4404296875 0.0046875 0.017578125
2 0.77109375 0.4970703125 0.0265625 0.068359375
2 0.73515625 0.5 0.0296875 0.05859375
2 0.72734375 0.5 0.0234375 0.05859375
2 0.1578125 0.49609375 0.021875 0.0546875
2 0.19375 0.48828125 0.040625 0.046875
2 0.78671875 0.474609375 0.0390625 0.03125
1 0.5953125 0.4873046875 0.065625 0.068359375
1 0.56484375 0.4677734375 0.0421875 0.052734375
1 0.54296875 0.4599609375 0.0234375 0.037109375
1 0.52421875 0.447265625 0.0203125 0.0234375
1 0.5171875 0.443359375 0.021875 0.0234375
1 0.50390625 0.439453125 0.0109375 0.015625
1 0.45625 0.4462890625 0.034375 0.029296875
1 0.07890625 0.4599609375 0.0734375 0.041015625
