8 0.159375 0.3740234375 0.028125 0.037109375
8 0.16015625 0.3974609375 0.0109375 0.009765625
0 0.55390625 0.462890625 0.0109375 0.0390625
0 0.575 0.4638671875 0.009375 0.033203125
0 0.59453125 0.466796875 0.0109375 0.03515625
0 0.53828125 0.4677734375 0.0046875 0.013671875
0 0.53125 0.466796875 0.003125 0.01171875
0 0.5265625 0.4658203125 0.003125 0.009765625
2 0.68203125 0.5439453125 0.0390625 0.099609375
1 0.496875 0.46484375 0.015625 0.015625
1 0.4859375 0.466796875 0.009375 0.01171875
1 0.475 0.4658203125 0.0125 0.013671875
1 0.46015625 0.46484375 0.0140625 0.01953125
1 0.3890625 0.466796875 0.025 0.03515625
1 0.35546875 0.4677734375 0.0359375 0.044921875
1 0.31875 0.46875 0.05 0.0625
1 0.28125 0.4765625 0.06875 0.0546875
1 0.4296875 0.4716796875 0.059375 0.056640625
