6 0.72734375 0.431640625 0.0078125 0.0078125
8 0.59609375 0.44140625 0.0171875 0.0078125
8 0.43671875 0.4267578125 0.0296875 0.013671875
8 0.37109375 0.4453125 0.0234375 0.01171875
0 0.8171875 0.4482421875 0.0125 0.037109375
0 0.74140625 0.4541015625 0.0109375 0.033203125
0 0.725 0.4765625 0.01875 0.05859375
0 0.709375 0.4814453125 0.01875 0.052734375
0 0.69453125 0.48046875 0.0203125 0.0546875
0 0.675 0.4599609375 0.0125 0.037109375
0 0.63203125 0.4814453125 0.0203125 0.052734375
0 0.62265625 0.484375 0.0171875 0.05078125
0 0.303125 0.5078125 0.009375 0.03125
0 0.278125 0.5087890625 0.0125 0.029296875
0 0.290625 0.5087890625 0.009375 0.033203125
0 0.2546875 0.509765625 0.00625 0.0234375
0 0.24375 0.5126953125 0.00625 0.021484375
0 0.2375 0.5126953125 0.00625 0.021484375
0 0.16171875 0.5283203125 0.0046875 0.013671875
0 0.21328125 0.5224609375 0.0046875 0.009765625
3 0.40234375 0.5146484375 0.0328125 0.033203125
1 0.0859375 0.7529296875 0.171875 0.302734375
1 0.06953125 0.5537109375 0.1109375 0.068359375
1 0.92421875 0.51171875 0.1515625 0.203125
1 0.8109375 0.4501953125 0.0625 0.033203125
