6 0.896875 0.2939453125 0.01875 0.060546875
6 0.87265625 0.298828125 0.0171875 0.0546875
8 0.66015625 0.3857421875 0.0078125 0.013671875
0 0.7328125 0.4521484375 0.01875 0.048828125
2 0.86484375 0.4912109375 0.0578125 0.087890625
5 0.515625 0.435546875 0.028125 0.0390625
1 0.32421875 0.478515625 0.1578125 0.1484375
1 0.63359375 0.455078125 0.0734375 0.05859375
1 0.59609375 0.451171875 0.0328125 0.05078125
1 0.5828125 0.4501953125 0.021875 0.044921875
1 0.5734375 0.4462890625 0.0375 0.041015625
1 0.53203125 0.4443359375 0.0265625 0.025390625
1 0.41484375 0.439453125 0.0421875 0.03125
1 0.4390625 0.44140625 0.01875 0.0234375
