2 0.36953125 0.4716796875 0.0234375 0.029296875
1 0.128125 0.5517578125 0.225 0.197265625
1 0.26640625 0.5302734375 0.0734375 0.119140625
1 0.31484375 0.515625 0.0515625 0.078125
1 0.4109375 0.4677734375 0.059375 0.052734375
1 0.4515625 0.458984375 0.040625 0.04296875
1 0.4671875 0.451171875 0.0375 0.046875
1 0.4890625 0.4521484375 0.015625 0.033203125
1 0.50078125 0.447265625 0.0234375 0.03125
1 0.51953125 0.4443359375 0.0203125 0.025390625
1 0.5421875 0.439453125 0.01875 0.01953125
1 0.5546875 0.4375 0.0125 0.01953125
1 0.571875 0.4345703125 0.021875 0.017578125
1 0.61015625 0.4716796875 0.0515625 0.056640625
1 0.6140625 0.4375 0.0375 0.0234375
11 0.87421875 0.4501953125 0.1578125 0.080078125
1 0.76484375 0.4453125 0.0671875 0.05078125
1 0.88828125 0.76953125 0.2234375 0.3671875
