4 0.8453125 0.392578125 0.309375 0.09765625
4 0.51796875 0.44921875 0.0609375 0.0859375
4 0.43203125 0.4482421875 0.0953125 0.029296875
0 0.63515625 0.4462890625 0.0109375 0.029296875
0 0.63125 0.453125 0.009375 0.04296875
0 0.621875 0.4521484375 0.009375 0.041015625
0 0.61640625 0.451171875 0.0078125 0.04296875
0 0.61171875 0.45703125 0.0078125 0.03515625
0 0.60703125 0.44921875 0.0078125 0.03515625
0 0.59921875 0.458984375 0.0109375 0.03515625
0 0.58203125 0.4560546875 0.0109375 0.044921875
0 0.571875 0.458984375 0.009375 0.04296875
0 0.55859375 0.453125 0.0078125 0.03125
0 0.553125 0.4541015625 0.00625 0.029296875
0 0.54765625 0.45703125 0.0078125 0.0234375
0 0.59140625 0.4599609375 0.0078125 0.037109375
0 0.1703125 0.48828125 0.0125 0.05078125
0 0.115625 0.4951171875 0.015625 0.056640625
1 0.953125 0.4873046875 0.09375 0.111328125
1 0.9109375 0.4482421875 0.178125 0.134765625
1 0.84609375 0.4501953125 0.1390625 0.111328125
1 0.77265625 0.4453125 0.1234375 0.08984375
