8 0.60078125 0.4150390625 0.0109375 0.017578125
0 0.86171875 0.4853515625 0.0328125 0.095703125
0 0.67265625 0.4599609375 0.0109375 0.033203125
0 0.66484375 0.4560546875 0.0078125 0.029296875
0 0.57890625 0.4521484375 0.0078125 0.025390625
0 0.41875 0.4521484375 0.00625 0.021484375
2 0.5265625 0.4638671875 0.00625 0.017578125
2 0.52109375 0.474609375 0.0078125 0.02734375
2 0.64375 0.46484375 0.028125 0.015625
2 0.8953125 0.5771484375 0.040625 0.095703125
2 0.95390625 0.533203125 0.0546875 0.08203125
1 0.9234375 0.7236328125 0.153125 0.353515625
1 0.75390625 0.578125 0.1828125 0.1640625
1 0.6578125 0.5185546875 0.090625 0.091796875
1 0.6234375 0.501953125 0.059375 0.0703125
1 0.63359375 0.4521484375 0.0296875 0.029296875
1 0.559375 0.4599609375 0.0375 0.044921875
1 0.5328125 0.451171875 0.01875 0.01953125
1 0.4953125 0.4462890625 0.015625 0.017578125
1 0.47890625 0.4580078125 0.0296875 0.029296875
1 0.45859375 0.451171875 0.0171875 0.01953125
1 0.44609375 0.4560546875 0.0265625 0.025390625
1 0.27421875 0.5166015625 0.0921875 0.095703125
1 0.12734375 0.5966796875 0.2546875 0.232421875
7 0.3421875 0.474609375 0.009375 0.0234375
