0 0.6359375 0.4912109375 0.009375 0.009765625
0 0.7640625 0.513671875 0.015625 0.07421875
0 0.79296875 0.5185546875 0.0359375 0.111328125
1 0.41640625 0.5283203125 0.1578125 0.134765625
1 0.503125 0.52734375 0.053125 0.08203125
1 0.53984375 0.5244140625 0.0546875 0.072265625
1 0.54921875 0.498046875 0.0390625 0.0390625
1 0.590625 0.517578125 0.053125 0.0546875
1 0.61953125 0.5146484375 0.0234375 0.044921875
1 0.6421875 0.51171875 0.03125 0.03515625
1 0.66015625 0.509765625 0.0171875 0.03125
1 0.66640625 0.5087890625 0.0171875 0.029296875
1 0.675 0.5068359375 0.015625 0.029296875
1 0.68828125 0.50390625 0.0171875 0.0234375
1 0.69609375 0.5 0.0171875 0.0234375
1 0.7078125 0.5 0.009375 0.01171875
1 0.71015625 0.494140625 0.0140625 0.01171875
1 0.8765625 0.55078125 0.1 0.109375
1 0.85859375 0.5302734375 0.0859375 0.099609375
1 0.8171875 0.529296875 0.021875 0.08203125
1 0.725 0.4931640625 0.009375 0.009765625
1 0.71796875 0.4931640625 0.0046875 0.009765625
11 0.7625 0.5517578125 0.009375 0.005859375
11 0.75390625 0.55859375 0.0109375 0.0078125
11 0.7890625 0.5791015625 0.015625 0.009765625
