8 0.95859375 0.4658203125 0.0609375 0.029296875
0 0.23515625 0.4833984375 0.0140625 0.044921875
0 0.19921875 0.482421875 0.0140625 0.04296875
0 0.18515625 0.4892578125 0.0140625 0.037109375
0 0.1515625 0.4931640625 0.009375 0.033203125
0 0.128125 0.486328125 0.0125 0.05078125
1 0.63671875 0.4970703125 0.1078125 0.091796875
1 0.51875 0.478515625 0.096875 0.08203125
1 0.46015625 0.490234375 0.0234375 0.01953125
1 0.43515625 0.48828125 0.0171875 0.015625
1 0.403125 0.4892578125 0.021875 0.021484375
1 0.415625 0.490234375 0.009375 0.015625
1 0.378125 0.48828125 0.015625 0.0234375
1 0.384375 0.4853515625 0.015625 0.025390625
1 0.3640625 0.4833984375 0.01875 0.033203125
1 0.3359375 0.4814453125 0.04375 0.048828125
1 0.0359375 0.51953125 0.071875 0.046875
8 0.85859375 0.4658203125 0.0453125 0.029296875
