6 0.3390625 0.140625 0.021875 0.0703125
6 0.62734375 0.265625 0.0203125 0.0703125
6 0.36796875 0.35546875 0.0078125 0.0234375
6 0.31640625 0.357421875 0.0078125 0.0234375
8 0.35390625 0.349609375 0.0140625 0.01953125
8 0.0875 0.3955078125 0.009375 0.017578125
0 0.178125 0.458984375 0.00625 0.03125
0 0.1828125 0.453125 0.00625 0.03125
0 0.90546875 0.45703125 0.0453125 0.171875
0 0.503125 0.45703125 0.015625 0.05859375
0 0.5375 0.45703125 0.0125 0.0546875
0 0.5640625 0.4423828125 0.025 0.072265625
0 0.196875 0.4453125 0.00625 0.015625
1 0.43046875 0.4609375 0.0265625 0.02734375
1 0.3671875 0.4580078125 0.021875 0.021484375
1 0.37890625 0.458984375 0.0078125 0.01953125
