4 0.4328125 0.3427734375 0.04375 0.041015625
4 0.5734375 0.345703125 0.103125 0.125
4 0.82109375 0.3662109375 0.0921875 0.158203125
6 0.9171875 0.3251953125 0.01875 0.056640625
6 0.53828125 0.224609375 0.0109375 0.02734375
6 0.30390625 0.302734375 0.0140625 0.03125
6 0.20703125 0.2978515625 0.0109375 0.029296875
6 0.6671875 0.2900390625 0.00625 0.025390625
6 0.6671875 0.3271484375 0.009375 0.025390625
6 0.72578125 0.314453125 0.0140625 0.04296875
6 0.94296875 0.4013671875 0.0046875 0.013671875
6 0.94140625 0.4169921875 0.0046875 0.013671875
6 0.93359375 0.4150390625 0.0046875 0.013671875
6 0.1671875 0.3251953125 0.009375 0.025390625
8 0.72265625 0.3544921875 0.0359375 0.021484375
8 0.74609375 0.3359375 0.0140625 0.01953125
8 0.73046875 0.23828125 0.0171875 0.03515625
8 0.72890625 0.2685546875 0.0203125 0.021484375
8 0.359375 0.3212890625 0.009375 0.013671875
8 0.2640625 0.3291015625 0.015625 0.017578125
8 0.26640625 0.2861328125 0.0140625 0.029296875
8 0.1921875 0.3359375 0.009375 0.0234375
8 0.74921875 0.3955078125 0.0078125 0.013671875
8 0.7625 0.3935546875 0.00625 0.013671875
0 0.18984375 0.3916015625 0.0078125 0.044921875
0 0.20078125 0.392578125 0.0171875 0.05078125
0 0.115625 0.3876953125 0.015625 0.037109375
5 0.490625 0.361328125 0.071875 0.0703125
1 0.10703125 0.6044921875 0.2140625 0.552734375
1 0.3640625 0.3642578125 0.04375 0.029296875
1 0.43515625 0.39453125 0.0578125 0.06640625
1 0.46484375 0.390625 0.0265625 0.05078125
1 0.52890625 0.380859375 0.0578125 0.06640625
1 0.59375 0.3818359375 0.028125 0.052734375
1 0.6359375 0.3935546875 0.065625 0.080078125
1 0.340625 0.349609375 0.096875 0.04296875
