6 0.39765625 0.2294921875 0.0140625 0.048828125
6 0.64921875 0.3525390625 0.0140625 0.052734375
6 0.65078125 0.41015625 0.0171875 0.01953125
6 0.81953125 0.322265625 0.0171875 0.07421875
8 0.4484375 0.2216796875 0.028125 0.037109375
8 0.63671875 0.2734375 0.0453125 0.0234375
0 0.68828125 0.498046875 0.0296875 0.11328125
0 0.75703125 0.4970703125 0.0296875 0.111328125
0 0.81875 0.490234375 0.03125 0.1328125
1 0.47578125 0.4736328125 0.0109375 0.009765625
1 0.4984375 0.4697265625 0.00625 0.005859375
1 0.50390625 0.4677734375 0.0046875 0.005859375
1 0.5125 0.4677734375 0.00625 0.005859375
1 0.50859375 0.4716796875 0.0078125 0.009765625
