4 0.634375 0.5302734375 0.06875 0.076171875
8 0.81640625 0.46484375 0.0265625 0.0390625
8 0.97109375 0.416015625 0.0328125 0.0390625
0 0.07109375 0.5615234375 0.0296875 0.103515625
0 0.10390625 0.5810546875 0.0328125 0.111328125
0 0.14140625 0.5634765625 0.0171875 0.076171875
0 0.18125 0.55859375 0.025 0.1015625
0 0.28984375 0.556640625 0.0265625 0.078125
0 0.33828125 0.544921875 0.0140625 0.05078125
0 0.35078125 0.544921875 0.0109375 0.05078125
0 0.36015625 0.55078125 0.0140625 0.05859375
0 0.37421875 0.541015625 0.0140625 0.05078125
0 0.41171875 0.541015625 0.0140625 0.04296875
0 0.38671875 0.54296875 0.0109375 0.046875
0 0.4296875 0.5302734375 0.009375 0.025390625
0 0.43828125 0.5302734375 0.0078125 0.021484375
0 0.4640625 0.53125 0.00625 0.01953125
0 0.45234375 0.5283203125 0.0046875 0.009765625
0 0.48125 0.533203125 0.009375 0.01953125
0 0.4890625 0.5322265625 0.00625 0.021484375
0 0.57109375 0.5283203125 0.0078125 0.021484375
0 0.7015625 0.544921875 0.0125 0.03515625
0 0.66953125 0.5419921875 0.0109375 0.033203125
0 0.76171875 0.5439453125 0.0140625 0.044921875
0 0.796875 0.556640625 0.025 0.078125
0 0.82578125 0.5615234375 0.0265625 0.068359375
0 0.88828125 0.5517578125 0.0203125 0.076171875
0 0.94765625 0.5595703125 0.0171875 0.083984375
0 0.58046875 0.5244140625 0.0078125 0.021484375
0 0.39453125 0.5458984375 0.0109375 0.044921875
5 0.5265625 0.517578125 0.053125 0.06640625
1 0.45 0.587890625 0.1 0.1015625
1 0.53671875 0.5771484375 0.0796875 0.080078125
1 0.5921875 0.5390625 0.025 0.0234375
