4 0.48046875 0.4462890625 0.0390625 0.056640625
6 0.540625 0.3828125 0.009375 0.01171875
8 0.70390625 0.408203125 0.0046875 0.01171875
8 0.66484375 0.3583984375 0.0234375 0.044921875
8 0.540625 0.408203125 0.015625 0.02734375
8 0.540625 0.4560546875 0.009375 0.017578125
8 0.13515625 0.3935546875 0.0140625 0.025390625
0 0.91875 0.47265625 0.034375 0.125
0 0.83515625 0.470703125 0.0328125 0.09375
0 0.8375 0.466796875 0.021875 0.09765625
0 0.88828125 0.4619140625 0.0296875 0.126953125
0 0.87890625 0.4755859375 0.0609375 0.166015625
0 0.5890625 0.44921875 0.00625 0.015625
0 0.584375 0.4599609375 0.009375 0.033203125
0 0.578125 0.4560546875 0.00625 0.029296875
0 0.56328125 0.4599609375 0.0109375 0.033203125
0 0.29453125 0.4658203125 0.0078125 0.029296875
0 0.50390625 0.4609375 0.0078125 0.02734375
1 0.05859375 0.5146484375 0.1171875 0.177734375
1 0.196875 0.4951171875 0.096875 0.087890625
1 0.36796875 0.46484375 0.0296875 0.03125
1 0.38984375 0.4638671875 0.0296875 0.029296875
1 0.41875 0.4677734375 0.0125 0.037109375
1 0.4453125 0.466796875 0.053125 0.0625
1 0.6515625 0.49609375 0.15 0.14453125
