6 0.80546875 0.296875 0.0203125 0.0625
6 0.8171875 0.3642578125 0.01875 0.025390625
6 0.56328125 0.322265625 0.0140625 0.0546875
6 0.559375 0.376953125 0.01875 0.0234375
8 0.8125 0.337890625 0.021875 0.01953125
8 0.8640625 0.34765625 0.040625 0.01171875
0 0.6015625 0.4580078125 0.025 0.103515625
0 0.575 0.4560546875 0.021875 0.091796875
0 0.53515625 0.458984375 0.0203125 0.08203125
0 0.25 0.47265625 0.040625 0.109375
0 0.10859375 0.4755859375 0.0390625 0.115234375
0 0.09375 0.474609375 0.040625 0.1015625
0 0.08203125 0.47265625 0.0359375 0.09765625
0 0.06953125 0.4697265625 0.0234375 0.095703125
2 0.4671875 0.5986328125 0.28125 0.216796875
1 0.15546875 0.470703125 0.0765625 0.0625
1 0.3875 0.4599609375 0.015625 0.013671875
1 0.41328125 0.4609375 0.0078125 0.0078125
1 0.41953125 0.4599609375 0.0078125 0.009765625
1 0.42578125 0.4609375 0.0078125 0.0078125
7 0.54375 0.4755859375 0.0125 0.048828125
