8 0.72265625 0.40234375 0.0171875 0.03125
8 0.6265625 0.412109375 0.01875 0.0078125
2 0.7203125 0.529296875 0.05 0.08984375
2 0.6671875 0.517578125 0.01875 0.05859375
2 0.63984375 0.509765625 0.0140625 0.0390625
2 0.59921875 0.501953125 0.0109375 0.046875
2 0.57890625 0.4970703125 0.0109375 0.029296875
2 0.56171875 0.4951171875 0.0109375 0.029296875
2 0.609375 0.5029296875 0.00625 0.033203125
1 0.9109375 0.541015625 0.178125 0.19921875
1 0.48828125 0.484375 0.0140625 0.01171875
1 0.36484375 0.4814453125 0.0578125 0.060546875
1 0.2765625 0.4873046875 0.08125 0.080078125
1 0.159375 0.51171875 0.146875 0.109375
