8 0.73046875 0.3740234375 0.0234375 0.044921875
8 0.13984375 0.3818359375 0.0171875 0.025390625
8 0.13984375 0.400390625 0.0078125 0.01171875
0 0.8375 0.4833984375 0.046875 0.107421875
0 0.66328125 0.552734375 0.0546875 0.16796875
0 0.35859375 0.462890625 0.0234375 0.0703125
0 0.3796875 0.4638671875 0.025 0.080078125
0 0.23125 0.43359375 0.01875 0.02734375
2 0.89609375 0.5224609375 0.0765625 0.068359375
2 0.9234375 0.5244140625 0.071875 0.072265625
2 0.05078125 0.4755859375 0.0234375 0.037109375
2 0.3515625 0.5048828125 0.03125 0.076171875
2 0.29296875 0.49609375 0.0453125 0.08203125
2 0.31484375 0.5009765625 0.0453125 0.083984375
1 0.07265625 0.458984375 0.0765625 0.05859375
1 0.1359375 0.46875 0.09375 0.0625
1 0.234375 0.4814453125 0.109375 0.072265625
