0 0.43828125 0.453125 0.0078125 0.02734375
2 0.39453125 0.4892578125 0.0171875 0.037109375
2 0.50859375 0.4853515625 0.0140625 0.037109375
1 0.7296875 0.443359375 0.090625 0.03515625
1 0.68046875 0.447265625 0.0359375 0.03125
1 0.65859375 0.4462890625 0.0359375 0.033203125
1 0.640625 0.4345703125 0.021875 0.017578125
1 0.61640625 0.4375 0.0359375 0.01171875
1 0.5390625 0.4521484375 0.0125 0.029296875
1 0.55859375 0.458984375 0.0453125 0.0546875
1 0.5640625 0.4716796875 0.025 0.048828125
1 0.56875 0.4775390625 0.028125 0.056640625
1 0.59921875 0.4833984375 0.0828125 0.080078125
1 0.6046875 0.5048828125 0.078125 0.087890625
1 0.64140625 0.53515625 0.1140625 0.12109375
1 0.503125 0.451171875 0.0375 0.046875
1 0.48203125 0.4375 0.0109375 0.015625
1 0.47109375 0.4384765625 0.0109375 0.017578125
1 0.4625 0.44140625 0.0125 0.01953125
1 0.4484375 0.4453125 0.01875 0.01953125
1 0.42109375 0.44921875 0.0265625 0.02734375
1 0.4 0.4599609375 0.021875 0.025390625
1 0.37734375 0.46875 0.0265625 0.03515625
1 0.31484375 0.5322265625 0.1328125 0.158203125
1 0.1390625 0.6416015625 0.278125 0.380859375
1 0.71875 0.5869140625 0.165625 0.162109375
1 0.85625 0.7490234375 0.2875 0.501953125
