8 0.1625 0.212890625 0.040625 0.06640625
0 0.71171875 0.412109375 0.0109375 0.06640625
2 0.26015625 0.412109375 0.0578125 0.04296875
2 0.03984375 0.3974609375 0.0484375 0.099609375
1 0.13828125 0.38671875 0.1859375 0.1328125
1 0.4875 0.40234375 0.09375 0.08203125
1 0.540625 0.4091796875 0.034375 0.060546875
1 0.56796875 0.4091796875 0.0390625 0.044921875
1 0.5765625 0.3935546875 0.03125 0.029296875
1 0.60703125 0.408203125 0.0421875 0.0390625
1 0.63046875 0.4072265625 0.0171875 0.037109375
1 0.65625 0.4091796875 0.03125 0.029296875
1 0.67578125 0.40625 0.0265625 0.03125
1 0.78359375 0.4140625 0.0390625 0.046875
1 0.82890625 0.4091796875 0.0265625 0.041015625
1 0.97578125 0.419921875 0.0484375 0.14453125
1 0.9359375 0.4150390625 0.071875 0.119140625
11 0.70078125 0.4443359375 0.0140625 0.009765625
11 0.740625 0.4658203125 0.015625 0.009765625
