0 0.93828125 0.419921875 0.0046875 0.015625
0 0.94609375 0.4189453125 0.0046875 0.013671875
0 0.9578125 0.423828125 0.00625 0.03125
0 0.9734375 0.42578125 0.009375 0.03515625
0 0.0578125 0.4970703125 0.021875 0.037109375
2 0.496875 0.4775390625 0.0125 0.033203125
1 0.60078125 0.4326171875 0.0203125 0.017578125
1 0.61015625 0.4375 0.0265625 0.0234375
1 0.65625 0.435546875 0.075 0.02734375
1 0.57890625 0.4423828125 0.0265625 0.025390625
1 0.51015625 0.4482421875 0.0109375 0.029296875
1 0.5234375 0.4501953125 0.03125 0.044921875
1 0.52578125 0.458984375 0.0140625 0.0390625
1 0.5484375 0.4619140625 0.05 0.052734375
1 0.55625 0.482421875 0.05 0.06640625
1 0.56953125 0.4892578125 0.0359375 0.068359375
1 0.6171875 0.5087890625 0.1125 0.123046875
1 0.48046875 0.4453125 0.0265625 0.03515625
1 0.4609375 0.4345703125 0.009375 0.013671875
1 0.45078125 0.4345703125 0.0109375 0.017578125
1 0.4421875 0.4384765625 0.009375 0.017578125
1 0.4328125 0.4599609375 0.034375 0.052734375
1 0.4078125 0.46875 0.05625 0.07421875
1 0.36953125 0.455078125 0.0203125 0.01953125
1 0.34453125 0.45703125 0.0296875 0.01953125
1 0.3375 0.470703125 0.034375 0.03515625
1 0.29609375 0.482421875 0.0609375 0.06640625
1 0.2703125 0.50390625 0.06875 0.078125
1 0.23125 0.5224609375 0.065625 0.091796875
1 0.13984375 0.5380859375 0.1421875 0.150390625
1 0.06015625 0.6015625 0.1203125 0.1796875
1 0.67578125 0.5556640625 0.1453125 0.142578125
1 0.7859375 0.6220703125 0.2375 0.216796875
1 0.88125 0.7939453125 0.2375 0.412109375
1 0.36328125 0.5029296875 0.0921875 0.080078125
