8 0.1703125 0.2421875 0.109375 0.03515625
0 0.83828125 0.4443359375 0.0203125 0.060546875
0 0.87109375 0.44921875 0.0203125 0.0703125
0 0.6953125 0.4208984375 0.009375 0.037109375
0 0.66015625 0.416015625 0.0078125 0.01953125
0 0.67109375 0.4189453125 0.0078125 0.021484375
0 0.68203125 0.4228515625 0.0109375 0.033203125
0 0.55 0.40625 0.009375 0.02734375
0 0.56015625 0.4072265625 0.0078125 0.029296875
0 0.5671875 0.4091796875 0.009375 0.029296875
0 0.57578125 0.4091796875 0.0109375 0.033203125
0 0.3640625 0.4052734375 0.021875 0.076171875
0 0.3859375 0.4072265625 0.01875 0.064453125
0 0.5390625 0.404296875 0.00625 0.02734375
1 0.478125 0.4072265625 0.028125 0.025390625
1 0.45 0.40625 0.01875 0.01953125
1 0.46328125 0.4072265625 0.0109375 0.021484375
