2 0.471875 0.4765625 0.01875 0.04296875
2 0.4234375 0.4736328125 0.021875 0.044921875
1 0.57578125 0.4853515625 0.0828125 0.095703125
1 0.540625 0.4716796875 0.05625 0.083984375
1 0.54140625 0.4755859375 0.0453125 0.080078125
1 0.50546875 0.462890625 0.0296875 0.04296875
1 0.49375 0.458984375 0.021875 0.0390625
1 0.48984375 0.4462890625 0.0265625 0.033203125
1 0.459375 0.443359375 0.015625 0.01953125
1 0.44921875 0.439453125 0.0140625 0.01953125
1 0.440625 0.4365234375 0.009375 0.013671875
1 0.4 0.4365234375 0.009375 0.009765625
1 0.38984375 0.435546875 0.0109375 0.01171875
1 0.378125 0.4365234375 0.0125 0.021484375
1 0.3703125 0.4423828125 0.0125 0.029296875
1 0.36328125 0.443359375 0.0140625 0.03125
1 0.34921875 0.4462890625 0.0265625 0.033203125
1 0.3421875 0.4521484375 0.03125 0.037109375
1 0.32890625 0.4599609375 0.0296875 0.044921875
1 0.29765625 0.4677734375 0.0578125 0.056640625
8 0.10859375 0.3359375 0.0296875 0.03515625
