6 0.18359375 0.427734375 0.0109375 0.01953125
6 0.184375 0.384765625 0.015625 0.046875
6 0.25859375 0.388671875 0.0171875 0.04296875
6 0.25546875 0.4287109375 0.0109375 0.013671875
6 0.6171875 0.416015625 0.0125 0.015625
6 0.61171875 0.37890625 0.0109375 0.03515625
8 0.15234375 0.4013671875 0.0328125 0.013671875
8 0.2703125 0.3515625 0.04375 0.015625
8 0.26015625 0.4150390625 0.0234375 0.009765625
8 0.56796875 0.4130859375 0.0109375 0.017578125
2 0.734375 0.4814453125 0.021875 0.041015625
1 0.55625 0.4990234375 0.06875 0.189453125
1 0.40625 0.5341796875 0.325 0.357421875
