8 0.21953125 0.4306640625 0.0671875 0.013671875
8 0.2171875 0.4541015625 0.0625 0.025390625
8 0.228125 0.4833984375 0.021875 0.025390625
0 0.7828125 0.55859375 0.01875 0.05859375
0 0.5984375 0.537109375 0.00625 0.01953125
0 0.6046875 0.5390625 0.00625 0.015625
0 0.5703125 0.53515625 0.00625 0.015625
0 0.5125 0.537109375 0.00625 0.015625
0 0.5171875 0.537109375 0.003125 0.01171875
3 0.025 0.67578125 0.05 0.16796875
3 0.0453125 0.66015625 0.090625 0.16015625
3 0.0796875 0.6396484375 0.159375 0.146484375
3 0.1140625 0.62890625 0.175 0.13671875
3 0.15703125 0.61328125 0.1859375 0.1015625
1 0.4234375 0.5458984375 0.01875 0.021484375
1 0.4046875 0.5517578125 0.03125 0.033203125
1 0.38125 0.55859375 0.0375 0.04296875
1 0.36796875 0.56640625 0.0359375 0.046875
1 0.34140625 0.57421875 0.0578125 0.05078125
1 0.45546875 0.55078125 0.0359375 0.03125
1 0.465625 0.5791015625 0.0625 0.064453125
1 0.47578125 0.5400390625 0.0140625 0.013671875
1 0.4875 0.541015625 0.015625 0.01953125
