6 0.63359375 0.2978515625 0.0140625 0.064453125
6 0.54765625 0.2021484375 0.0109375 0.048828125
6 0.5234375 0.2421875 0.009375 0.04296875
6 0.51484375 0.4072265625 0.0078125 0.029296875
6 0.47578125 0.4091796875 0.0078125 0.029296875
6 0.4921875 0.4091796875 0.009375 0.029296875
6 0.27890625 0.3134765625 0.0109375 0.041015625
6 0.5109375 0.4404296875 0.009375 0.013671875
6 0.49453125 0.44140625 0.0078125 0.01171875
8 0.6015625 0.23828125 0.01875 0.0390625
8 0.2984375 0.3095703125 0.0125 0.017578125
8 0.66640625 0.3564453125 0.0171875 0.072265625
2 0.47734375 0.4912109375 0.0171875 0.029296875
2 0.49296875 0.4892578125 0.0140625 0.029296875
2 0.515625 0.4892578125 0.01875 0.025390625
1 0.74921875 0.470703125 0.1671875 0.0703125
1 0.6078125 0.4794921875 0.071875 0.056640625
1 0.2421875 0.48046875 0.0375 0.03515625
1 0.02265625 0.4775390625 0.0453125 0.041015625
1 0.1171875 0.478515625 0.046875 0.0390625
1 0.3484375 0.515625 0.175 0.1875
