8 0.6765625 0.375 0.015625 0.03125
8 0.8359375 0.30859375 0.075 0.0625
0 0.10859375 0.4609375 0.0234375 0.08203125
0 0.1328125 0.4609375 0.021875 0.08203125
0 0.18515625 0.4599609375 0.0203125 0.064453125
0 0.17578125 0.4619140625 0.0140625 0.060546875
0 0.50078125 0.453125 0.0078125 0.01953125
2 0.97109375 0.6484375 0.0578125 0.234375
2 0.846875 0.578125 0.0875 0.12109375
2 0.71875 0.5029296875 0.0375 0.076171875
2 0.66640625 0.5087890625 0.0234375 0.068359375
2 0.01484375 0.515625 0.0296875 0.12109375
2 0.0640625 0.4765625 0.075 0.05859375
2 0.26171875 0.48828125 0.0328125 0.046875
2 0.225 0.4775390625 0.04375 0.052734375
2 0.4484375 0.46875 0.0125 0.02734375
2 0.46875 0.46875 0.0125 0.03125
1 0.57734375 0.46875 0.0390625 0.0390625
1 0.36171875 0.458984375 0.0546875 0.05859375
1 0.4 0.46484375 0.025 0.04296875
1 0.41953125 0.4599609375 0.0265625 0.041015625
1 0.43671875 0.4609375 0.0140625 0.02734375
1 0.45625 0.4580078125 0.009375 0.017578125
