0 0.62578125 0.4716796875 0.0171875 0.052734375
0 0.95234375 0.443359375 0.0140625 0.02734375
1 0.97734375 0.490234375 0.0453125 0.0703125
1 0.95625 0.4794921875 0.0875 0.076171875
1 0.8875 0.4814453125 0.1125 0.072265625
1 0.8 0.4765625 0.125 0.05859375
1 0.56875 0.4873046875 0.059375 0.052734375
1 0.50703125 0.4765625 0.0328125 0.03125
1 0.47890625 0.4677734375 0.0109375 0.017578125
1 0.4921875 0.470703125 0.015625 0.0234375
1 0.4078125 0.4892578125 0.121875 0.134765625
1 0.26796875 0.4775390625 0.0328125 0.025390625
1 0.30625 0.4697265625 0.034375 0.017578125
1 0.18828125 0.4853515625 0.0703125 0.056640625
1 0.12265625 0.4892578125 0.0609375 0.044921875
