6 0.68359375 0.384765625 0.0109375 0.04296875
6 0.08515625 0.3779296875 0.0140625 0.044921875
6 0.5609375 0.470703125 0.003125 0.01171875
6 0.409375 0.4599609375 0.00625 0.017578125
8 0.67578125 0.4423828125 0.0265625 0.048828125
8 0.09140625 0.4345703125 0.0203125 0.033203125
0 0.23515625 0.490234375 0.0078125 0.02734375
0 0.25234375 0.4921875 0.0078125 0.0234375
0 0.346875 0.494140625 0.00625 0.0234375
0 0.359375 0.494140625 0.00625 0.0234375
0 0.37265625 0.4931640625 0.0046875 0.017578125
0 0.70234375 0.50390625 0.0171875 0.046875
0 0.80390625 0.5244140625 0.0265625 0.087890625
0 0.84921875 0.5244140625 0.0234375 0.087890625
1 0.5109375 0.4990234375 0.01875 0.021484375
