4 0.47421875 0.3798828125 0.0609375 0.064453125
4 0.5359375 0.380859375 0.04375 0.05859375
6 0.53515625 0.34375 0.0109375 0.03515625
6 0.54375 0.34765625 0.00625 0.02734375
6 0.29765625 0.33984375 0.0078125 0.02734375
6 0.26015625 0.3359375 0.0078125 0.03125
6 0.19296875 0.3681640625 0.0078125 0.009765625
6 0.2671875 0.328125 0.00625 0.015625
1 0.06328125 0.5576171875 0.1265625 0.240234375
1 0.0984375 0.4453125 0.196875 0.1328125
1 0.58984375 0.484375 0.1703125 0.18359375
1 0.2453125 0.416015625 0.065625 0.09765625
1 0.3359375 0.423828125 0.1375 0.1328125
1 0.40859375 0.4189453125 0.0453125 0.099609375
1 0.4421875 0.4228515625 0.0375 0.064453125
1 0.471875 0.4130859375 0.05 0.048828125
1 0.9203125 0.4130859375 0.134375 0.048828125
1 0.79609375 0.4208984375 0.1171875 0.037109375
1 0.70625 0.423828125 0.096875 0.046875
