6 0.4390625 0.427734375 0.003125 0.0078125
6 0.4609375 0.4326171875 0.003125 0.009765625
6 0.4875 0.431640625 0.003125 0.0078125
6 0.409375 0.4306640625 0.003125 0.005859375
8 0.428125 0.427734375 0.003125 0.00390625
8 0.5 0.44140625 0.0125 0.015625
8 0.5 0.455078125 0.00625 0.0078125
8 0.31640625 0.466796875 0.0109375 0.0078125
8 0.31640625 0.455078125 0.0140625 0.0078125
8 0.3546875 0.4716796875 0.00625 0.009765625
5 0.16640625 0.470703125 0.0484375 0.01953125
1 0.465625 0.470703125 0.015625 0.015625
1 0.484375 0.46875 0.01875 0.01953125
1 0.5015625 0.46875 0.01875 0.015625
1 0.084375 0.4873046875 0.03125 0.013671875
8 0.190625 0.4130859375 0.103125 0.029296875
