0 0.52421875 0.46484375 0.0140625 0.02734375
0 0.53046875 0.46484375 0.0140625 0.03125
0 0.459375 0.462890625 0.009375 0.03515625
0 0.471875 0.4638671875 0.009375 0.029296875
1 0.94140625 0.775390625 0.1140625 0.3046875
1 0.85546875 0.6259765625 0.2890625 0.275390625
1 0.64921875 0.509765625 0.0921875 0.09765625
1 0.6015625 0.4912109375 0.053125 0.072265625
1 0.5828125 0.478515625 0.03125 0.05078125
1 0.58203125 0.470703125 0.0421875 0.04296875
1 0.65625 0.453125 0.040625 0.0234375
1 0.753125 0.4755859375 0.075 0.056640625
1 0.20546875 0.5087890625 0.1453125 0.103515625
1 0.31796875 0.486328125 0.0828125 0.0703125
1 0.38359375 0.470703125 0.0828125 0.06640625
1 0.4515625 0.4580078125 0.015625 0.025390625
1 0.4796875 0.4609375 0.015625 0.0234375
1 0.49375 0.4619140625 0.01875 0.021484375
