6 0.29453125 0.3017578125 0.0140625 0.052734375
6 0.57890625 0.208984375 0.0171875 0.0546875
6 0.6140625 0.150390625 0.01875 0.0625
6 0.74296875 0.2607421875 0.0296875 0.099609375
6 0.51640625 0.4091796875 0.0140625 0.037109375
6 0.53125 0.4072265625 0.0125 0.037109375
6 0.55703125 0.408203125 0.0109375 0.03515625
6 0.5359375 0.4443359375 0.009375 0.013671875
6 0.5546875 0.4443359375 0.009375 0.013671875
8 0.3171875 0.296875 0.015625 0.01953125
8 0.68359375 0.1884765625 0.0265625 0.048828125
8 0.790625 0.326171875 0.03125 0.09765625
0 0.57578125 0.4873046875 0.0078125 0.029296875
0 0.58046875 0.494140625 0.0109375 0.03125
0 0.590625 0.4892578125 0.009375 0.025390625
0 0.6015625 0.4873046875 0.0125 0.029296875
0 0.6125 0.486328125 0.009375 0.03125
0 0.621875 0.4873046875 0.009375 0.029296875
2 0.51953125 0.4990234375 0.0265625 0.033203125
2 0.53515625 0.4951171875 0.0140625 0.025390625
2 0.56015625 0.4951171875 0.0203125 0.029296875
1 0.0140625 0.486328125 0.028125 0.04296875
1 0.115625 0.490234375 0.040625 0.0390625
1 0.2421875 0.494140625 0.03125 0.03515625
1 0.3515625 0.5185546875 0.18125 0.185546875
1 0.85390625 0.478515625 0.1546875 0.0859375
1 0.6890625 0.484375 0.125 0.06640625
