6 0.1140625 0.3046875 0.009375 0.02734375
6 0.2125 0.3125 0.009375 0.02734375
6 0.309375 0.3349609375 0.009375 0.029296875
6 0.409375 0.3935546875 0.00625 0.025390625
6 0.40859375 0.419921875 0.0078125 0.0078125
6 0.4609375 0.396484375 0.00625 0.0234375
6 0.5328125 0.3466796875 0.0125 0.041015625
6 0.51796875 0.3515625 0.0109375 0.0390625
6 0.52421875 0.3974609375 0.0078125 0.017578125
6 0.4640625 0.42578125 0.00625 0.01171875
6 0.58828125 0.2841796875 0.0078125 0.033203125
6 0.57109375 0.287109375 0.0078125 0.03125
6 0.61171875 0.3642578125 0.0109375 0.033203125
6 0.615625 0.40625 0.009375 0.015625
6 0.48203125 0.3896484375 0.0078125 0.037109375
8 0.13984375 0.3037109375 0.0140625 0.021484375
8 0.33125 0.359375 0.03125 0.01171875
8 0.109375 0.404296875 0.0125 0.0078125
8 0.60859375 0.3203125 0.0140625 0.01953125
8 0.746875 0.4072265625 0.009375 0.017578125
8 0.33515625 0.4150390625 0.0078125 0.017578125
0 0.77578125 0.4765625 0.0421875 0.16015625
1 0.3265625 0.462890625 0.065625 0.06640625
1 0.60546875 0.46875 0.1109375 0.0390625
