6 0.75703125 0.3779296875 0.0140625 0.048828125
6 0.034375 0.34375 0.015625 0.05859375
6 0.3859375 0.4453125 0.00625 0.0234375
0 0.10546875 0.5361328125 0.0328125 0.115234375
0 0.934375 0.55078125 0.04375 0.1484375
0 0.15625 0.490234375 0.025 0.0390625
0 0.321875 0.4853515625 0.0125 0.017578125
0 0.3453125 0.494140625 0.009375 0.03125
0 0.33203125 0.48828125 0.0078125 0.01171875
0 0.63828125 0.4931640625 0.0078125 0.021484375
0 0.98671875 0.5439453125 0.0265625 0.083984375
0 0.90234375 0.541015625 0.0234375 0.0703125
2 0.66640625 0.5732421875 0.0390625 0.072265625
1 0.31640625 0.5205078125 0.0671875 0.056640625
1 0.4765625 0.5556640625 0.11875 0.119140625
1 0.5171875 0.51953125 0.0375 0.0546875
1 0.52890625 0.50390625 0.0296875 0.0390625
