6 0.73984375 0.484375 0.0109375 0.03125
6 0.21484375 0.41796875 0.0203125 0.0546875
6 0.22265625 0.5146484375 0.0140625 0.021484375
6 0.3390625 0.4560546875 0.015625 0.044921875
8 0.790625 0.4482421875 0.034375 0.037109375
8 0.2109375 0.48046875 0.021875 0.0234375
0 0.89921875 0.5439453125 0.0203125 0.041015625
0 0.7359375 0.560546875 0.009375 0.03515625
0 0.69296875 0.552734375 0.0109375 0.02734375
0 0.665625 0.5498046875 0.009375 0.017578125
5 0.58359375 0.55078125 0.0359375 0.0390625
1 0.6328125 0.607421875 0.1 0.1015625
1 0.33828125 0.595703125 0.1578125 0.140625
1 0.175 0.68359375 0.303125 0.2421875
1 0.034375 0.599609375 0.06875 0.078125
