8 0.22890625 0.4033203125 0.0203125 0.029296875
0 0.1328125 0.45703125 0.021875 0.08203125
0 0.809375 0.4833984375 0.075 0.248046875
0 0.94765625 0.4765625 0.0609375 0.2265625
0 0.453125 0.4501953125 0.009375 0.029296875
0 0.47265625 0.44921875 0.0109375 0.03515625
1 0.0390625 0.470703125 0.078125 0.06640625
1 0.0703125 0.4658203125 0.084375 0.068359375
1 0.0890625 0.4501953125 0.05625 0.044921875
1 0.20625 0.453125 0.0375 0.03515625
1 0.23359375 0.453125 0.0359375 0.03125
1 0.26796875 0.4541015625 0.0359375 0.029296875
1 0.36640625 0.44921875 0.0328125 0.03515625
1 0.42890625 0.4541015625 0.0140625 0.017578125
1 0.4125 0.4482421875 0.015625 0.017578125
1 0.390625 0.447265625 0.0125 0.015625
1 0.46171875 0.4384765625 0.0265625 0.025390625
