11 0.853125 0.365234375 0.29375 0.703125
1 0.20390625 0.50390625 0.1359375 0.1015625
1 0.3390625 0.48828125 0.0625 0.05078125
1 0.37109375 0.482421875 0.0390625 0.046875
1 0.39296875 0.482421875 0.0265625 0.0390625
1 0.40625 0.4775390625 0.021875 0.041015625
1 0.41875 0.478515625 0.01875 0.02734375
1 0.44609375 0.474609375 0.0203125 0.0234375
1 0.42578125 0.474609375 0.0171875 0.03125
1 0.4640625 0.474609375 0.015625 0.015625
1 0.48984375 0.4736328125 0.0234375 0.021484375
1 0.565625 0.5029296875 0.1125 0.103515625
1 0.671875 0.4892578125 0.034375 0.052734375
1 0.69453125 0.486328125 0.0359375 0.06640625
