0 0.14921875 0.46484375 0.0203125 0.06640625
0 0.1734375 0.4638671875 0.01875 0.076171875
0 0.26015625 0.455078125 0.0140625 0.0546875
0 0.24609375 0.45703125 0.0140625 0.04296875
0 0.2671875 0.4365234375 0.009375 0.025390625
0 0.70703125 0.478515625 0.0265625 0.109375
0 0.725 0.4833984375 0.028125 0.099609375
0 0.625 0.4580078125 0.009375 0.041015625
0 0.61640625 0.458984375 0.0078125 0.0390625
0 0.47109375 0.451171875 0.0046875 0.0234375
2 0.6765625 0.560546875 0.065625 0.1484375
2 0.9578125 0.5634765625 0.084375 0.158203125
1 0.07734375 0.4599609375 0.1015625 0.048828125
1 0.37109375 0.4609375 0.0359375 0.03125
1 0.39140625 0.4580078125 0.0203125 0.029296875
1 0.4453125 0.4580078125 0.03125 0.033203125
1 0.49921875 0.4560546875 0.0515625 0.025390625
