6 0.06875 0.2177734375 0.028125 0.091796875
6 0.04765625 0.3251953125 0.0140625 0.029296875
6 0.1046875 0.345703125 0.0125 0.0390625
6 0.1453125 0.4482421875 0.009375 0.029296875
6 0.6890625 0.4423828125 0.009375 0.033203125
6 0.628125 0.4052734375 0.009375 0.041015625
6 0.91015625 0.474609375 0.0109375 0.03515625
6 0.95859375 0.3349609375 0.0109375 0.037109375
8 0.98359375 0.326171875 0.0078125 0.0234375
0 0.54765625 0.5185546875 0.0046875 0.017578125
0 0.48203125 0.515625 0.0046875 0.01953125
1 0.59375 0.5126953125 0.009375 0.013671875
6 0.6890625 0.4873046875 0.0125 0.009765625
