6 0.13671875 0.265625 0.0140625 0.05859375
6 0.53125 0.388671875 0.00625 0.02734375
6 0.48359375 0.3525390625 0.0078125 0.029296875
6 0.71171875 0.3056640625 0.0078125 0.025390625
6 0.73671875 0.302734375 0.0078125 0.02734375
6 0.78359375 0.375 0.0078125 0.02734375
6 0.45 0.4052734375 0.003125 0.009765625
8 0.59375 0.3369140625 0.0375 0.017578125
8 0.59453125 0.2900390625 0.0640625 0.080078125
8 0.72734375 0.30078125 0.0046875 0.015625
0 0.15 0.453125 0.00625 0.0234375
0 0.15703125 0.44921875 0.0078125 0.03125
0 0.1984375 0.4501953125 0.009375 0.033203125
0 0.40703125 0.4853515625 0.0390625 0.142578125
0 0.1734375 0.455078125 0.015625 0.04296875
0 0.54765625 0.4814453125 0.0390625 0.142578125
0 0.58203125 0.4443359375 0.0140625 0.044921875
0 0.6828125 0.4521484375 0.009375 0.037109375
0 0.65703125 0.4521484375 0.0109375 0.037109375
0 0.6 0.4521484375 0.009375 0.025390625
0 0.48515625 0.4423828125 0.0109375 0.033203125
0 0.72890625 0.4521484375 0.0359375 0.060546875
2 0.10625 0.505859375 0.090625 0.078125
1 0.37109375 0.4404296875 0.0296875 0.021484375
1 0.45234375 0.4482421875 0.0234375 0.021484375
1 0.4390625 0.4443359375 0.0125 0.013671875
1 0.5296875 0.4814453125 0.084375 0.080078125
