6 0.7 0.2109375 0.034375 0.1015625
6 0.3546875 0.326171875 0.01875 0.0546875
6 0.6953125 0.3125 0.028125 0.03515625
6 0.0765625 0.3466796875 0.015625 0.044921875
0 0.23984375 0.4599609375 0.0265625 0.083984375
0 0.33828125 0.4755859375 0.0453125 0.146484375
0 0.41171875 0.466796875 0.0234375 0.125
0 0.434375 0.46875 0.025 0.11328125
0 0.38515625 0.474609375 0.0484375 0.24609375
5 0.6890625 0.3984375 0.309375 0.20703125
1 0.0328125 0.5859375 0.065625 0.39453125
1 0.10234375 0.4912109375 0.2046875 0.255859375
