8 0.184375 0.5234375 0.015625 0.0234375
8 0.184375 0.5380859375 0.0125 0.005859375
8 0.2609375 0.533203125 0.0125 0.015625
8 0.665625 0.5068359375 0.021875 0.041015625
8 0.8578125 0.455078125 0.028125 0.03515625
8 0.0546875 0.53125 0.046875 0.01953125
0 0.109375 0.5810546875 0.01875 0.033203125
0 0.146875 0.587890625 0.015625 0.03515625
0 0.61796875 0.556640625 0.0078125 0.03125
0 0.628125 0.5546875 0.00625 0.01953125
0 0.803125 0.5673828125 0.03125 0.060546875
0 0.94921875 0.55859375 0.0265625 0.046875
0 0.92265625 0.5498046875 0.0296875 0.056640625
0 0.87421875 0.55859375 0.0296875 0.03515625
0 0.90625 0.552734375 0.021875 0.05078125
0 0.57890625 0.5703125 0.0078125 0.01953125
0 0.08671875 0.5703125 0.0171875 0.0546875
1 0.1046875 0.7138671875 0.209375 0.232421875
1 0.3125 0.6015625 0.0625 0.06640625
1 0.35546875 0.5947265625 0.0453125 0.048828125
1 0.3828125 0.591796875 0.025 0.04296875
1 0.4046875 0.58984375 0.034375 0.0390625
1 0.41640625 0.583984375 0.0265625 0.03515625
1 0.43359375 0.5830078125 0.0109375 0.029296875
1 0.4453125 0.5810546875 0.01875 0.025390625
1 0.46953125 0.576171875 0.0234375 0.01953125
1 0.4875 0.5751953125 0.015625 0.013671875
1 0.5296875 0.572265625 0.01875 0.015625
1 0.5453125 0.572265625 0.015625 0.01953125
1 0.56484375 0.5693359375 0.0140625 0.017578125
1 0.50546875 0.5712890625 0.0203125 0.013671875
1 0.87421875 0.71875 0.2515625 0.28515625
1 0.7296875 0.64453125 0.14375 0.1640625
1 0.659375 0.623046875 0.0625 0.12109375
1 0.6296875 0.6064453125 0.05 0.087890625
