8 0.98203125 0.248046875 0.0359375 0.12109375
0 0.14453125 0.4775390625 0.0203125 0.064453125
0 0.12109375 0.4775390625 0.0140625 0.060546875
0 0.5375 0.4384765625 0.009375 0.025390625
0 0.65546875 0.46875 0.0234375 0.07421875
0 0.70625 0.4638671875 0.021875 0.076171875
0 0.68359375 0.4638671875 0.0234375 0.083984375
0 0.58359375 0.4375 0.0109375 0.02734375
1 0.2015625 0.46875 0.0625 0.0625
1 0.23203125 0.4599609375 0.0234375 0.052734375
1 0.246875 0.4521484375 0.015625 0.029296875
1 0.26953125 0.478515625 0.0578125 0.05859375
1 0.27578125 0.4453125 0.0234375 0.0078125
1 0.29453125 0.4462890625 0.0171875 0.017578125
1 0.3953125 0.525390625 0.1875 0.1015625
1 0.40703125 0.462890625 0.0484375 0.03125
1 0.38359375 0.45703125 0.0421875 0.03515625
1 0.36171875 0.458984375 0.0234375 0.03515625
1 0.34609375 0.45703125 0.0203125 0.03125
1 0.3359375 0.453125 0.015625 0.0234375
1 0.32578125 0.4521484375 0.0171875 0.021484375
1 0.3171875 0.451171875 0.015625 0.01953125
1 0.3078125 0.447265625 0.0125 0.015625
1 0.5640625 0.4765625 0.13125 0.05859375
1 0.7015625 0.4619140625 0.08125 0.060546875
1 0.625 0.458984375 0.065625 0.0546875
1 0.9359375 0.5048828125 0.128125 0.083984375
8 0.74375 0.3896484375 0.0125 0.033203125
8 0.74375 0.4150390625 0.009375 0.009765625
8 0.12890625 0.3984375 0.0203125 0.03125
8 0.128125 0.419921875 0.0125 0.0078125
0 0.575 0.439453125 0.009375 0.01171875
