6 0.46171875 0.3447265625 0.0078125 0.021484375
6 0.51171875 0.369140625 0.0046875 0.015625
6 0.5703125 0.4091796875 0.00625 0.017578125
6 0.41484375 0.4150390625 0.0046875 0.021484375
0 0.43671875 0.4580078125 0.0078125 0.029296875
0 0.5 0.4560546875 0.0125 0.033203125
0 0.50703125 0.4580078125 0.0078125 0.029296875
0 0.30703125 0.470703125 0.0140625 0.03125
0 0.8234375 0.490234375 0.01875 0.0859375
0 0.84296875 0.4931640625 0.0203125 0.080078125
2 0.525 0.4658203125 0.021875 0.021484375
2 0.55390625 0.4677734375 0.0109375 0.017578125
1 0.5484375 0.455078125 0.015625 0.0234375
1 0.5328125 0.453125 0.015625 0.0234375
1 0.4890625 0.44921875 0.009375 0.0078125
1 0.58359375 0.4736328125 0.0328125 0.021484375
1 0.63671875 0.4853515625 0.0796875 0.087890625
1 0.90234375 0.4716796875 0.1078125 0.095703125
1 0.96171875 0.51171875 0.0765625 0.08984375
1 0.13125 0.53515625 0.2625 0.2734375
11 0.8453125 0.453125 0.16875 0.08984375
