6 0.1984375 0.3466796875 0.01875 0.033203125
6 0.396875 0.3876953125 0.009375 0.029296875
6 0.3734375 0.3916015625 0.009375 0.029296875
6 0.39453125 0.4169921875 0.0078125 0.013671875
6 0.51015625 0.2685546875 0.0109375 0.048828125
6 0.5078125 0.3291015625 0.0125 0.068359375
6 0.52421875 0.3388671875 0.0140625 0.044921875
6 0.54140625 0.3427734375 0.0140625 0.041015625
6 0.5203125 0.3916015625 0.0125 0.017578125
8 0.21875 0.3427734375 0.015625 0.025390625
8 0.3015625 0.3681640625 0.05 0.013671875
8 0.0171875 0.408203125 0.009375 0.02734375
0 0.53125 0.4775390625 0.046875 0.169921875
0 0.58125 0.47265625 0.04375 0.16015625
1 0.17734375 0.4794921875 0.0421875 0.064453125
1 0.42421875 0.47265625 0.0796875 0.0625
1 0.29296875 0.5205078125 0.2296875 0.263671875
