0 0.575 0.4375 0.00625 0.015625
0 0.5671875 0.4375 0.009375 0.01171875
0 0.18828125 0.4716796875 0.0296875 0.056640625
1 0.92109375 0.732421875 0.1578125 0.40625
1 0.87421875 0.5849609375 0.2515625 0.275390625
1 0.74609375 0.56640625 0.1109375 0.140625
1 0.71328125 0.517578125 0.1328125 0.125
1 0.65234375 0.50390625 0.0609375 0.08984375
1 0.61953125 0.4873046875 0.0546875 0.056640625
1 0.60390625 0.48046875 0.0359375 0.05078125
1 0.59296875 0.4716796875 0.0453125 0.044921875
1 0.5703125 0.46875 0.021875 0.0390625
1 0.56875 0.4599609375 0.0375 0.033203125
1 0.55234375 0.4501953125 0.0234375 0.029296875
1 0.5421875 0.4443359375 0.021875 0.029296875
1 0.05 0.5068359375 0.1 0.126953125
1 0.1359375 0.5849609375 0.23125 0.173828125
1 0.11640625 0.47265625 0.0640625 0.0625
1 0.2 0.48046875 0.071875 0.07421875
1 0.15859375 0.4716796875 0.0296875 0.056640625
1 0.2703125 0.4658203125 0.0875 0.056640625
1 0.34140625 0.482421875 0.0890625 0.08984375
1 0.3703125 0.447265625 0.04375 0.046875
1 0.40703125 0.4365234375 0.0390625 0.029296875
1 0.4609375 0.4375 0.025 0.0234375
1 0.49375 0.4306640625 0.01875 0.013671875
1 0.534375 0.435546875 0.01875 0.0234375
