8 0.23828125 0.509765625 0.0140625 0.01171875
2 0.16953125 0.5283203125 0.0421875 0.060546875
1 0.84609375 0.427734375 0.0328125 0.02734375
1 0.9875 0.4482421875 0.025 0.037109375
1 0.46484375 0.451171875 0.0078125 0.0078125
1 0.43828125 0.4423828125 0.0078125 0.009765625
1 0.42734375 0.451171875 0.0078125 0.0078125
1 0.38671875 0.458984375 0.0140625 0.015625
1 0.35 0.4658203125 0.015625 0.017578125
1 0.29765625 0.470703125 0.0296875 0.03515625
1 0.25078125 0.4794921875 0.0453125 0.037109375
1 0.2046875 0.4814453125 0.0375 0.037109375
1 0.06796875 0.498046875 0.0765625 0.06640625
1 0.01015625 0.5224609375 0.0203125 0.076171875
