8 0.8234375 0.4384765625 0.0125 0.017578125
8 0.8234375 0.419921875 0.0125 0.01953125
0 0.165625 0.45703125 0.015625 0.02734375
0 0.35625 0.4716796875 0.009375 0.017578125
0 0.484375 0.4794921875 0.009375 0.033203125
0 0.49453125 0.4775390625 0.0109375 0.037109375
0 0.5984375 0.4853515625 0.01875 0.068359375
0 0.5625 0.48828125 0.01875 0.0546875
1 0.0359375 0.4609375 0.0625 0.04296875
1 0.07734375 0.4638671875 0.0546875 0.037109375
1 0.2125 0.513671875 0.215625 0.10546875
1 0.27421875 0.4580078125 0.0703125 0.017578125
1 0.328125 0.51171875 0.1125 0.0859375
1 0.440625 0.4794921875 0.078125 0.037109375
1 0.3890625 0.4736328125 0.03125 0.025390625
1 0.909375 0.6806640625 0.18125 0.291015625
