8 0.07734375 0.384765625 0.0140625 0.03515625
0 0.3328125 0.490234375 0.009375 0.01953125
0 0.340625 0.4853515625 0.00625 0.017578125
1 0.409375 0.48828125 0.025 0.02734375
1 0.3734375 0.48828125 0.05 0.05078125
1 0.1 0.5126953125 0.2 0.177734375
1 0.465625 0.4833984375 0.0625 0.060546875
1 0.50625 0.48828125 0.0125 0.01953125
1 0.52265625 0.4853515625 0.0234375 0.029296875
1 0.5375 0.486328125 0.021875 0.03125
1 0.5625 0.4853515625 0.04375 0.056640625
1 0.57578125 0.4921875 0.0421875 0.05078125
1 0.6484375 0.48828125 0.128125 0.1171875
1 0.82421875 0.4658203125 0.1546875 0.087890625
1 0.87890625 0.5517578125 0.2421875 0.259765625
