6 0.60703125 0.390625 0.0078125 0.01953125
6 0.61015625 0.4111328125 0.0078125 0.009765625
8 0.0296875 0.265625 0.021875 0.04296875
8 0.6109375 0.4033203125 0.009375 0.005859375
8 0.6765625 0.384765625 0.025 0.02734375
0 0.9234375 0.453125 0.0375 0.10546875
1 0.08515625 0.486328125 0.1703125 0.17578125
1 0.19140625 0.4697265625 0.1359375 0.130859375
1 0.35234375 0.443359375 0.0796875 0.078125
1 0.39453125 0.4365234375 0.0359375 0.056640625
1 0.3875 0.439453125 0.025 0.05859375
1 0.46015625 0.435546875 0.0265625 0.02734375
1 0.4765625 0.4296875 0.015625 0.01953125
1 0.49375 0.423828125 0.009375 0.01171875
1 0.4859375 0.42578125 0.009375 0.01171875
1 0.57890625 0.4375 0.0171875 0.01953125
1 0.5609375 0.4326171875 0.01875 0.017578125
1 0.55078125 0.4267578125 0.0140625 0.013671875
1 0.6546875 0.439453125 0.03125 0.02734375
