6 0.89609375 0.470703125 0.0171875 0.01953125
6 0.89453125 0.390625 0.0203125 0.0625
6 0.69375 0.4423828125 0.009375 0.033203125
6 0.04453125 0.45703125 0.0140625 0.015625
6 0.0671875 0.4326171875 0.009375 0.041015625
6 0.24453125 0.43359375 0.0109375 0.03125
8 0.68984375 0.4716796875 0.0140625 0.017578125
8 0.25 0.4658203125 0.0125 0.025390625
0 0.01640625 0.5302734375 0.0234375 0.083984375
0 0.02421875 0.53125 0.0171875 0.08203125
0 0.33984375 0.513671875 0.0234375 0.0546875
0 0.35 0.5166015625 0.021875 0.052734375
0 0.35703125 0.5126953125 0.0203125 0.056640625
1 0.3875 0.5146484375 0.028125 0.025390625
1 0.4046875 0.513671875 0.015625 0.0234375
1 0.4109375 0.5107421875 0.015625 0.025390625
1 0.44375 0.4951171875 0.05 0.072265625
1 0.471875 0.5107421875 0.009375 0.013671875
1 0.48828125 0.5107421875 0.0140625 0.013671875
1 0.540625 0.50390625 0.009375 0.0078125
1 0.5296875 0.5126953125 0.015625 0.017578125
1 0.59375 0.5146484375 0.03125 0.033203125
1 0.83046875 0.6357421875 0.3015625 0.267578125
1 0.7734375 0.515625 0.121875 0.05078125
1 0.65625 0.5419921875 0.125 0.130859375
