8 0.046875 0.359375 0.04375 0.02734375
8 0.0453125 0.37890625 0.025 0.01171875
0 0.21875 0.515625 0.034375 0.12109375
0 0.38125 0.498046875 0.040625 0.1328125
0 0.9359375 0.5029296875 0.04375 0.126953125
0 0.846875 0.474609375 0.015625 0.05859375
0 0.82109375 0.4716796875 0.0109375 0.052734375
0 0.51015625 0.4599609375 0.0171875 0.029296875
0 0.625 0.4609375 0.0125 0.02734375
0 0.86171875 0.470703125 0.0109375 0.05078125
0 0.5484375 0.4580078125 0.015625 0.025390625
0 0.95546875 0.4716796875 0.0140625 0.052734375
0 0.60859375 0.45703125 0.0140625 0.0234375
0 0.528125 0.4638671875 0.015625 0.037109375
0 0.86953125 0.470703125 0.0109375 0.046875
2 0.42265625 0.5244140625 0.0421875 0.068359375
5 0.1859375 0.458984375 0.20625 0.14453125
1 0.4890625 0.50390625 0.109375 0.0859375
1 0.584375 0.4951171875 0.109375 0.068359375
1 0.7125 0.482421875 0.11875 0.08203125
1 0.78984375 0.4814453125 0.0546875 0.048828125
1 0.903125 0.4755859375 0.059375 0.048828125
