4 0.65 0.4609375 0.01875 0.02734375
8 0.85078125 0.3564453125 0.0359375 0.044921875
8 0.85390625 0.3916015625 0.0296875 0.021484375
0 0.628125 0.4765625 0.00625 0.01953125
0 0.33828125 0.4921875 0.0109375 0.01953125
0 0.45078125 0.48046875 0.0109375 0.01171875
0 0.46640625 0.4794921875 0.0109375 0.013671875
0 0.47890625 0.48046875 0.0078125 0.01171875
0 0.4890625 0.48046875 0.009375 0.01171875
0 0.7890625 0.4619140625 0.0125 0.029296875
0 0.79921875 0.4638671875 0.0109375 0.025390625
1 0.10703125 0.646484375 0.2140625 0.2421875
1 0.25078125 0.59765625 0.1453125 0.15234375
1 0.3546875 0.5498046875 0.10625 0.103515625
1 0.44453125 0.52734375 0.0765625 0.08203125
1 0.4890625 0.5126953125 0.040625 0.052734375
1 0.56328125 0.486328125 0.0203125 0.02734375
1 0.52109375 0.5009765625 0.0390625 0.037109375
1 0.9140625 0.607421875 0.171875 0.3125
1 0.81640625 0.55859375 0.1140625 0.1640625
1 0.77421875 0.5224609375 0.0515625 0.087890625
1 0.7046875 0.494140625 0.053125 0.046875
1 0.6796875 0.4833984375 0.028125 0.033203125
1 0.6640625 0.470703125 0.0125 0.01953125
1 0.6078125 0.4794921875 0.01875 0.017578125
1 0.615625 0.4716796875 0.015625 0.017578125
