6 0.296875 0.478515625 0.00625 0.0078125
6 0.53203125 0.4658203125 0.0078125 0.009765625
8 0.21875 0.5009765625 0.021875 0.009765625
8 0.29765625 0.49609375 0.0140625 0.01953125
8 0.53125 0.4892578125 0.015625 0.025390625
8 0.603125 0.435546875 0.028125 0.05078125
0 0.24296875 0.548828125 0.0109375 0.03515625
0 0.23125 0.55078125 0.0125 0.03515625
0 0.26171875 0.5419921875 0.0109375 0.037109375
0 0.275 0.541015625 0.009375 0.03515625
0 0.33203125 0.5478515625 0.0109375 0.037109375
0 0.87734375 0.5263671875 0.0296875 0.115234375
0 0.84453125 0.5166015625 0.0296875 0.099609375
0 0.821875 0.5224609375 0.034375 0.095703125
0 0.7296875 0.529296875 0.028125 0.0859375
0 0.6984375 0.53515625 0.015625 0.0625
0 0.68046875 0.5380859375 0.0171875 0.060546875
0 0.65703125 0.537109375 0.0140625 0.0625
0 0.63359375 0.5400390625 0.0203125 0.064453125
0 0.525 0.5556640625 0.009375 0.033203125
0 0.7546875 0.5146484375 0.0125 0.029296875
0 0.66484375 0.4951171875 0.0046875 0.017578125
0 0.66015625 0.4951171875 0.0046875 0.017578125
0 0.63046875 0.4970703125 0.0046875 0.021484375
0 0.6734375 0.494140625 0.00625 0.01953125
0 0.52578125 0.51953125 0.0078125 0.0234375
0 0.54140625 0.537109375 0.0109375 0.03515625
0 0.57421875 0.5185546875 0.0078125 0.021484375
0 0.56484375 0.525390625 0.0078125 0.01953125
1 0.1796875 0.5556640625 0.08125 0.048828125
1 0.34140625 0.546875 0.0421875 0.0390625
1 0.3828125 0.5439453125 0.028125 0.033203125
1 0.40234375 0.5205078125 0.0203125 0.021484375
1 0.39453125 0.5302734375 0.0203125 0.021484375
1 0.4125 0.505859375 0.0125 0.01171875
1 0.43515625 0.498046875 0.0140625 0.015625
1 0.43515625 0.509765625 0.0140625 0.0078125
1 0.43046875 0.5205078125 0.0171875 0.017578125
1 0.4125 0.5576171875 0.034375 0.056640625
1 0.4625 0.55078125 0.075 0.07421875
7 0.5546875 0.560546875 0.009375 0.01953125
0 0.0203125 0.5615234375 0.03125 0.087890625
