6 0.97421875 0.25390625 0.0515625 0.0625
6 0.98671875 0.1083984375 0.0265625 0.123046875
0 0.48515625 0.4560546875 0.0078125 0.025390625
0 0.87421875 0.4423828125 0.0203125 0.095703125
0 0.81484375 0.443359375 0.0265625 0.08203125
0 0.928125 0.439453125 0.03125 0.10546875
2 0.4734375 0.4697265625 0.0125 0.025390625
2 0.6515625 0.580078125 0.234375 0.18359375
1 0.34140625 0.458984375 0.0296875 0.03125
1 0.3921875 0.45703125 0.021875 0.0234375
1 0.42578125 0.46484375 0.0328125 0.03515625
1 0.6640625 0.4951171875 0.228125 0.224609375
