6 0.72734375 0.4375 0.0078125 0.01953125
8 0.4359375 0.427734375 0.025 0.01171875
8 0.37265625 0.447265625 0.0234375 0.01171875
8 0.11328125 0.4931640625 0.0140625 0.005859375
8 0.128125 0.49609375 0.00625 0.01171875
0 0.1515625 0.5244140625 0.00625 0.025390625
0 0.15859375 0.5234375 0.0078125 0.0234375
0 0.17890625 0.521484375 0.0078125 0.0234375
0 0.1875 0.521484375 0.009375 0.02734375
0 0.234375 0.513671875 0.009375 0.0234375
0 0.24296875 0.515625 0.0078125 0.02734375
0 0.253125 0.513671875 0.009375 0.02734375
0 0.21875 0.513671875 0.009375 0.03125
1 0.35859375 0.7734375 0.7171875 0.453125
1 0.09140625 0.5751953125 0.1828125 0.099609375
1 0.6453125 0.5478515625 0.390625 0.205078125
1 0.3484375 0.515625 0.046875 0.04296875
1 0.30390625 0.525390625 0.0953125 0.05078125
1 0.91875 0.544921875 0.1625 0.31640625
1 0.80234375 0.4609375 0.0453125 0.03125
1 0.8140625 0.4501953125 0.05625 0.029296875
