4 0.52109375 0.5341796875 0.0140625 0.021484375
6 0.3921875 0.498046875 0.00625 0.01953125
0 0.63671875 0.5537109375 0.0109375 0.037109375
0 0.5734375 0.54296875 0.00625 0.01953125
0 0.578125 0.544921875 0.00625 0.0234375
0 0.4078125 0.5390625 0.00625 0.015625
0 0.39921875 0.541015625 0.0078125 0.0234375
0 0.646875 0.5517578125 0.00625 0.041015625
0 0.77578125 0.568359375 0.0109375 0.05078125
0 0.7953125 0.5615234375 0.01875 0.068359375
0 0.778125 0.5400390625 0.009375 0.025390625
3 0.4765625 0.568359375 0.015625 0.03515625
1 0.50625 0.544921875 0.015625 0.01953125
1 0.4921875 0.5517578125 0.021875 0.025390625
1 0.4875 0.5361328125 0.0125 0.009765625
1 0.478125 0.5380859375 0.009375 0.013671875
1 0.46953125 0.5400390625 0.0109375 0.013671875
1 0.4625 0.544921875 0.015625 0.015625
1 0.4390625 0.55859375 0.03125 0.03125
1 0.41640625 0.5703125 0.0515625 0.05078125
