4 0.8171875 0.4072265625 0.253125 0.076171875
4 0.64296875 0.4287109375 0.1046875 0.037109375
4 0.51640625 0.43359375 0.0609375 0.0546875
4 0.43203125 0.455078125 0.0984375 0.0390625
0 0.6515625 0.46875 0.028125 0.09375
0 0.66640625 0.435546875 0.0109375 0.02734375
0 0.6796875 0.4306640625 0.0125 0.021484375
0 0.62890625 0.4580078125 0.0171875 0.060546875
0 0.6125 0.4609375 0.015625 0.05859375
0 0.5953125 0.462890625 0.01875 0.0546875
0 0.578125 0.455078125 0.009375 0.0390625
0 0.56953125 0.453125 0.0078125 0.03125
0 0.55703125 0.4599609375 0.0109375 0.041015625
0 0.5484375 0.455078125 0.009375 0.03125
0 0.128125 0.4892578125 0.015625 0.029296875
1 0.91328125 0.44921875 0.1734375 0.1328125
1 0.85625 0.4453125 0.14375 0.1015625
1 0.50390625 0.5107421875 0.1234375 0.107421875
1 0.45390625 0.462890625 0.0296875 0.0234375
0 0.109375 0.498046875 0.021875 0.046875
