6 0.065625 0.525390625 0.0125 0.02734375
8 0.27265625 0.4755859375 0.0265625 0.029296875
8 0.37578125 0.509765625 0.0203125 0.02734375
0 0.8984375 0.5615234375 0.021875 0.060546875
0 0.85546875 0.55859375 0.0109375 0.046875
0 0.77578125 0.55078125 0.0140625 0.04296875
0 0.69375 0.5439453125 0.00625 0.021484375
0 0.66484375 0.5458984375 0.0046875 0.013671875
0 0.65390625 0.548828125 0.0078125 0.01953125
0 0.64375 0.5458984375 0.00625 0.021484375
0 0.47734375 0.546875 0.0046875 0.015625
0 0.45078125 0.546875 0.0046875 0.015625
0 0.53125 0.544921875 0.00625 0.015625
0 0.071875 0.65234375 0.053125 0.18359375
3 0.05625 0.6806640625 0.1125 0.115234375
3 0.07265625 0.6640625 0.1453125 0.12890625
3 0.09453125 0.63671875 0.1421875 0.12109375
3 0.1375 0.650390625 0.1 0.125
3 0.17578125 0.650390625 0.0515625 0.10546875
3 0.1890625 0.6396484375 0.05625 0.099609375
3 0.1984375 0.6435546875 0.053125 0.103515625
3 0.21796875 0.6396484375 0.0421875 0.091796875
3 0.234375 0.6357421875 0.0375 0.083984375
3 0.2546875 0.6298828125 0.040625 0.076171875
1 0.51875 0.5556640625 0.01875 0.025390625
1 0.49375 0.55859375 0.028125 0.03515625
1 0.4734375 0.5654296875 0.01875 0.033203125
1 0.45546875 0.5732421875 0.0234375 0.037109375
1 0.41640625 0.6103515625 0.0734375 0.083984375
1 0.5453125 0.5712890625 0.0375 0.044921875
1 0.49453125 0.6923828125 0.1984375 0.197265625
