6 0.64921875 0.3095703125 0.0171875 0.060546875
6 0.4375 0.3876953125 0.00625 0.021484375
6 0.64609375 0.375 0.0171875 0.01953125
8 0.97421875 0.2978515625 0.0328125 0.041015625
8 0.64921875 0.3525390625 0.0453125 0.017578125
0 0.8625 0.439453125 0.034375 0.06640625
0 0.89296875 0.4365234375 0.0328125 0.087890625
0 0.53046875 0.4541015625 0.0265625 0.083984375
0 0.559375 0.458984375 0.03125 0.06640625
0 0.59140625 0.451171875 0.0328125 0.0703125
0 0.62109375 0.44921875 0.0171875 0.05859375
2 0.490625 0.46875 0.009375 0.015625
2 0.01875 0.4814453125 0.0375 0.044921875
2 0.02890625 0.482421875 0.0359375 0.0390625
1 0.4125 0.4658203125 0.03125 0.033203125
1 0.32734375 0.4658203125 0.0390625 0.041015625
1 0.3734375 0.462890625 0.025 0.0234375
1 0.27265625 0.470703125 0.0703125 0.06640625
1 0.19375 0.4755859375 0.096875 0.083984375
1 0.69921875 0.513671875 0.4234375 0.16015625
6 0.94609375 0.353515625 0.0265625 0.03125
