8 0.4078125 0.4130859375 0.015625 0.021484375
8 0.69375 0.349609375 0.0375 0.01171875
8 0.69375 0.3798828125 0.0375 0.041015625
0 0.2890625 0.4970703125 0.03125 0.103515625
0 0.3203125 0.4912109375 0.028125 0.095703125
1 0.0625 0.5517578125 0.125 0.173828125
1 0.17265625 0.5234375 0.1484375 0.125
1 0.21171875 0.470703125 0.0609375 0.03125
1 0.375 0.4638671875 0.0625 0.048828125
1 0.31796875 0.451171875 0.0515625 0.0390625
1 0.50078125 0.47265625 0.0421875 0.03515625
1 0.52421875 0.4736328125 0.0171875 0.029296875
1 0.5359375 0.474609375 0.01875 0.0234375
1 0.54140625 0.4638671875 0.0203125 0.017578125
1 0.55078125 0.4736328125 0.0109375 0.025390625
1 0.63828125 0.4765625 0.0203125 0.02734375
1 0.90703125 0.7431640625 0.1859375 0.439453125
1 0.66328125 0.53515625 0.0859375 0.125
1 0.74453125 0.5634765625 0.1765625 0.173828125
1 0.67578125 0.462890625 0.0390625 0.0234375
11 0.5859375 0.5458984375 0.015625 0.009765625
11 0.60390625 0.603515625 0.0234375 0.015625
11 0.56796875 0.5595703125 0.0140625 0.009765625
