2 0.9640625 0.7265625 0.071875 0.25390625
2 0.8640625 0.6572265625 0.09375 0.240234375
1 0.08125 0.5703125 0.1625 0.21484375
1 0.20703125 0.5224609375 0.2171875 0.201171875
1 0.37421875 0.4970703125 0.1046875 0.083984375
1 0.421875 0.4873046875 0.04375 0.072265625
1 0.43828125 0.4736328125 0.0609375 0.076171875
1 0.478125 0.474609375 0.028125 0.05078125
1 0.50625 0.4638671875 0.046875 0.033203125
1 0.52578125 0.4638671875 0.0203125 0.021484375
1 0.53671875 0.4638671875 0.0109375 0.017578125
1 0.54453125 0.4619140625 0.0109375 0.013671875
1 0.5515625 0.4609375 0.009375 0.01171875
1 0.55546875 0.4580078125 0.0078125 0.009765625
1 0.73828125 0.5185546875 0.1046875 0.095703125
1 0.6921875 0.50390625 0.0375 0.06640625
1 0.6734375 0.4892578125 0.05 0.052734375
1 0.6484375 0.486328125 0.028125 0.046875
1 0.63671875 0.4814453125 0.0203125 0.037109375
1 0.63515625 0.4716796875 0.0359375 0.041015625
1 0.609375 0.4697265625 0.025 0.025390625
1 0.58984375 0.46484375 0.0140625 0.015625
