6 0.57734375 0.4150390625 0.0171875 0.041015625
6 0.2859375 0.466796875 0.00625 0.01171875
6 0.334375 0.455078125 0.0125 0.015625
6 0.93984375 0.48828125 0.0078125 0.01953125
8 0.4890625 0.4873046875 0.0125 0.013671875
8 0.88203125 0.482421875 0.0109375 0.01953125
8 0.72578125 0.46484375 0.0296875 0.015625
8 0.725 0.4794921875 0.028125 0.013671875
8 0.575 0.4453125 0.0125 0.01953125
8 0.5734375 0.462890625 0.0125 0.01171875
0 0.82109375 0.544921875 0.0265625 0.0625
0 0.85 0.5400390625 0.025 0.083984375
5 0.409375 0.494140625 0.09375 0.12109375
3 0.2296875 0.509765625 0.053125 0.0390625
1 0.61171875 0.5078125 0.0734375 0.05859375
1 0.1625 0.5048828125 0.09375 0.056640625
1 0.49296875 0.5654296875 0.1046875 0.111328125
1 0.559375 0.51953125 0.071875 0.0390625
1 0.88984375 0.5283203125 0.0671875 0.041015625
1 0.66484375 0.515625 0.0546875 0.05078125
