6 0.67578125 0.37109375 0.0078125 0.0234375
6 0.75859375 0.3779296875 0.0078125 0.017578125
6 0.4265625 0.3544921875 0.009375 0.037109375
6 0.484375 0.380859375 0.00625 0.015625
0 0.959375 0.453125 0.021875 0.0703125
0 0.92578125 0.44921875 0.0265625 0.0859375
0 0.859375 0.4375 0.025 0.05859375
0 0.7609375 0.4228515625 0.0125 0.037109375
0 0.76875 0.4228515625 0.009375 0.037109375
0 0.33671875 0.416015625 0.0234375 0.07421875
0 0.39140625 0.4111328125 0.0140625 0.044921875
0 0.41484375 0.4130859375 0.0203125 0.052734375
0 0.47890625 0.404296875 0.0046875 0.015625
0 0.48515625 0.4033203125 0.0046875 0.017578125
1 0.521875 0.43359375 0.053125 0.0546875
1 0.6546875 0.4228515625 0.04375 0.041015625
1 0.56015625 0.41015625 0.0171875 0.01953125
1 0.59453125 0.4150390625 0.0296875 0.033203125
1 0.6109375 0.4150390625 0.0125 0.029296875
1 0.540625 0.404296875 0.009375 0.01171875
1 0.56875 0.4052734375 0.0125 0.017578125
1 0.63046875 0.4130859375 0.0171875 0.021484375
1 0.52734375 0.40234375 0.0140625 0.0078125
