0 0.4171875 0.474609375 0.015625 0.0546875
2 0.4921875 0.490234375 0.01875 0.046875
1 0.02265625 0.6611328125 0.0453125 0.154296875
1 0.08515625 0.587890625 0.1703125 0.1953125
1 0.203125 0.556640625 0.115625 0.1171875
1 0.2703125 0.5234375 0.09375 0.09375
1 0.340625 0.4990234375 0.075 0.072265625
1 0.38203125 0.482421875 0.0453125 0.05078125
1 0.41953125 0.4638671875 0.0484375 0.048828125
1 0.4609375 0.453125 0.025 0.0234375
1 0.47109375 0.4501953125 0.0140625 0.021484375
1 0.478125 0.4443359375 0.015625 0.021484375
1 0.4890625 0.4404296875 0.0125 0.017578125
1 0.525 0.4619140625 0.053125 0.060546875
1 0.559375 0.4541015625 0.03125 0.048828125
1 0.57578125 0.466796875 0.0296875 0.0546875
1 0.6125 0.4755859375 0.06875 0.083984375
1 0.63671875 0.5 0.0640625 0.078125
1 0.6578125 0.5166015625 0.078125 0.091796875
1 0.67578125 0.55078125 0.0796875 0.12890625
1 0.79296875 0.576171875 0.2515625 0.2421875
1 0.87421875 0.7353515625 0.2515625 0.400390625
1 0.85703125 0.4501953125 0.1234375 0.041015625
1 0.6703125 0.455078125 0.046875 0.03125
