4 0.43046875 0.4541015625 0.1015625 0.041015625
4 0.84921875 0.4150390625 0.3015625 0.134765625
4 0.5125 0.4365234375 0.05 0.060546875
4 0.63515625 0.42578125 0.0890625 0.03125
0 0.01640625 0.5087890625 0.0234375 0.076171875
0 0.0359375 0.5068359375 0.01875 0.068359375
0 0.01015625 0.5029296875 0.0203125 0.080078125
0 0.71875 0.4765625 0.04375 0.1328125
0 0.74921875 0.478515625 0.0328125 0.14453125
0 0.76328125 0.47265625 0.0296875 0.1328125
0 0.66640625 0.439453125 0.0109375 0.03515625
0 0.67890625 0.4287109375 0.0140625 0.021484375
0 0.63046875 0.451171875 0.0140625 0.046875
0 0.61484375 0.466796875 0.0203125 0.0625
0 0.6046875 0.4482421875 0.009375 0.033203125
0 0.60703125 0.4560546875 0.0078125 0.041015625
0 0.5921875 0.458984375 0.0125 0.04296875
0 0.575 0.462890625 0.0125 0.0390625
0 0.584375 0.4541015625 0.009375 0.037109375
0 0.5484375 0.4599609375 0.009375 0.041015625
0 0.55625 0.458984375 0.009375 0.0390625
1 0.95234375 0.490234375 0.0953125 0.109375
1 0.9109375 0.44921875 0.178125 0.13671875
1 0.8484375 0.4482421875 0.1375 0.103515625
1 0.646875 0.4453125 0.015625 0.01953125
1 0.4390625 0.4658203125 0.021875 0.025390625
1 0.48515625 0.5107421875 0.1328125 0.115234375
0 0.11171875 0.4970703125 0.0203125 0.048828125
