6 0.07890625 0.3857421875 0.0140625 0.052734375
6 0.8203125 0.4033203125 0.0125 0.052734375
0 0.334375 0.5009765625 0.009375 0.033203125
0 0.60234375 0.607421875 0.0953125 0.3046875
0 0.6375 0.6337890625 0.09375 0.298828125
1 0.68515625 0.51953125 0.0578125 0.0546875
1 0.54296875 0.5048828125 0.0140625 0.013671875
1 0.48515625 0.5068359375 0.0234375 0.025390625
1 0.46328125 0.509765625 0.0296875 0.03515625
1 0.41015625 0.4873046875 0.0828125 0.115234375
1 0.353125 0.5126953125 0.034375 0.029296875
1 0.540625 0.49609375 0.0125 0.01171875
8 0.0890625 0.4375 0.01875 0.0390625
6 0.0984375 0.3896484375 0.0125 0.044921875
8 0.8125 0.4560546875 0.01875 0.041015625
7 0.7890625 0.54296875 0.015625 0.0390625
