6 0.76484375 0.2275390625 0.0515625 0.060546875
6 0.640625 0.318359375 0.015625 0.046875
6 0.64921875 0.3720703125 0.0140625 0.021484375
6 0.44453125 0.376953125 0.0140625 0.015625
6 0.4484375 0.3330078125 0.0125 0.044921875
8 0.8203125 0.1591796875 0.059375 0.056640625
8 0.6875 0.359375 0.03125 0.01171875
8 0.64375 0.3515625 0.0125 0.015625
0 0.05859375 0.498046875 0.0609375 0.2265625
0 0.03828125 0.49609375 0.0765625 0.24609375
0 0.10625 0.4521484375 0.021875 0.091796875
0 0.11640625 0.4638671875 0.0296875 0.083984375
0 0.1453125 0.4541015625 0.028125 0.083984375
0 0.23046875 0.4541015625 0.0234375 0.087890625
0 0.19765625 0.4541015625 0.0328125 0.091796875
0 0.2125 0.4560546875 0.021875 0.087890625
0 0.284375 0.45703125 0.028125 0.09375
0 0.41015625 0.5185546875 0.0859375 0.400390625
0 0.54609375 0.5126953125 0.2015625 0.373046875
1 0.0890625 0.4638671875 0.034375 0.060546875
1 0.3375 0.4462890625 0.015625 0.021484375
1 0.35703125 0.451171875 0.0328125 0.04296875
1 0.6703125 0.4541015625 0.196875 0.107421875
1 0.8953125 0.4521484375 0.16875 0.115234375
1 0.01328125 0.5068359375 0.0265625 0.083984375
