6 0.7578125 0.451171875 0.0125 0.0390625
6 0.75390625 0.53125 0.0078125 0.01953125
6 0.3453125 0.4365234375 0.009375 0.029296875
6 0.34765625 0.5107421875 0.0046875 0.013671875
6 0.075 0.3447265625 0.034375 0.091796875
6 0.26171875 0.5322265625 0.0046875 0.013671875
6 0.26484375 0.5087890625 0.0046875 0.013671875
0 0.86171875 0.5595703125 0.0171875 0.048828125
0 0.82734375 0.556640625 0.0109375 0.0390625
0 0.8171875 0.552734375 0.009375 0.03125
0 0.79921875 0.55859375 0.0109375 0.03125
0 0.78828125 0.55859375 0.0109375 0.03125
0 0.778125 0.560546875 0.009375 0.03515625
0 0.7609375 0.5517578125 0.00625 0.009765625
0 0.746875 0.55078125 0.00625 0.01171875
2 0.059375 0.681640625 0.071875 0.1640625
2 0.30859375 0.568359375 0.0109375 0.015625
2 0.32421875 0.5703125 0.0109375 0.01171875
1 0.1328125 0.5732421875 0.09375 0.076171875
1 0.23046875 0.57421875 0.0796875 0.0703125
1 0.4171875 0.6484375 0.159375 0.171875
1 0.4765625 0.55859375 0.090625 0.13671875
1 0.56953125 0.580078125 0.0703125 0.0703125
1 0.61484375 0.568359375 0.0453125 0.0625
1 0.6859375 0.5556640625 0.096875 0.056640625
1 0.6953125 0.5947265625 0.1 0.087890625
1 0.88828125 0.548828125 0.0265625 0.01953125
1 0.38515625 0.556640625 0.0265625 0.015625
1 0.4203125 0.5537109375 0.021875 0.017578125
1 0.40234375 0.55859375 0.0171875 0.01171875
1 0.7421875 0.5712890625 0.021875 0.037109375
1 0.5328125 0.572265625 0.0125 0.01171875
1 0.275 0.556640625 0.028125 0.03515625
