2 0.30234375 0.6845703125 0.0796875 0.189453125
2 0.43828125 0.490234375 0.0203125 0.04296875
1 0.8796875 0.65625 0.240625 0.3125
1 0.1015625 0.6123046875 0.203125 0.212890625
1 0.2078125 0.5556640625 0.128125 0.150390625
1 0.33828125 0.49609375 0.0828125 0.09375
1 0.3671875 0.482421875 0.0625 0.08203125
1 0.4 0.4755859375 0.03125 0.064453125
1 0.40703125 0.466796875 0.0453125 0.0625
1 0.4453125 0.466796875 0.03125 0.046875
1 0.4734375 0.44921875 0.03125 0.03125
1 0.49609375 0.447265625 0.0234375 0.02734375
1 0.5046875 0.44140625 0.025 0.02734375
1 0.51796875 0.443359375 0.0109375 0.0234375
1 0.528125 0.4404296875 0.015625 0.017578125
1 0.534375 0.4404296875 0.009375 0.017578125
1 0.54140625 0.4384765625 0.0140625 0.017578125
1 0.55078125 0.4375 0.0109375 0.015625
1 0.56015625 0.435546875 0.0140625 0.015625
1 0.56796875 0.4345703125 0.0078125 0.013671875
1 0.57421875 0.43359375 0.0078125 0.015625
1 0.584375 0.4326171875 0.0125 0.013671875
1 0.60078125 0.4443359375 0.0234375 0.029296875
1 0.59140625 0.453125 0.0296875 0.03125
1 0.6234375 0.44921875 0.021875 0.01953125
1 0.621875 0.427734375 0.015625 0.0234375
11 0.71640625 0.4365234375 0.0578125 0.033203125
1 0.6796875 0.4365234375 0.021875 0.025390625
1 0.60859375 0.4853515625 0.0359375 0.052734375
1 0.64453125 0.486328125 0.0765625 0.0703125
1 0.65625 0.5078125 0.06875 0.078125
1 0.71640625 0.529296875 0.1140625 0.109375
11 0.92578125 0.953125 0.0921875 0.078125
