8 0.55078125 0.44140625 0.0109375 0.015625
8 0.5265625 0.4404296875 0.009375 0.013671875
0 0.14375 0.4658203125 0.025 0.060546875
1 0.97578125 0.583984375 0.0484375 0.17578125
1 0.89453125 0.529296875 0.2109375 0.20703125
1 0.78203125 0.51171875 0.1515625 0.140625
1 0.68046875 0.4970703125 0.0734375 0.083984375
1 0.596875 0.484375 0.040625 0.0703125
1 0.5671875 0.47265625 0.040625 0.04296875
1 0.54921875 0.4716796875 0.0234375 0.037109375
1 0.546875 0.4677734375 0.034375 0.037109375
1 0.53046875 0.4658203125 0.0234375 0.033203125
1 0.50859375 0.4677734375 0.0171875 0.017578125
1 0.49453125 0.46484375 0.0171875 0.01953125
1 0.475 0.4658203125 0.015625 0.017578125
1 0.42109375 0.46484375 0.0171875 0.01953125
1 0.40703125 0.4658203125 0.0171875 0.017578125
1 0.38984375 0.4658203125 0.0203125 0.025390625
1 0.378125 0.4677734375 0.01875 0.033203125
1 0.36875 0.4716796875 0.021875 0.037109375
1 0.35234375 0.47265625 0.0296875 0.04296875
1 0.3328125 0.4736328125 0.03125 0.044921875
1 0.30625 0.4794921875 0.046875 0.048828125
1 0.24921875 0.4833984375 0.0765625 0.087890625
1 0.19296875 0.4990234375 0.1171875 0.095703125
1 0.03828125 0.517578125 0.0765625 0.16015625
