0 0.75078125 0.46484375 0.0234375 0.078125
0 0.95625 0.4755859375 0.03125 0.119140625
0 0.9328125 0.4619140625 0.025 0.076171875
0 0.9125 0.48046875 0.028125 0.11328125
0 0.83984375 0.4599609375 0.0171875 0.072265625
0 0.81484375 0.447265625 0.0078125 0.03125
0 0.82109375 0.451171875 0.0078125 0.02734375
0 0.8296875 0.4521484375 0.009375 0.033203125
1 0.64609375 0.48046875 0.0890625 0.08984375
1 0.7765625 0.462890625 0.0625 0.0703125
1 0.7421875 0.458984375 0.0375 0.06640625
1 0.70234375 0.4521484375 0.0296875 0.029296875
1 0.71875 0.4501953125 0.021875 0.033203125
