8 0.671875 0.3896484375 0.04375 0.068359375
8 0.6640625 0.470703125 0.025 0.015625
8 0.61796875 0.462890625 0.0203125 0.01171875
0 0.13828125 0.4873046875 0.0140625 0.041015625
0 0.17578125 0.482421875 0.0109375 0.03515625
1 0.52734375 0.439453125 0.0171875 0.01953125
1 0.52265625 0.4306640625 0.0140625 0.017578125
1 0.5109375 0.431640625 0.009375 0.01171875
1 0.5015625 0.4306640625 0.009375 0.009765625
1 0.48515625 0.4228515625 0.0046875 0.005859375
1 0.4640625 0.4404296875 0.015625 0.017578125
1 0.3828125 0.4296875 0.009375 0.01171875
1 0.39453125 0.4296875 0.0078125 0.0078125
1 0.4 0.447265625 0.021875 0.0234375
1 0.2296875 0.4677734375 0.05 0.033203125
1 0.0515625 0.4931640625 0.034375 0.033203125
