6 0.58359375 0.43359375 0.0078125 0.02734375
6 0.58125 0.4619140625 0.009375 0.009765625
6 0.27734375 0.4296875 0.0078125 0.02734375
6 0.27890625 0.458984375 0.0078125 0.0078125
6 0.16484375 0.4580078125 0.0109375 0.013671875
8 0.5859375 0.451171875 0.01875 0.0078125
8 0.27890625 0.44921875 0.0203125 0.01171875
0 0.8109375 0.5126953125 0.021875 0.072265625
0 0.7828125 0.5048828125 0.01875 0.056640625
0 0.5921875 0.505859375 0.0125 0.05078125
0 0.609375 0.5068359375 0.0125 0.052734375
0 0.25390625 0.4990234375 0.0140625 0.052734375
0 0.91640625 0.501953125 0.0234375 0.03125
0 0.95234375 0.5009765625 0.0265625 0.037109375
1 0.50234375 0.5048828125 0.0296875 0.041015625
1 0.47734375 0.5244140625 0.0671875 0.068359375
1 0.5265625 0.4931640625 0.021875 0.029296875
