6 0.6046875 0.4052734375 0.00625 0.021484375
6 0.5421875 0.3759765625 0.00625 0.017578125
6 0.53359375 0.3515625 0.0078125 0.0234375
6 0.59375 0.4140625 0.00625 0.01953125
6 0.48671875 0.41015625 0.0046875 0.015625
0 0.075 0.47265625 0.0375 0.1171875
0 0.034375 0.458984375 0.04375 0.140625
0 0.25703125 0.439453125 0.0171875 0.0625
0 0.309375 0.4501953125 0.015625 0.052734375
0 0.321875 0.4560546875 0.0125 0.060546875
0 0.3328125 0.45703125 0.015625 0.06640625
0 0.34453125 0.4541015625 0.0140625 0.056640625
0 0.35078125 0.451171875 0.0140625 0.046875
0 0.3640625 0.453125 0.0125 0.046875
0 0.4046875 0.4443359375 0.009375 0.025390625
0 0.415625 0.447265625 0.009375 0.02734375
0 0.54765625 0.453125 0.0078125 0.02734375
0 0.54140625 0.453125 0.0078125 0.02734375
0 0.559375 0.4560546875 0.009375 0.025390625
0 0.59921875 0.4609375 0.0140625 0.0390625
0 0.6921875 0.4677734375 0.009375 0.052734375
0 0.6796875 0.4541015625 0.015625 0.037109375
0 0.7171875 0.4697265625 0.015625 0.052734375
2 0.028125 0.4765625 0.05625 0.078125
2 0.11171875 0.47265625 0.0671875 0.0703125
2 0.134375 0.4677734375 0.075 0.060546875
2 0.16015625 0.4658203125 0.0671875 0.056640625
2 0.28046875 0.48828125 0.0296875 0.06640625
2 0.25234375 0.4755859375 0.0234375 0.060546875
2 0.3921875 0.466796875 0.015625 0.03515625
2 0.48828125 0.4638671875 0.0109375 0.021484375
1 0.56953125 0.453125 0.0140625 0.015625
1 0.61484375 0.4794921875 0.0265625 0.060546875
1 0.6515625 0.48828125 0.078125 0.08984375
1 0.50703125 0.4482421875 0.0234375 0.017578125
1 0.97890625 0.771484375 0.0421875 0.34765625
7 0.58203125 0.4609375 0.0046875 0.01171875
