0 0.64296875 0.443359375 0.0078125 0.015625
0 0.94296875 0.4677734375 0.0046875 0.021484375
0 0.9296875 0.4697265625 0.003125 0.025390625
0 0.45859375 0.4951171875 0.0171875 0.060546875
1 0.675 0.47265625 0.065625 0.04296875
1 0.72421875 0.478515625 0.0328125 0.02734375
1 0.79140625 0.47265625 0.0390625 0.0234375
1 0.80234375 0.4560546875 0.0296875 0.017578125
1 0.82421875 0.4580078125 0.0234375 0.021484375
1 0.88828125 0.4736328125 0.0328125 0.017578125
1 0.91640625 0.474609375 0.0234375 0.015625
1 0.88671875 0.4599609375 0.0296875 0.013671875
