8 0.3234375 0.4619140625 0.0125 0.021484375
8 0.11171875 0.4296875 0.0296875 0.02734375
8 0.11015625 0.400390625 0.0234375 0.02734375
8 0.08203125 0.3798828125 0.0234375 0.033203125
8 0.2703125 0.42578125 0.00625 0.0078125
8 0.72890625 0.388671875 0.0171875 0.0078125
8 0.6625 0.390625 0.01875 0.0078125
0 0.9203125 0.521484375 0.05 0.1484375
0 0.88359375 0.533203125 0.0296875 0.11328125
0 0.78046875 0.4765625 0.0265625 0.08984375
0 0.80625 0.478515625 0.021875 0.078125
3 0.90859375 0.7958984375 0.1828125 0.408203125
1 0.64375 0.7138671875 0.384375 0.400390625
1 0.5640625 0.4375 0.025 0.01953125
1 0.36640625 0.505859375 0.1046875 0.08203125
1 0.27421875 0.462890625 0.0640625 0.0390625
1 0.21015625 0.4619140625 0.0609375 0.044921875
