8 0.93515625 0.3486328125 0.0265625 0.048828125
0 0.71640625 0.4775390625 0.0109375 0.017578125
1 0.46015625 0.4990234375 0.0109375 0.025390625
1 0.4671875 0.501953125 0.00625 0.01953125
1 0.41640625 0.490234375 0.0203125 0.0390625
1 0.4375 0.4951171875 0.021875 0.037109375
1 0.44375 0.494140625 0.021875 0.0390625
1 0.39296875 0.4951171875 0.0453125 0.041015625
1 0.54296875 0.4990234375 0.0203125 0.037109375
1 0.5703125 0.5 0.053125 0.0546875
1 0.8671875 0.63671875 0.265625 0.265625
1 0.96171875 0.7734375 0.0765625 0.234375
1 0.0671875 0.57421875 0.134375 0.1796875
