6 0.32265625 0.4501953125 0.0046875 0.017578125
6 0.32265625 0.4677734375 0.0046875 0.005859375
6 0.54140625 0.453125 0.0046875 0.01953125
6 0.53984375 0.4716796875 0.0046875 0.005859375
6 0.95703125 0.212890625 0.0390625 0.12109375
8 0.61171875 0.41796875 0.0328125 0.0546875
0 0.865625 0.5166015625 0.01875 0.091796875
0 0.82109375 0.501953125 0.0140625 0.09375
0 0.79765625 0.509765625 0.0265625 0.09765625
0 0.71640625 0.5029296875 0.0296875 0.064453125
0 0.6828125 0.537109375 0.025 0.1171875
0 0.68203125 0.529296875 0.0359375 0.125
0 0.65859375 0.490234375 0.0203125 0.03515625
0 0.64921875 0.490234375 0.0109375 0.03125
0 0.63359375 0.50390625 0.0109375 0.05859375
0 0.515625 0.498046875 0.00625 0.01171875
0 0.01484375 0.50390625 0.0234375 0.1015625
0 0.046875 0.505859375 0.021875 0.09765625
0 0.09375 0.490234375 0.015625 0.0546875
0 0.10546875 0.4853515625 0.0171875 0.044921875
0 0.18515625 0.4921875 0.0171875 0.03515625
0 0.165625 0.486328125 0.00625 0.03125
0 0.21796875 0.4814453125 0.0078125 0.021484375
0 0.2296875 0.4794921875 0.009375 0.025390625
2 0.78359375 0.5732421875 0.0828125 0.103515625
2 0.56875 0.537109375 0.021875 0.0546875
2 0.08203125 0.5205078125 0.0453125 0.048828125
1 0.5015625 0.494140625 0.0125 0.015625
1 0.4734375 0.5205078125 0.065625 0.072265625
