0 0.75 0.515625 0.0875 0.19140625
0 0.71484375 0.5087890625 0.0703125 0.205078125
0 0.6171875 0.51953125 0.053125 0.19921875
0 0.625 0.505859375 0.075 0.1875
0 0.5390625 0.509765625 0.078125 0.1875
0 0.51328125 0.509765625 0.0765625 0.1875
0 0.45390625 0.4365234375 0.0359375 0.080078125
0 0.46484375 0.5048828125 0.0546875 0.169921875
0 0.396875 0.5068359375 0.0625 0.173828125
0 0.34453125 0.4833984375 0.0515625 0.162109375
0 0.38515625 0.4853515625 0.0359375 0.158203125
0 0.259375 0.421875 0.01875 0.07421875
0 0.2375 0.4248046875 0.01875 0.068359375
0 0.2984375 0.421875 0.009375 0.03125
1 0.91171875 0.4697265625 0.1234375 0.083984375
1 0.33828125 0.4375 0.0515625 0.05859375
1 0.4375 0.4365234375 0.03125 0.048828125
1 0.4171875 0.427734375 0.028125 0.046875
1 0.121875 0.419921875 0.053125 0.04296875
1 0.19140625 0.431640625 0.0765625 0.06640625
1 0.2234375 0.431640625 0.028125 0.0546875
1 0.28125 0.423828125 0.021875 0.0390625
1 0.24453125 0.42578125 0.0296875 0.046875
1 0.3109375 0.4248046875 0.0125 0.025390625
1 0.85 0.4482421875 0.078125 0.060546875
1 0.73671875 0.447265625 0.1203125 0.07421875
