4 0.49375 0.388671875 0.175 0.2421875
4 0.63671875 0.416015625 0.0390625 0.05859375
4 0.8453125 0.4228515625 0.078125 0.068359375
8 0.92421875 0.30859375 0.0640625 0.10546875
0 0.1609375 0.4404296875 0.04375 0.142578125
0 0.678125 0.427734375 0.0125 0.03125
0 0.72734375 0.43359375 0.0109375 0.02734375
0 0.6 0.4248046875 0.015625 0.044921875
0 0.246875 0.3916015625 0.01875 0.041015625
2 0.559375 0.5322265625 0.065625 0.123046875
1 0.89375 0.5869140625 0.2125 0.294921875
1 0.81796875 0.4384765625 0.0609375 0.052734375
1 0.934375 0.4189453125 0.078125 0.060546875
