6 0.0875 0.119140625 0.05 0.05859375
6 0.19375 0.1552734375 0.0375 0.052734375
6 0.359375 0.1533203125 0.040625 0.052734375
6 0.6484375 0.3232421875 0.040625 0.048828125
6 0.33203125 0.4052734375 0.0046875 0.013671875
6 0.3765625 0.3994140625 0.00625 0.013671875
6 0.3984375 0.40625 0.003125 0.01171875
8 0.24296875 0.1630859375 0.0265625 0.048828125
8 0.41484375 0.1611328125 0.0265625 0.048828125
8 0.88359375 0.275390625 0.0609375 0.109375
8 0.40546875 0.4072265625 0.0046875 0.005859375
1 0.025 0.4990234375 0.05 0.044921875
1 0.078125 0.484375 0.071875 0.05859375
1 0.13828125 0.4853515625 0.0765625 0.060546875
1 0.184375 0.4853515625 0.0375 0.048828125
1 0.2125 0.482421875 0.04375 0.046875
1 0.47734375 0.5048828125 0.1953125 0.212890625
1 0.35625 0.4658203125 0.046875 0.029296875
11 0.2625 0.4619140625 0.071875 0.083984375
