6 0.43984375 0.4287109375 0.0078125 0.017578125
8 0.91328125 0.1064453125 0.1734375 0.130859375
8 0.459375 0.4248046875 0.0125 0.017578125
8 0.38515625 0.48828125 0.0078125 0.0078125
1 0.5171875 0.5078125 0.1625 0.17578125
1 0.83671875 0.5166015625 0.1734375 0.150390625
1 0.6953125 0.4892578125 0.096875 0.099609375
1 0.62421875 0.4912109375 0.0484375 0.041015625
1 0.4125 0.4921875 0.03125 0.02734375
1 0.228125 0.48828125 0.06875 0.05859375
1 0.3265625 0.494140625 0.0375 0.03125
1 0.01875 0.5078125 0.0375 0.0625
