0 0.228125 0.4091796875 0.025 0.080078125
0 0.26328125 0.390625 0.0265625 0.05859375
0 0.39765625 0.40625 0.0078125 0.02734375
0 0.3484375 0.40625 0.003125 0.015625
0 0.4953125 0.4931640625 0.071875 0.244140625
0 0.5765625 0.5 0.065625 0.234375
0 0.5484375 0.470703125 0.034375 0.17578125
0 0.6328125 0.515625 0.096875 0.2578125
0 0.71640625 0.5068359375 0.0765625 0.248046875
0 0.84453125 0.51171875 0.1046875 0.27734375
0 0.8890625 0.505859375 0.08125 0.2578125
0 0.95859375 0.5087890625 0.0828125 0.232421875
0 0.97109375 0.5078125 0.0578125 0.22265625
2 0.63828125 0.5205078125 0.0796875 0.123046875
1 0.11640625 0.404296875 0.0578125 0.046875
1 0.73671875 0.4521484375 0.1640625 0.103515625
1 0.7609375 0.4052734375 0.1 0.044921875
1 0.1828125 0.4189453125 0.08125 0.068359375
1 0.24375 0.4091796875 0.01875 0.048828125
1 0.3 0.42578125 0.096875 0.08203125
1 0.4625 0.4287109375 0.05 0.064453125
1 0.44609375 0.416015625 0.0484375 0.05859375
1 0.42734375 0.4091796875 0.0234375 0.044921875
1 0.421875 0.40625 0.01875 0.046875
1 0.409375 0.4091796875 0.0125 0.029296875
1 0.40546875 0.41015625 0.0109375 0.0234375
1 0.36484375 0.4091796875 0.0234375 0.025390625
