8 0.6265625 0.4169921875 0.01875 0.029296875
2 0.5078125 0.46484375 0.0125 0.01953125
2 0.51953125 0.4658203125 0.0109375 0.017578125
1 0.48125 0.4541015625 0.009375 0.013671875
1 0.471875 0.4541015625 0.009375 0.009765625
1 0.49140625 0.455078125 0.0109375 0.015625
1 0.44140625 0.4599609375 0.0265625 0.037109375
1 0.52890625 0.458984375 0.0109375 0.01953125
1 0.56015625 0.46875 0.0265625 0.0390625
1 0.6 0.484375 0.059375 0.0625
1 0.590625 0.4716796875 0.053125 0.056640625
1 0.42265625 0.4619140625 0.0234375 0.041015625
1 0.3921875 0.46484375 0.05 0.05078125
1 0.34921875 0.478515625 0.0453125 0.0625
1 0.321875 0.4892578125 0.053125 0.072265625
1 0.259375 0.4970703125 0.109375 0.095703125
1 0.09453125 0.5224609375 0.1890625 0.201171875
1 0.7125 0.53125 0.146875 0.14453125
7 0.91953125 0.5859375 0.0390625 0.09375
1 0.190625 0.474609375 0.06875 0.09375
