0 0.746875 0.4892578125 0.025 0.107421875
0 0.78203125 0.482421875 0.0296875 0.125
0 0.67578125 0.4697265625 0.0296875 0.091796875
0 0.6359375 0.48046875 0.034375 0.1015625
0 0.60546875 0.47265625 0.0296875 0.109375
0 0.58515625 0.466796875 0.0171875 0.08203125
0 0.5625 0.4736328125 0.03125 0.107421875
0 0.5328125 0.466796875 0.021875 0.078125
0 0.51875 0.4736328125 0.0125 0.052734375
0 0.5078125 0.474609375 0.009375 0.03515625
0 0.49921875 0.4755859375 0.0078125 0.033203125
0 0.46953125 0.47265625 0.0078125 0.03515625
0 0.48203125 0.4755859375 0.0078125 0.033203125
1 0.38984375 0.47265625 0.0359375 0.04296875
1 0.41171875 0.4794921875 0.0140625 0.025390625
1 0.43515625 0.48046875 0.0359375 0.0390625
1 0.33984375 0.4765625 0.0671875 0.0703125
