0 0.17578125 0.4912109375 0.0203125 0.068359375
0 0.096875 0.49609375 0.021875 0.0625
0 0.05859375 0.494140625 0.0171875 0.0703125
0 0.025 0.49609375 0.025 0.07421875
1 0.27890625 0.4892578125 0.0765625 0.080078125
1 0.3296875 0.4921875 0.0375 0.046875
1 0.35859375 0.4970703125 0.0265625 0.037109375
1 0.371875 0.494140625 0.028125 0.0390625
1 0.39296875 0.498046875 0.0203125 0.03125
1 0.44375 0.49609375 0.028125 0.03125
1 0.48046875 0.5009765625 0.0203125 0.017578125
1 0.53359375 0.48828125 0.0484375 0.046875
1 0.61796875 0.4921875 0.1484375 0.1328125
1 0.7390625 0.4638671875 0.0625 0.037109375
