6 0.8390625 0.3857421875 0.01875 0.068359375
6 0.14921875 0.384765625 0.0171875 0.06640625
6 0.59765625 0.466796875 0.0109375 0.02734375
6 0.8609375 0.5537109375 0.0125 0.037109375
6 0.265625 0.4541015625 0.009375 0.029296875
6 0.325 0.4794921875 0.00625 0.017578125
6 0.525 0.482421875 0.00625 0.015625
6 0.72578125 0.5048828125 0.0109375 0.013671875
8 0.859375 0.453125 0.04375 0.046875
8 0.8578125 0.3154296875 0.046875 0.060546875
8 0.146875 0.4453125 0.040625 0.04296875
8 0.6046875 0.4287109375 0.01875 0.021484375
8 0.1453125 0.48046875 0.028125 0.02734375
8 0.60625 0.4912109375 0.015625 0.017578125
0 0.8984375 0.59375 0.034375 0.125
0 0.92109375 0.5888671875 0.0296875 0.123046875
0 0.9796875 0.55859375 0.03125 0.109375
0 0.98203125 0.5849609375 0.0359375 0.126953125
0 0.7828125 0.560546875 0.03125 0.0546875
0 0.80078125 0.5615234375 0.0203125 0.056640625
0 0.67890625 0.537109375 0.0171875 0.05078125
0 0.72421875 0.5478515625 0.0171875 0.044921875
0 0.5921875 0.5302734375 0.009375 0.037109375
0 0.62265625 0.54296875 0.0109375 0.05078125
0 0.6125 0.537109375 0.009375 0.046875
0 0.6 0.541015625 0.009375 0.046875
0 0.7140625 0.5927734375 0.05 0.115234375
0 0.6859375 0.6015625 0.059375 0.1328125
0 0.66328125 0.591796875 0.0671875 0.125
0 0.54140625 0.53125 0.0078125 0.01953125
0 0.5046875 0.5283203125 0.009375 0.029296875
0 0.4875 0.529296875 0.009375 0.03515625
0 0.49453125 0.5283203125 0.0109375 0.033203125
0 0.48046875 0.529296875 0.0078125 0.03125
0 0.37109375 0.5322265625 0.0140625 0.033203125
0 0.29296875 0.5361328125 0.0109375 0.025390625
0 0.00625 0.5634765625 0.0125 0.099609375
0 0.05 0.556640625 0.025 0.07421875
0 0.07109375 0.5576171875 0.0171875 0.064453125
0 0.07890625 0.5244140625 0.0140625 0.041015625
0 0.09453125 0.537109375 0.0171875 0.0625
0 0.12421875 0.5400390625 0.0203125 0.060546875
0 0.1109375 0.5419921875 0.015625 0.060546875
0 0.4671875 0.53125 0.009375 0.0234375
0 0.44609375 0.5283203125 0.0109375 0.025390625
0 0.45234375 0.5283203125 0.0078125 0.025390625
0 0.43984375 0.529296875 0.0078125 0.0234375
0 0.45859375 0.529296875 0.0078125 0.02734375
0 0.3296875 0.529296875 0.0125 0.03515625
0 0.34375 0.53125 0.009375 0.0234375
2 0.53203125 0.54296875 0.0265625 0.02734375
2 0.18125 0.5517578125 0.015625 0.037109375
5 0.4078125 0.51953125 0.05 0.07421875
3 0.234375 0.5498046875 0.065625 0.048828125
1 0.4515625 0.6494140625 0.196875 0.197265625
1 0.153125 0.681640625 0.21875 0.22265625
