0 0.45625 0.4931640625 0.040625 0.115234375
0 0.42109375 0.4931640625 0.0453125 0.138671875
0 0.371875 0.4716796875 0.0375 0.119140625
0 0.35703125 0.443359375 0.0203125 0.08203125
0 0.3453125 0.4560546875 0.01875 0.103515625
0 0.32734375 0.47265625 0.0265625 0.1171875
0 0.31015625 0.4501953125 0.0234375 0.095703125
0 0.296875 0.4501953125 0.025 0.111328125
0 0.27578125 0.453125 0.0203125 0.1015625
0 0.2859375 0.4326171875 0.015625 0.060546875
0 0.259375 0.451171875 0.021875 0.1015625
0 0.2390625 0.447265625 0.025 0.10546875
0 0.22265625 0.455078125 0.0234375 0.1015625
0 0.2046875 0.44921875 0.028125 0.09765625
2 0.40859375 0.4677734375 0.0234375 0.044921875
1 0.88125 0.4736328125 0.128125 0.068359375
1 0.790625 0.4599609375 0.121875 0.068359375
1 0.69375 0.447265625 0.09375 0.0546875
1 0.64140625 0.4736328125 0.1640625 0.068359375
1 0.4546875 0.4384765625 0.040625 0.021484375
1 0.4109375 0.4267578125 0.028125 0.021484375
1 0.1859375 0.4443359375 0.028125 0.064453125
1 0.13828125 0.431640625 0.0421875 0.0390625
1 0.3890625 0.4345703125 0.015625 0.021484375
11 0.54375 0.5908203125 0.034375 0.013671875
