0 0.73203125 0.466796875 0.0578125 0.234375
0 0.6859375 0.4501953125 0.059375 0.232421875
0 0.628125 0.4453125 0.053125 0.22265625
0 0.52890625 0.4326171875 0.0296875 0.111328125
0 0.50234375 0.4453125 0.0234375 0.0859375
0 0.48515625 0.4287109375 0.0265625 0.091796875
0 0.5125 0.43359375 0.01875 0.09765625
1 0.8796875 0.5126953125 0.240625 0.255859375
1 0.31953125 0.51953125 0.2640625 0.26953125
1 0.14921875 0.423828125 0.1609375 0.1328125
1 0.078125 0.4423828125 0.15625 0.126953125
1 0.05234375 0.4560546875 0.1046875 0.130859375
