4 0.43359375 0.453125 0.0953125 0.04296875
4 0.51484375 0.4482421875 0.0578125 0.083984375
4 0.8453125 0.4033203125 0.309375 0.119140625
0 0.05390625 0.494140625 0.0140625 0.07421875
0 0.075 0.486328125 0.01875 0.0625
0 0.11328125 0.5 0.0109375 0.04296875
0 0.128125 0.4892578125 0.0125 0.029296875
0 0.55078125 0.4609375 0.0109375 0.04296875
0 0.58359375 0.45703125 0.0109375 0.04296875
0 0.5953125 0.47265625 0.015625 0.07421875
0 0.61953125 0.4638671875 0.0234375 0.083984375
0 0.64453125 0.4677734375 0.0171875 0.060546875
0 0.85859375 0.52734375 0.0765625 0.265625
0 0.92109375 0.51171875 0.0609375 0.265625
1 0.453125 0.4619140625 0.028125 0.021484375
1 0.471875 0.4638671875 0.03125 0.025390625
1 0.775 0.44921875 0.11875 0.09765625
1 0.9671875 0.4873046875 0.065625 0.103515625
4 0.6359375 0.4267578125 0.084375 0.029296875
