8 0.7796875 0.466796875 0.021875 0.0390625
8 0.67109375 0.4716796875 0.0328125 0.087890625
0 0.96640625 0.51171875 0.0640625 0.23828125
0 0.64921875 0.486328125 0.0234375 0.1015625
0 0.61328125 0.501953125 0.0640625 0.21875
0 0.09765625 0.4912109375 0.0484375 0.166015625
0 0.02421875 0.490234375 0.0484375 0.1640625
11 0.06640625 0.4482421875 0.1328125 0.134765625
1 0.9125 0.5126953125 0.171875 0.193359375
1 0.2390625 0.462890625 0.03125 0.03125
1 0.0421875 0.484375 0.084375 0.13671875
1 0.15859375 0.46484375 0.0515625 0.05859375
11 0.62265625 0.4462890625 0.3734375 0.173828125
11 0.41328125 0.4765625 0.1609375 0.078125
11 0.3546875 0.470703125 0.13125 0.06640625
11 0.30078125 0.4658203125 0.0953125 0.060546875
