0 0.68515625 0.521484375 0.0578125 0.26171875
0 0.74453125 0.556640625 0.1078125 0.359375
1 0.3125 0.4658203125 0.03125 0.048828125
1 0.2890625 0.4755859375 0.04375 0.064453125
1 0.25078125 0.4765625 0.0703125 0.09765625
1 0.22109375 0.4853515625 0.0671875 0.115234375
1 0.18203125 0.4775390625 0.0609375 0.126953125
1 0.0890625 0.486328125 0.178125 0.33984375
1 0.49296875 0.4736328125 0.0671875 0.052734375
1 0.5046875 0.4853515625 0.046875 0.060546875
1 0.5671875 0.4814453125 0.1 0.080078125
1 0.5515625 0.4912109375 0.05625 0.072265625
1 0.69375 0.494140625 0.228125 0.16015625
1 0.5671875 0.4990234375 0.03125 0.060546875
1 0.72265625 0.52734375 0.1703125 0.18359375
1 0.89921875 0.5224609375 0.2015625 0.330078125
1 0.4015625 0.486328125 0.11875 0.1484375
