6 0.36875 0.3740234375 0.009375 0.033203125
6 0.37265625 0.494140625 0.0109375 0.015625
6 0.359375 0.494140625 0.009375 0.015625
6 0.4484375 0.4482421875 0.009375 0.029296875
6 0.90625 0.486328125 0.009375 0.015625
6 0.45234375 0.515625 0.0046875 0.015625
8 0.36640625 0.4169921875 0.0140625 0.021484375
8 0.365625 0.431640625 0.021875 0.02734375
8 0.3640625 0.4716796875 0.015625 0.017578125
8 0.78359375 0.451171875 0.0265625 0.02734375
8 0.50859375 0.5185546875 0.0140625 0.017578125
8 0.56015625 0.5166015625 0.0140625 0.013671875
8 0.57265625 0.5205078125 0.0109375 0.013671875
0 0.94140625 0.560546875 0.0421875 0.08984375
0 0.81328125 0.556640625 0.0265625 0.08984375
0 0.29765625 0.603515625 0.0421875 0.20703125
0 0.48046875 0.5390625 0.0109375 0.03125
0 0.5140625 0.5380859375 0.009375 0.025390625
0 0.47109375 0.5380859375 0.0078125 0.029296875
0 0.44375 0.5419921875 0.009375 0.025390625
0 0.90234375 0.5517578125 0.0265625 0.064453125
1 0.140625 0.6611328125 0.28125 0.396484375
1 0.31796875 0.578125 0.1390625 0.11328125
1 0.38515625 0.5517578125 0.0953125 0.056640625
1 0.34921875 0.5380859375 0.0703125 0.037109375
1 0.57578125 0.708984375 0.2953125 0.3046875
1 0.58046875 0.5380859375 0.0390625 0.021484375
1 0.646875 0.5400390625 0.090625 0.048828125
1 0.73984375 0.5400390625 0.0765625 0.041015625
