4 0.434375 0.453125 0.103125 0.04296875
4 0.51484375 0.42578125 0.0578125 0.0390625
4 0.8484375 0.4228515625 0.303125 0.150390625
0 0.01796875 0.4970703125 0.0234375 0.083984375
0 0.04140625 0.4990234375 0.0234375 0.083984375
0 0.12890625 0.4892578125 0.0140625 0.029296875
0 0.1125 0.5 0.021875 0.05078125
0 0.16015625 0.4814453125 0.0109375 0.037109375
0 0.3625 0.4609375 0.00625 0.01953125
0 0.36953125 0.4609375 0.0078125 0.01953125
0 0.38203125 0.4638671875 0.0078125 0.025390625
0 0.37578125 0.4638671875 0.0078125 0.025390625
0 0.9765625 0.509765625 0.046875 0.25
0 0.89609375 0.505859375 0.0890625 0.27734375
0 0.825 0.4873046875 0.046875 0.193359375
0 0.76328125 0.505859375 0.0515625 0.17578125
0 0.66953125 0.447265625 0.0140625 0.0546875
0 0.571875 0.4521484375 0.009375 0.033203125
0 0.58125 0.4560546875 0.015625 0.048828125
0 0.5953125 0.4658203125 0.021875 0.072265625
0 0.61328125 0.462890625 0.0234375 0.07421875
0 0.62578125 0.4609375 0.0171875 0.0625
0 0.6390625 0.4521484375 0.01875 0.052734375
0 0.68828125 0.423828125 0.0109375 0.01953125
1 0.45546875 0.462890625 0.0296875 0.0234375
1 0.509375 0.46484375 0.109375 0.05859375
1 0.934375 0.443359375 0.125 0.125
7 0.34140625 0.478515625 0.0078125 0.01953125
