6 0.22109375 0.322265625 0.0140625 0.05078125
6 0.52890625 0.1806640625 0.0171875 0.056640625
6 0.7234375 0.3212890625 0.015625 0.056640625
8 0.18828125 0.388671875 0.0265625 0.04296875
0 0.70078125 0.4658203125 0.0109375 0.033203125
0 0.6640625 0.4609375 0.0125 0.046875
0 0.653125 0.4580078125 0.0125 0.048828125
0 0.64453125 0.4580078125 0.0109375 0.048828125
0 0.625 0.455078125 0.009375 0.03125
0 0.40859375 0.44921875 0.0078125 0.02734375
0 0.42421875 0.44921875 0.0078125 0.03515625
0 0.37421875 0.4423828125 0.0078125 0.013671875
0 0.43828125 0.447265625 0.0046875 0.01953125
0 0.4484375 0.4521484375 0.009375 0.025390625
2 0.925 0.5146484375 0.1 0.087890625
1 0.33671875 0.46484375 0.0796875 0.0703125
1 0.2953125 0.4599609375 0.028125 0.052734375
1 0.38671875 0.4697265625 0.0265625 0.044921875
1 0.48203125 0.46484375 0.0546875 0.05078125
1 0.5359375 0.453125 0.01875 0.01953125
1 0.51484375 0.4501953125 0.0140625 0.013671875
1 0.5234375 0.44921875 0.0125 0.015625
1 0.55078125 0.44921875 0.0140625 0.01171875
2 0.6859375 0.482421875 0.03125 0.0390625
6 0.7203125 0.384765625 0.01875 0.0234375
6 0.234375 0.3232421875 0.009375 0.041015625
