6 0.54921875 0.4296875 0.0046875 0.015625
6 0.56875 0.435546875 0.003125 0.01171875
6 0.66796875 0.4365234375 0.0046875 0.013671875
6 0.46875 0.4501953125 0.003125 0.009765625
6 0.81875 0.361328125 0.0125 0.04296875
8 0.484375 0.435546875 0.0125 0.01953125
0 0.65 0.4658203125 0.009375 0.029296875
3 0.60234375 0.484375 0.0140625 0.015625
3 0.03359375 0.580078125 0.0515625 0.05859375
3 0.09765625 0.5810546875 0.0546875 0.068359375
1 0.25625 0.55078125 0.109375 0.1015625
1 0.37109375 0.51953125 0.0765625 0.07421875
1 0.43125 0.5 0.04375 0.04296875
1 0.471875 0.498046875 0.0375 0.04296875
1 0.50546875 0.4814453125 0.0234375 0.025390625
1 0.54140625 0.4765625 0.0203125 0.02734375
1 0.559375 0.470703125 0.0125 0.015625
1 0.6328125 0.4765625 0.028125 0.02734375
1 0.60234375 0.5908203125 0.1828125 0.205078125
1 0.57734375 0.4765625 0.0234375 0.0234375
1 0.6015625 0.4765625 0.025 0.02734375
1 0.57109375 0.4609375 0.0140625 0.0078125
1 0.559375 0.45703125 0.009375 0.01171875
1 0.58515625 0.455078125 0.0078125 0.01171875
1 0.59375 0.455078125 0.009375 0.01171875
1 0.60390625 0.458984375 0.0140625 0.015625
1 0.61953125 0.4560546875 0.0140625 0.013671875
