0 0.11015625 0.5283203125 0.0796875 0.244140625
1 0.02421875 0.4228515625 0.0484375 0.029296875
1 0.0703125 0.4287109375 0.059375 0.025390625
1 0.14296875 0.4365234375 0.0359375 0.033203125
1 0.09296875 0.5263671875 0.1859375 0.193359375
1 0.1875 0.4716796875 0.084375 0.080078125
1 0.52109375 0.455078125 0.0078125 0.01171875
1 0.51328125 0.4560546875 0.0078125 0.009765625
1 0.50546875 0.45703125 0.0078125 0.0078125
1 0.496875 0.4560546875 0.009375 0.009765625
1 0.484375 0.4560546875 0.015625 0.013671875
1 0.46484375 0.458984375 0.0265625 0.03125
1 0.45 0.470703125 0.025 0.0390625
1 0.4140625 0.47265625 0.05 0.0546875
1 0.3765625 0.482421875 0.05 0.0625
1 0.33828125 0.484375 0.0515625 0.07421875
1 0.28359375 0.49609375 0.1171875 0.09765625
1 0.5921875 0.4638671875 0.021875 0.025390625
1 0.575 0.4609375 0.0125 0.015625
1 0.5640625 0.4599609375 0.009375 0.013671875
1 0.61875 0.46875 0.046875 0.04296875
1 0.6265625 0.4951171875 0.0375 0.060546875
1 0.65703125 0.5048828125 0.0671875 0.107421875
1 0.66328125 0.529296875 0.0453125 0.10546875
1 0.73515625 0.533203125 0.1734375 0.1796875
1 0.534375 0.5615234375 0.2 0.205078125
