6 0.84765625 0.2744140625 0.0328125 0.111328125
6 0.8328125 0.3974609375 0.040625 0.044921875
6 0.3546875 0.451171875 0.00625 0.01953125
6 0.5859375 0.4560546875 0.00625 0.017578125
8 0.8484375 0.3525390625 0.08125 0.037109375
0 0.2984375 0.4951171875 0.0125 0.033203125
0 0.31953125 0.48828125 0.0109375 0.01171875
0 0.3375 0.4892578125 0.0125 0.021484375
0 0.146875 0.49609375 0.00625 0.03515625
0 0.2390625 0.494140625 0.009375 0.03125
0 0.66328125 0.501953125 0.0171875 0.03125
0 0.64921875 0.4990234375 0.0109375 0.025390625
0 0.76953125 0.498046875 0.0234375 0.0390625
0 0.39140625 0.4951171875 0.0078125 0.021484375
1 0.4921875 0.501953125 0.01875 0.01953125
1 0.525 0.5029296875 0.01875 0.017578125
1 0.53203125 0.4970703125 0.0140625 0.017578125
1 0.553125 0.5068359375 0.03125 0.033203125
1 0.51640625 0.4912109375 0.0078125 0.009765625
1 0.41328125 0.513671875 0.0421875 0.0390625
7 0.584375 0.515625 0.00625 0.0234375
