0 0.4671875 0.470703125 0.00625 0.0234375
2 0.984375 0.6240234375 0.03125 0.095703125
2 0.86953125 0.54296875 0.0703125 0.0703125
3 0.5953125 0.5087890625 0.05 0.041015625
1 0.04921875 0.515625 0.0984375 0.07421875
1 0.16171875 0.5927734375 0.1546875 0.150390625
1 0.06484375 0.6533203125 0.1296875 0.228515625
1 0.2859375 0.537109375 0.096875 0.08984375
1 0.33046875 0.5107421875 0.0703125 0.083984375
1 0.37890625 0.5009765625 0.0515625 0.052734375
1 0.409375 0.4912109375 0.03125 0.041015625
1 0.421875 0.4833984375 0.034375 0.044921875
1 0.440625 0.470703125 0.0125 0.01953125
1 0.44921875 0.470703125 0.0109375 0.01953125
1 0.45390625 0.4697265625 0.0109375 0.017578125
1 0.49609375 0.4619140625 0.0078125 0.009765625
1 0.4890625 0.462890625 0.00625 0.0078125
1 0.5125 0.462890625 0.009375 0.015625
1 0.575 0.4990234375 0.0375 0.044921875
1 0.5578125 0.490234375 0.03125 0.0390625
1 0.54140625 0.4853515625 0.0140625 0.033203125
1 0.91953125 0.50390625 0.1265625 0.0703125
1 0.62734375 0.490234375 0.0328125 0.046875
1 0.51875 0.46875 0.0125 0.01953125
1 0.60703125 0.4833984375 0.0171875 0.044921875
11 0.4453125 0.5205078125 0.015625 0.009765625
