8 0.96015625 0.345703125 0.0359375 0.03125
8 0.9625 0.30859375 0.03125 0.0390625
0 0.07421875 0.3857421875 0.0078125 0.029296875
0 0.0609375 0.384765625 0.009375 0.02734375
0 0.415625 0.3974609375 0.0125 0.029296875
0 0.39765625 0.3994140625 0.0078125 0.025390625
0 0.765625 0.4140625 0.009375 0.03515625
2 0.15625 0.400390625 0.034375 0.0234375
2 0.69140625 0.458984375 0.0453125 0.07421875
1 0.57109375 0.46875 0.1859375 0.17578125
1 0.68671875 0.4130859375 0.0828125 0.052734375
1 0.94765625 0.5634765625 0.1046875 0.287109375
