6 0.4515625 0.373046875 0.003125 0.01171875
6 0.30546875 0.05859375 0.0359375 0.09765625
6 0.6703125 0.2431640625 0.01875 0.072265625
0 0.87734375 0.4453125 0.0421875 0.15625
2 0.87421875 0.50390625 0.1546875 0.17578125
2 0.934375 0.54296875 0.13125 0.21484375
1 0.09375 0.548828125 0.1875 0.359375
1 0.346875 0.453125 0.090625 0.08984375
1 0.42421875 0.439453125 0.0421875 0.03515625
1 0.47421875 0.4267578125 0.0234375 0.029296875
1 0.16171875 0.451171875 0.0546875 0.05078125
1 0.45390625 0.4267578125 0.0109375 0.009765625
