8 0.26953125 0.3623046875 0.0265625 0.037109375
1 0.7921875 0.4833984375 0.10625 0.083984375
1 0.76875 0.462890625 0.109375 0.0625
1 0.67578125 0.4677734375 0.0453125 0.056640625
1 0.634375 0.455078125 0.015625 0.01953125
1 0.6203125 0.45703125 0.0125 0.0234375
1 0.6078125 0.458984375 0.015625 0.0234375
1 0.5921875 0.4619140625 0.01875 0.021484375
1 0.57890625 0.462890625 0.0140625 0.0234375
1 0.55390625 0.4619140625 0.0328125 0.033203125
1 0.5171875 0.451171875 0.021875 0.0234375
1 0.50703125 0.466796875 0.0265625 0.0390625
1 0.4921875 0.4677734375 0.025 0.041015625
1 0.45390625 0.466796875 0.0640625 0.0546875
1 0.2234375 0.4599609375 0.125 0.083984375
1 0.0953125 0.4423828125 0.13125 0.068359375
1 0.57890625 0.447265625 0.0171875 0.01171875
1 0.69921875 0.4453125 0.0109375 0.015625
11 0.6484375 0.6240234375 0.03125 0.021484375
11 0.5578125 0.5625 0.015625 0.01171875
11 0.5265625 0.5400390625 0.015625 0.009765625
2 0.19140625 0.47265625 0.0265625 0.0546875
