1 0.09296875 0.521484375 0.1859375 0.20703125
1 0.2125 0.5107421875 0.09375 0.126953125
1 0.26484375 0.48046875 0.1203125 0.12890625
1 0.34765625 0.478515625 0.0640625 0.06640625
1 0.375 0.4765625 0.028125 0.0546875
1 0.39296875 0.4716796875 0.0296875 0.052734375
1 0.41171875 0.46875 0.0296875 0.046875
1 0.42109375 0.466796875 0.0203125 0.04296875
1 0.43125 0.466796875 0.01875 0.0390625
1 0.446875 0.4560546875 0.03125 0.041015625
1 0.475 0.4560546875 0.021875 0.021484375
1 0.48984375 0.455078125 0.0109375 0.015625
1 0.4984375 0.455078125 0.00625 0.01171875
1 0.50078125 0.453125 0.0078125 0.01171875
1 0.55234375 0.45703125 0.0171875 0.01953125
1 0.546875 0.4560546875 0.0125 0.017578125
1 0.57265625 0.4677734375 0.0265625 0.037109375
1 0.59921875 0.4716796875 0.0484375 0.052734375
1 0.6515625 0.49609375 0.096875 0.09765625
1 0.71328125 0.4765625 0.0546875 0.05078125
1 0.81171875 0.4970703125 0.0984375 0.080078125
1 0.9296875 0.52734375 0.140625 0.1328125
1 0.928125 0.4716796875 0.121875 0.052734375
1 0.85625 0.494140625 0.0625 0.07421875
1 0.53984375 0.455078125 0.0078125 0.01171875
