6 0.6734375 0.4111328125 0.00625 0.021484375
6 0.05625 0.38671875 0.00625 0.0234375
8 0.871875 0.359375 0.025 0.02734375
8 0.87578125 0.43359375 0.0234375 0.046875
8 0.20078125 0.380859375 0.0203125 0.04296875
8 0.20625 0.41796875 0.015625 0.0234375
8 0.26953125 0.4189453125 0.0140625 0.029296875
8 0.33125 0.431640625 0.009375 0.015625
0 0.98203125 0.47265625 0.0359375 0.109375
0 0.79609375 0.447265625 0.0234375 0.0390625
0 0.77734375 0.4541015625 0.0140625 0.025390625
0 0.74453125 0.453125 0.0109375 0.03125
0 0.59375 0.462890625 0.015625 0.02734375
0 0.21484375 0.4736328125 0.0109375 0.044921875
0 0.3125 0.4697265625 0.00625 0.025390625
2 0.08984375 0.5244140625 0.0421875 0.091796875
2 0.15078125 0.5185546875 0.0390625 0.072265625
2 0.1875 0.509765625 0.03125 0.06640625
1 0.40390625 0.4697265625 0.0234375 0.029296875
1 0.3625 0.4755859375 0.05 0.048828125
1 0.03984375 0.560546875 0.0796875 0.359375
1 0.4578125 0.4833984375 0.084375 0.095703125
1 0.63515625 0.5087890625 0.1171875 0.107421875
