4 0.82109375 0.4091796875 0.2640625 0.076171875
4 0.51484375 0.447265625 0.0578125 0.08203125
0 0.128125 0.4892578125 0.015625 0.029296875
0 0.17734375 0.4833984375 0.0171875 0.048828125
0 0.19296875 0.4775390625 0.0171875 0.041015625
0 0.3765625 0.4609375 0.00625 0.01171875
0 0.40703125 0.4609375 0.0078125 0.01953125
0 0.9796875 0.509765625 0.040625 0.3046875
0 0.70234375 0.490234375 0.0421875 0.1328125
0 0.73671875 0.4755859375 0.0421875 0.158203125
0 0.71796875 0.48046875 0.0203125 0.11328125
0 0.6515625 0.4619140625 0.028125 0.083984375
0 0.6609375 0.462890625 0.015625 0.0703125
0 0.66328125 0.4482421875 0.0140625 0.056640625
0 0.60078125 0.4609375 0.0234375 0.08203125
0 0.61796875 0.4658203125 0.0171875 0.068359375
0 0.6265625 0.4677734375 0.021875 0.072265625
0 0.55234375 0.458984375 0.0140625 0.04296875
0 0.57734375 0.4599609375 0.0140625 0.041015625
1 0.34453125 0.595703125 0.5578125 0.26953125
1 0.9046875 0.4482421875 0.165625 0.134765625
1 0.8546875 0.4443359375 0.146875 0.107421875
1 0.471875 0.462890625 0.028125 0.02734375
1 0.45390625 0.462890625 0.0296875 0.0234375
0 0.11171875 0.5029296875 0.0234375 0.056640625
4 0.43359375 0.451171875 0.1015625 0.03515625
