6 0.61640625 0.470703125 0.0078125 0.03125
0 0.721875 0.5478515625 0.009375 0.033203125
0 0.65859375 0.5458984375 0.0078125 0.033203125
0 0.6640625 0.5478515625 0.009375 0.025390625
0 0.2359375 0.552734375 0.009375 0.03125
0 0.2421875 0.5478515625 0.00625 0.029296875
0 0.8484375 0.541015625 0.0125 0.046875
0 0.81640625 0.5458984375 0.0078125 0.037109375
0 0.909375 0.5400390625 0.009375 0.041015625
0 0.7671875 0.548828125 0.00625 0.01953125
2 0.97890625 0.6298828125 0.0421875 0.087890625
2 0.48203125 0.5751953125 0.0171875 0.033203125
1 0.5359375 0.5693359375 0.05 0.060546875
1 0.56640625 0.60546875 0.1015625 0.1015625
1 0.38515625 0.5966796875 0.1015625 0.111328125
1 0.06640625 0.5595703125 0.0390625 0.025390625
