8 0.14453125 0.4306640625 0.0046875 0.017578125
8 0.5671875 0.40625 0.009375 0.02734375
8 0.74296875 0.3857421875 0.0109375 0.037109375
0 0.015625 0.4892578125 0.01875 0.072265625
0 0.06875 0.486328125 0.0125 0.06640625
0 0.1984375 0.5009765625 0.028125 0.107421875
0 0.23515625 0.5283203125 0.0515625 0.193359375
0 0.24765625 0.51953125 0.0890625 0.2421875
1 0.8625 0.552734375 0.275 0.22265625
1 0.6046875 0.5146484375 0.259375 0.173828125
1 0.459375 0.5185546875 0.08125 0.119140625
11 0.34765625 0.4833984375 0.1953125 0.138671875
1 0.1734375 0.4951171875 0.046875 0.068359375
1 0.15234375 0.4921875 0.0546875 0.06640625
1 0.0984375 0.48828125 0.05625 0.0546875
1 0.04296875 0.4873046875 0.0421875 0.044921875
1 0.11328125 0.4912109375 0.0421875 0.056640625
