8 0.9609375 0.3857421875 0.05 0.025390625
8 0.96171875 0.3232421875 0.0765625 0.099609375
8 0.72890625 0.4140625 0.0078125 0.0078125
8 0.7296875 0.390625 0.0125 0.0390625
8 0.10546875 0.396484375 0.0171875 0.0078125
8 0.11015625 0.37890625 0.0203125 0.02734375
0 0.68515625 0.369140625 0.0140625 0.03515625
0 0.67265625 0.5 0.0234375 0.0859375
0 0.7390625 0.5146484375 0.04375 0.091796875
0 0.2875 0.4326171875 0.00625 0.017578125
0 0.29375 0.435546875 0.009375 0.01953125
0 0.2984375 0.4345703125 0.00625 0.021484375
0 0.30234375 0.44140625 0.0078125 0.01953125
0 0.66015625 0.3837890625 0.0171875 0.037109375
0 0.67421875 0.3837890625 0.0109375 0.025390625
2 0.225 0.466796875 0.01875 0.03515625
2 0.24375 0.4658203125 0.015625 0.029296875
2 0.25546875 0.46484375 0.0140625 0.03125
2 0.27421875 0.4580078125 0.0140625 0.025390625
1 0.0421875 0.44921875 0.084375 0.07421875
1 0.096875 0.453125 0.040625 0.046875
1 0.10703125 0.421875 0.0234375 0.015625
1 0.12421875 0.4228515625 0.0265625 0.013671875
1 0.1515625 0.4794921875 0.06875 0.064453125
1 0.1859375 0.4658203125 0.040625 0.048828125
1 0.19296875 0.45703125 0.0421875 0.05078125
1 0.16875 0.42578125 0.015625 0.01171875
1 0.14609375 0.423828125 0.0171875 0.01171875
1 0.20859375 0.443359375 0.0328125 0.04296875
1 0.23046875 0.439453125 0.0171875 0.03125
1 0.41875 0.4853515625 0.06875 0.068359375
1 0.39921875 0.46875 0.0609375 0.0625
1 0.36875 0.466796875 0.025 0.04296875
1 0.35859375 0.4619140625 0.0203125 0.037109375
1 0.34609375 0.455078125 0.0296875 0.03515625
1 0.3390625 0.451171875 0.021875 0.02734375
1 0.3296875 0.447265625 0.0125 0.0234375
1 0.3296875 0.4453125 0.01875 0.0234375
1 0.32421875 0.44140625 0.0203125 0.0234375
1 0.315625 0.4375 0.0125 0.0234375
1 0.24296875 0.4287109375 0.0140625 0.017578125
1 0.9546875 0.509765625 0.090625 0.1015625
