4 0.44453125 0.3837890625 0.0359375 0.076171875
4 0.76484375 0.412109375 0.0359375 0.03125
6 0.7 0.3447265625 0.009375 0.041015625
6 0.68359375 0.3642578125 0.0109375 0.037109375
6 0.66328125 0.361328125 0.0078125 0.03515625
0 0.35078125 0.408203125 0.0171875 0.0625
0 0.1484375 0.380859375 0.0375 0.06640625
2 0.2171875 0.3955078125 0.021875 0.025390625
2 0.12890625 0.4619140625 0.0765625 0.083984375
5 0.56484375 0.388671875 0.0328125 0.0390625
1 0.8796875 0.5439453125 0.2375 0.240234375
1 0.66484375 0.4599609375 0.1453125 0.119140625
1 0.53125 0.4404296875 0.084375 0.091796875
1 0.590625 0.4208984375 0.04375 0.048828125
1 0.49609375 0.4033203125 0.0234375 0.025390625
1 0.4734375 0.4052734375 0.028125 0.021484375
1 0.41484375 0.423828125 0.0796875 0.09375
1 0.7953125 0.44140625 0.05625 0.046875
