0 0.36640625 0.443359375 0.0109375 0.0234375
0 0.37890625 0.443359375 0.0109375 0.0234375
2 0.390625 0.4599609375 0.0125 0.013671875
2 0.4390625 0.470703125 0.0125 0.01953125
2 0.5046875 0.544921875 0.040625 0.0859375
1 0.09921875 0.6474609375 0.1984375 0.353515625
1 0.23671875 0.5498046875 0.1328125 0.150390625
1 0.31796875 0.5205078125 0.0953125 0.107421875
1 0.34375 0.5029296875 0.065625 0.083984375
1 0.36953125 0.4931640625 0.0546875 0.076171875
1 0.43203125 0.458984375 0.0359375 0.0390625
1 0.9453125 0.6845703125 0.109375 0.212890625
1 0.8421875 0.595703125 0.203125 0.1640625
1 0.73203125 0.546875 0.1390625 0.11328125
1 0.66953125 0.5029296875 0.0859375 0.068359375
1 0.93828125 0.5205078125 0.1234375 0.091796875
1 0.58046875 0.4609375 0.0359375 0.046875
1 0.5390625 0.4580078125 0.01875 0.029296875
1 0.55859375 0.4609375 0.0171875 0.03515625
9 0.59453125 0.578125 0.0171875 0.015625
0 0.009375 0.45703125 0.01875 0.03125
