0 0.51953125 0.4453125 0.0078125 0.02734375
2 0.47890625 0.4541015625 0.0078125 0.017578125
2 0.45859375 0.451171875 0.0078125 0.015625
1 0.81484375 0.60546875 0.2359375 0.17578125
1 0.6984375 0.5478515625 0.1375 0.126953125
1 0.6578125 0.513671875 0.1125 0.109375
1 0.6078125 0.498046875 0.040625 0.078125
1 0.590625 0.4833984375 0.03125 0.048828125
1 0.58515625 0.4736328125 0.0421875 0.041015625
1 0.5640625 0.4638671875 0.034375 0.033203125
1 0.56015625 0.4521484375 0.0328125 0.029296875
1 0.5484375 0.447265625 0.034375 0.03515625
1 0.5265625 0.4482421875 0.0125 0.021484375
1 0.50703125 0.435546875 0.0078125 0.01171875
1 0.4984375 0.4462890625 0.01875 0.021484375
1 0.47109375 0.4375 0.0140625 0.01953125
1 0.45234375 0.443359375 0.0234375 0.02734375
1 0.4421875 0.4501953125 0.021875 0.029296875
1 0.4140625 0.458984375 0.05 0.046875
1 0.35546875 0.4931640625 0.0390625 0.068359375
1 0.30703125 0.4990234375 0.0796875 0.095703125
1 0.21328125 0.5400390625 0.1390625 0.146484375
1 0.10703125 0.595703125 0.2140625 0.1875
1 0.05390625 0.4853515625 0.1078125 0.076171875
1 0.24765625 0.462890625 0.0359375 0.0234375
1 0.36484375 0.44140625 0.0390625 0.02734375
11 0.4890625 0.4619140625 0.00625 0.005859375
1 0.71484375 0.4443359375 0.0296875 0.025390625
