6 0.74296875 0.31640625 0.0140625 0.05078125
6 0.7515625 0.3779296875 0.0125 0.017578125
6 0.7125 0.271484375 0.046875 0.05078125
6 0.0921875 0.3642578125 0.0125 0.041015625
6 0.11796875 0.40625 0.0140625 0.015625
6 0.57109375 0.345703125 0.0140625 0.04296875
6 0.56875 0.3896484375 0.0125 0.013671875
8 0.74765625 0.357421875 0.0109375 0.015625
8 0.78828125 0.36328125 0.0265625 0.0078125
8 0.725 0.216796875 0.034375 0.04296875
8 0.7078125 0.1552734375 0.046875 0.087890625
8 0.53359375 0.38671875 0.0078125 0.015625
0 0.03046875 0.5029296875 0.0609375 0.205078125
0 0.0765625 0.5107421875 0.053125 0.181640625
0 0.25078125 0.5048828125 0.0921875 0.224609375
0 0.36328125 0.5029296875 0.0515625 0.193359375
0 0.4609375 0.4970703125 0.08125 0.189453125
0 0.69140625 0.47265625 0.0359375 0.13671875
0 0.70625 0.4560546875 0.021875 0.126953125
0 0.75859375 0.466796875 0.0453125 0.1484375
1 0.8421875 0.4599609375 0.134375 0.080078125
1 0.5109375 0.4599609375 0.0375 0.044921875
1 0.4 0.4677734375 0.20625 0.103515625
7 0.559375 0.4658203125 0.009375 0.037109375
