0 0.11328125 0.45703125 0.0265625 0.11328125
0 0.13359375 0.4599609375 0.0171875 0.076171875
0 0.14921875 0.451171875 0.0234375 0.10546875
0 0.309375 0.4931640625 0.0875 0.302734375
0 0.25859375 0.513671875 0.1421875 0.3125
0 0.32890625 0.5517578125 0.0640625 0.220703125
0 0.38046875 0.4951171875 0.0546875 0.173828125
0 0.428125 0.4501953125 0.021875 0.068359375
0 0.42265625 0.57421875 0.0796875 0.18359375
0 0.47421875 0.404296875 0.0515625 0.1328125
0 0.4890625 0.41796875 0.046875 0.109375
0 0.521875 0.419921875 0.053125 0.1484375
0 0.55078125 0.392578125 0.0265625 0.09765625
0 0.4875 0.55078125 0.109375 0.2578125
1 0.05625 0.470703125 0.1125 0.21875
10 0.703125 0.572265625 0.121875 0.21875
8 0.1609375 0.384765625 0.015625 0.01953125
0 0.6046875 0.5458984375 0.04375 0.142578125
