8 0.67890625 0.4140625 0.0109375 0.0234375
8 0.5875 0.4130859375 0.009375 0.025390625
8 0.41328125 0.4091796875 0.0109375 0.025390625
0 0.34765625 0.4638671875 0.0171875 0.068359375
0 0.30078125 0.4560546875 0.0171875 0.056640625
2 0.315625 0.484375 0.01875 0.03515625
2 0.28203125 0.470703125 0.0171875 0.02734375
1 0.94453125 0.5341796875 0.1109375 0.177734375
1 0.87109375 0.525390625 0.2078125 0.1640625
1 0.78125 0.494140625 0.121875 0.109375
1 0.58125 0.4716796875 0.028125 0.025390625
1 0.22734375 0.482421875 0.0546875 0.08984375
1 0.140625 0.4794921875 0.15625 0.115234375
1 0.121875 0.4951171875 0.18125 0.111328125
1 0.05859375 0.5048828125 0.1171875 0.126953125
1 0.48125 0.4599609375 0.025 0.013671875
1 0.39296875 0.4619140625 0.0484375 0.013671875
1 0.66484375 0.4736328125 0.0234375 0.017578125
