4 0.59140625 0.4609375 0.0265625 0.03515625
4 0.69375 0.4501953125 0.10625 0.021484375
4 0.5375 0.4541015625 0.06875 0.025390625
8 0.7046875 0.419921875 0.015625 0.0234375
0 0.30546875 0.4638671875 0.0171875 0.064453125
0 0.3234375 0.46484375 0.021875 0.06640625
0 0.3765625 0.466796875 0.015625 0.04296875
0 0.3859375 0.4697265625 0.009375 0.041015625
0 0.39921875 0.4697265625 0.0140625 0.041015625
0 0.4453125 0.4560546875 0.00625 0.017578125
0 0.4765625 0.4560546875 0.00625 0.013671875
0 0.4828125 0.458984375 0.00625 0.01953125
0 0.5 0.4560546875 0.003125 0.009765625
0 0.48984375 0.455078125 0.0046875 0.0078125
0 0.63046875 0.4599609375 0.0046875 0.009765625
0 0.634375 0.46484375 0.00625 0.015625
0 0.64296875 0.46875 0.0078125 0.02734375
0 0.66015625 0.4638671875 0.0046875 0.013671875
0 0.665625 0.47265625 0.009375 0.03515625
0 0.6765625 0.47265625 0.009375 0.03515625
0 0.69375 0.4716796875 0.00625 0.029296875
0 0.6875 0.48046875 0.015625 0.05078125
0 0.7109375 0.4794921875 0.0125 0.048828125
0 0.73671875 0.48046875 0.0109375 0.046875
0 0.75 0.478515625 0.015625 0.046875
0 0.76875 0.482421875 0.015625 0.03125
0 0.81796875 0.4794921875 0.0203125 0.048828125
0 0.8859375 0.4697265625 0.009375 0.029296875
0 0.95546875 0.4833984375 0.0171875 0.037109375
0 0.971875 0.48828125 0.015625 0.04296875
0 0.934375 0.4697265625 0.034375 0.052734375
2 0.75625 0.4951171875 0.021875 0.033203125
1 0.553125 0.4619140625 0.01875 0.013671875
1 0.5671875 0.4638671875 0.021875 0.017578125
1 0.62421875 0.474609375 0.0140625 0.0234375
1 0.6453125 0.484375 0.03125 0.0234375
1 0.87265625 0.5712890625 0.2140625 0.185546875
1 0.94921875 0.619140625 0.1015625 0.2265625
1 0.72109375 0.4775390625 0.0265625 0.033203125
7 0.3734375 0.482421875 0.009375 0.0234375
7 0.5015625 0.46484375 0.003125 0.0078125
11 0.61015625 0.521484375 0.0109375 0.00390625
11 0.64921875 0.5234375 0.0109375 0.00390625
