6 0.10078125 0.3017578125 0.0171875 0.064453125
6 0.6953125 0.3115234375 0.01875 0.064453125
6 0.475 0.1455078125 0.021875 0.068359375
6 0.690625 0.3857421875 0.0125 0.029296875
8 0.840625 0.330078125 0.01875 0.015625
8 0.840625 0.3505859375 0.05 0.021484375
0 0.03046875 0.4423828125 0.0171875 0.025390625
0 0.04453125 0.4443359375 0.0109375 0.021484375
0 0.0578125 0.4404296875 0.015625 0.033203125
0 0.0765625 0.4501953125 0.015625 0.029296875
0 0.0921875 0.44921875 0.009375 0.03125
0 0.175 0.453125 0.01875 0.046875
0 0.64453125 0.4619140625 0.0109375 0.041015625
0 0.6109375 0.4560546875 0.0125 0.041015625
0 0.7375 0.4677734375 0.021875 0.080078125
0 0.8921875 0.451171875 0.028125 0.046875
0 0.846875 0.4482421875 0.03125 0.044921875
0 0.50625 0.44921875 0.00625 0.01953125
0 0.50078125 0.451171875 0.0046875 0.015625
0 0.46015625 0.453125 0.0015625 0.0078125
0 0.43359375 0.451171875 0.0046875 0.015625
2 0.759375 0.486328125 0.025 0.03515625
2 0.8 0.4794921875 0.046875 0.029296875
2 0.18828125 0.486328125 0.0265625 0.03515625
1 0.28515625 0.470703125 0.1203125 0.05078125
1 0.58828125 0.484375 0.0671875 0.0625
1 0.565625 0.4765625 0.028125 0.05078125
1 0.55390625 0.47265625 0.0328125 0.046875
1 0.54453125 0.4677734375 0.0265625 0.041015625
1 0.5453125 0.453125 0.028125 0.02734375
1 0.525 0.4560546875 0.015625 0.021484375
1 0.5125 0.453125 0.0125 0.015625
1 0.48828125 0.453125 0.0109375 0.01171875
