6 0.66484375 0.43359375 0.0078125 0.02734375
6 0.43203125 0.4560546875 0.0078125 0.021484375
6 0.296875 0.419921875 0.009375 0.03125
0 0.8984375 0.5224609375 0.021875 0.068359375
0 0.840625 0.529296875 0.021875 0.078125
0 0.77265625 0.5302734375 0.0328125 0.083984375
0 0.803125 0.525390625 0.01875 0.046875
0 0.63203125 0.4970703125 0.0078125 0.017578125
0 0.21015625 0.5048828125 0.0171875 0.048828125
0 0.39375 0.48828125 0.009375 0.01171875
0 0.40546875 0.490234375 0.0109375 0.01171875
2 0.1484375 0.5419921875 0.078125 0.056640625
2 0.65234375 0.5556640625 0.0265625 0.056640625
1 0.328125 0.5478515625 0.128125 0.099609375
1 0.39609375 0.513671875 0.0421875 0.0390625
1 0.52578125 0.5263671875 0.0515625 0.060546875
1 0.54765625 0.513671875 0.0328125 0.046875
1 0.47734375 0.58203125 0.1578125 0.16015625
7 0.0453125 0.5703125 0.021875 0.07421875
