6 0.38359375 0.4501953125 0.0046875 0.017578125
6 0.55859375 0.4541015625 0.0046875 0.017578125
0 0.1359375 0.490234375 0.015625 0.04296875
0 0.15390625 0.484375 0.0234375 0.0390625
0 0.17578125 0.5 0.0234375 0.0625
0 0.21953125 0.48828125 0.0109375 0.0234375
0 0.60390625 0.4873046875 0.0078125 0.013671875
0 0.9796875 0.5341796875 0.040625 0.150390625
0 0.90234375 0.53515625 0.0421875 0.13671875
0 0.87109375 0.52734375 0.0296875 0.1171875
0 0.815625 0.5126953125 0.028125 0.060546875
2 0.559375 0.53125 0.015625 0.0390625
1 0.07890625 0.55078125 0.1578125 0.11328125
1 0.54765625 0.5009765625 0.0171875 0.029296875
1 0.4875 0.486328125 0.0125 0.01171875
1 0.475 0.55078125 0.128125 0.125
7 0.39609375 0.5029296875 0.0046875 0.017578125
