0 0.6609375 0.517578125 0.03125 0.14453125
0 0.04453125 0.5439453125 0.0765625 0.345703125
2 0.375 0.509765625 0.028125 0.06640625
2 0.43515625 0.578125 0.0859375 0.19140625
1 0.5953125 0.4921875 0.1125 0.09375
1 0.65390625 0.509765625 0.0953125 0.125
1 0.48828125 0.498046875 0.1046875 0.171875
1 0.771875 0.5341796875 0.090625 0.142578125
1 0.81015625 0.5283203125 0.0453125 0.162109375
1 0.7546875 0.5078125 0.15 0.171875
1 0.90859375 0.4990234375 0.1828125 0.451171875
1 0.33046875 0.4931640625 0.0546875 0.080078125
1 0.2828125 0.4990234375 0.1 0.111328125
1 0.21328125 0.5068359375 0.1421875 0.150390625
1 0.06328125 0.5263671875 0.1265625 0.197265625
1 0.13671875 0.5078125 0.2734375 0.19921875
