6 0.3796875 0.353515625 0.009375 0.02734375
0 0.3171875 0.392578125 0.0125 0.03125
0 0.01640625 0.4033203125 0.0328125 0.107421875
5 0.5421875 0.369140625 0.05 0.0390625
1 0.36484375 0.3955078125 0.0171875 0.017578125
1 0.38828125 0.3994140625 0.0171875 0.021484375
1 0.41953125 0.416015625 0.0546875 0.078125
1 0.4796875 0.37890625 0.04375 0.02734375
1 0.76875 0.4453125 0.05625 0.05859375
1 0.7140625 0.4794921875 0.103125 0.126953125
1 0.65859375 0.4287109375 0.0265625 0.037109375
1 0.53515625 0.5654296875 0.3296875 0.353515625
1 0.971875 0.4365234375 0.05625 0.044921875
1 0.865625 0.5146484375 0.259375 0.216796875
1 0.95859375 0.658203125 0.0828125 0.203125
