0 0.08359375 0.4619140625 0.0265625 0.099609375
0 0.0578125 0.462890625 0.028125 0.0859375
0 0.13125 0.4580078125 0.021875 0.068359375
0 0.1546875 0.4580078125 0.01875 0.064453125
0 0.24609375 0.4560546875 0.0203125 0.068359375
0 0.2671875 0.4560546875 0.015625 0.044921875
0 0.29140625 0.455078125 0.0203125 0.046875
0 0.23203125 0.462890625 0.0109375 0.04296875
0 0.32109375 0.4501953125 0.0109375 0.033203125
0 0.009375 0.466796875 0.01875 0.16796875
1 0.36015625 0.46484375 0.0546875 0.05859375
1 0.44140625 0.4638671875 0.0421875 0.037109375
1 0.4578125 0.455078125 0.0375 0.03515625
8 0.61640625 0.4326171875 0.0328125 0.048828125
8 0.61796875 0.3798828125 0.0390625 0.052734375
6 0.34375 0.375 0.00625 0.0234375
