0 0.40078125 0.4677734375 0.0140625 0.052734375
2 0.45390625 0.5439453125 0.0421875 0.111328125
1 0.87890625 0.7421875 0.2421875 0.3515625
1 0.0875 0.5703125 0.175 0.2109375
1 0.20703125 0.54296875 0.0984375 0.12109375
1 0.259375 0.5166015625 0.0875 0.091796875
1 0.30390625 0.5 0.0703125 0.07421875
1 0.3390625 0.4736328125 0.078125 0.083984375
1 0.38203125 0.4609375 0.0265625 0.0390625
1 0.4140625 0.4580078125 0.021875 0.033203125
1 0.428125 0.4541015625 0.025 0.033203125
1 0.43671875 0.4453125 0.0203125 0.0234375
1 0.44609375 0.439453125 0.0203125 0.01953125
1 0.47109375 0.44140625 0.0265625 0.0234375
1 0.48515625 0.4365234375 0.0140625 0.021484375
1 0.49453125 0.4345703125 0.0078125 0.013671875
1 0.503125 0.43359375 0.009375 0.01171875
1 0.5109375 0.4326171875 0.00625 0.013671875
1 0.2078125 0.4560546875 0.05625 0.037109375
1 0.14921875 0.4482421875 0.0578125 0.037109375
1 0.54921875 0.4443359375 0.0296875 0.025390625
1 0.553125 0.4501953125 0.028125 0.029296875
1 0.58828125 0.4873046875 0.0390625 0.083984375
1 0.5890625 0.49609375 0.028125 0.08203125
1 0.609375 0.4990234375 0.053125 0.107421875
1 0.67109375 0.5224609375 0.1296875 0.154296875
1 0.27421875 0.4462890625 0.0546875 0.037109375
11 0.55234375 0.5927734375 0.0171875 0.021484375
11 0.8046875 0.5576171875 0.246875 0.267578125
