8 0.2203125 0.37890625 0.021875 0.02734375
0 0.16015625 0.4365234375 0.0328125 0.095703125
0 0.8890625 0.47265625 0.09375 0.30078125
0 0.47109375 0.42578125 0.0109375 0.02734375
0 0.4578125 0.4267578125 0.009375 0.029296875
0 0.44375 0.4228515625 0.009375 0.025390625
1 0.0734375 0.42578125 0.059375 0.04296875
1 0.190625 0.4326171875 0.034375 0.037109375
1 0.22734375 0.4306640625 0.0421875 0.025390625
1 0.26015625 0.431640625 0.0359375 0.02734375
1 0.36015625 0.4287109375 0.0328125 0.033203125
1 0.4078125 0.427734375 0.015625 0.015625
1 0.42578125 0.4287109375 0.0171875 0.017578125
1 0.3875 0.4296875 0.01875 0.0234375
1 0.0421875 0.42578125 0.084375 0.0546875
