4 0.4328125 0.453125 0.096875 0.04296875
4 0.51328125 0.447265625 0.0578125 0.08203125
4 0.6359375 0.431640625 0.090625 0.046875
4 0.84609375 0.388671875 0.3078125 0.0859375
0 0.11484375 0.4912109375 0.0140625 0.048828125
0 0.12890625 0.4892578125 0.0140625 0.025390625
0 0.1703125 0.4814453125 0.0125 0.037109375
0 0.3625 0.4658203125 0.00625 0.021484375
0 0.3734375 0.46484375 0.00625 0.01953125
0 0.54921875 0.4599609375 0.0109375 0.041015625
0 0.5703125 0.455078125 0.015625 0.0546875
0 0.578125 0.4560546875 0.0125 0.044921875
0 0.5890625 0.45703125 0.0125 0.046875
0 0.59765625 0.4541015625 0.0109375 0.044921875
0 0.60546875 0.451171875 0.0140625 0.046875
0 0.628125 0.4521484375 0.0125 0.044921875
0 0.6203125 0.4521484375 0.009375 0.041015625
0 0.63359375 0.451171875 0.0109375 0.04296875
0 0.69296875 0.4912109375 0.0359375 0.130859375
0 0.73046875 0.4736328125 0.0484375 0.166015625
1 0.85 0.4453125 0.140625 0.10546875
1 0.9109375 0.4462890625 0.178125 0.138671875
1 0.9515625 0.4853515625 0.096875 0.111328125
1 0.45234375 0.4638671875 0.0265625 0.021484375
1 0.47421875 0.4638671875 0.0265625 0.025390625
7 0.340625 0.4775390625 0.00625 0.017578125
