0 0.71796875 0.392578125 0.0109375 0.03125
0 0.765625 0.3994140625 0.009375 0.033203125
1 0.71484375 0.376953125 0.0078125 0.01171875
1 0.70625 0.3779296875 0.009375 0.009765625
1 0.69375 0.3818359375 0.009375 0.009765625
1 0.684375 0.380859375 0.0125 0.015625
1 0.67265625 0.38671875 0.0109375 0.015625
1 0.66015625 0.392578125 0.0171875 0.01953125
1 0.64296875 0.392578125 0.0171875 0.0234375
1 0.63671875 0.396484375 0.0140625 0.0234375
1 0.62421875 0.3984375 0.0203125 0.03125
1 0.60390625 0.3984375 0.0328125 0.0390625
1 0.59609375 0.40234375 0.0234375 0.0390625
1 0.56875 0.4052734375 0.04375 0.044921875
1 0.55390625 0.39453125 0.0203125 0.0234375
1 0.5390625 0.4150390625 0.0375 0.048828125
1 0.51015625 0.4189453125 0.0359375 0.056640625
1 0.46875 0.4267578125 0.06875 0.068359375
1 0.421875 0.38671875 0.06875 0.015625
1 0.184375 0.4248046875 0.1375 0.111328125
1 0.05703125 0.42578125 0.1171875 0.08984375
1 0.72421875 0.3837890625 0.0109375 0.013671875
1 0.73828125 0.3837890625 0.0140625 0.013671875
1 0.740625 0.421875 0.05625 0.0625
1 0.89375 0.421875 0.115625 0.08203125
1 0.909375 0.4423828125 0.1125 0.095703125
1 0.953125 0.4501953125 0.09375 0.115234375
0 0.23359375 0.296875 0.0265625 0.03125
1 0.09375 0.3876953125 0.10625 0.048828125
