6 0.8390625 0.330078125 0.015625 0.05859375
6 0.646875 0.3896484375 0.009375 0.037109375
6 0.0328125 0.357421875 0.015625 0.05859375
8 0.83515625 0.41015625 0.0359375 0.0703125
8 0.0390625 0.4306640625 0.028125 0.060546875
0 0.58046875 0.4384765625 0.0078125 0.017578125
0 0.7015625 0.4462890625 0.009375 0.029296875
1 0.28125 0.59375 0.21875 0.18359375
1 0.453125 0.470703125 0.046875 0.0390625
1 0.55234375 0.4384765625 0.0140625 0.017578125
1 0.57265625 0.4404296875 0.0140625 0.013671875
1 0.59453125 0.4306640625 0.0046875 0.005859375
1 0.14140625 0.5078125 0.0296875 0.015625
7 0.0828125 0.55859375 0.01875 0.0625
7 0.8203125 0.5244140625 0.015625 0.056640625
