8 0.596875 0.4326171875 0.00625 0.005859375
8 0.546875 0.4169921875 0.00625 0.013671875
8 0.546875 0.4267578125 0.00625 0.005859375
8 0.534375 0.42578125 0.0125 0.015625
8 0.51484375 0.4345703125 0.0078125 0.005859375
8 0.50234375 0.4375 0.0046875 0.0078125
0 0.83671875 0.4990234375 0.0328125 0.115234375
0 0.784375 0.4775390625 0.021875 0.064453125
0 0.76484375 0.474609375 0.0203125 0.0703125
0 0.7375 0.4794921875 0.025 0.080078125
0 0.69609375 0.462890625 0.0140625 0.05859375
0 0.6390625 0.4658203125 0.009375 0.041015625
0 0.62265625 0.4619140625 0.0109375 0.044921875
2 0.4953125 0.4658203125 0.00625 0.017578125
1 0.56484375 0.458984375 0.0546875 0.02734375
1 0.4515625 0.4794921875 0.059375 0.060546875
