6 0.10078125 0.3505859375 0.0203125 0.064453125
6 0.0984375 0.4189453125 0.01875 0.021484375
6 0.8 0.177734375 0.028125 0.078125
8 0.10859375 0.392578125 0.0484375 0.015625
8 0.8484375 0.44921875 0.025 0.03125
8 0.884375 0.4208984375 0.015625 0.025390625
0 0.69296875 0.5166015625 0.0390625 0.091796875
0 0.67578125 0.5087890625 0.0328125 0.099609375
0 0.64296875 0.509765625 0.0234375 0.1171875
0 0.5828125 0.5107421875 0.05 0.099609375
0 0.3640625 0.5185546875 0.03125 0.123046875
0 0.25234375 0.482421875 0.0171875 0.0546875
0 0.2359375 0.482421875 0.015625 0.0546875
0 0.2171875 0.4814453125 0.01875 0.068359375
0 0.20390625 0.4853515625 0.0140625 0.064453125
1 0.5296875 0.517578125 0.03125 0.0234375
0 0.50546875 0.494140625 0.0078125 0.01953125
