8 0.48828125 0.47265625 0.0109375 0.015625
8 0.440625 0.46484375 0.03125 0.0078125
0 0.49296875 0.515625 0.0046875 0.01171875
0 0.49921875 0.5146484375 0.0078125 0.013671875
0 0.5078125 0.515625 0.00625 0.01171875
0 0.4921875 0.556640625 0.009375 0.03515625
2 0.78046875 0.5947265625 0.0578125 0.103515625
1 0.3765625 0.5166015625 0.015625 0.017578125
1 0.36015625 0.5224609375 0.0203125 0.021484375
1 0.39765625 0.5283203125 0.0203125 0.025390625
1 0.37890625 0.5546875 0.0234375 0.04296875
1 0.3046875 0.5302734375 0.01875 0.017578125
1 0.30078125 0.5458984375 0.0234375 0.029296875
1 0.26015625 0.53125 0.0234375 0.01953125
1 0.2609375 0.560546875 0.04375 0.0390625
1 0.34375 0.5556640625 0.065625 0.072265625
1 0.4390625 0.5634765625 0.096875 0.095703125
