8 0.12265625 0.375 0.0265625 0.03125
8 0.12265625 0.3974609375 0.0171875 0.013671875
8 0.5125 0.3720703125 0.0125 0.021484375
8 0.51171875 0.3984375 0.0171875 0.02734375
8 0.5546875 0.3271484375 0.053125 0.021484375
8 0.553125 0.36328125 0.01875 0.0390625
8 0.553125 0.396484375 0.0125 0.0234375
8 0.65625 0.3720703125 0.021875 0.029296875
1 0.19296875 0.482421875 0.1140625 0.1015625
1 0.28515625 0.4736328125 0.0734375 0.072265625
1 0.45 0.509765625 0.140625 0.1171875
1 0.390625 0.474609375 0.021875 0.03515625
