4 0.64921875 0.4404296875 0.0421875 0.056640625
4 0.421875 0.455078125 0.078125 0.09765625
6 0.09921875 0.2626953125 0.0265625 0.099609375
6 0.48125 0.3984375 0.0125 0.03515625
6 0.49921875 0.40625 0.0078125 0.02734375
6 0.8703125 0.2275390625 0.025 0.087890625
6 0.1375 0.3583984375 0.021875 0.029296875
8 0.078125 0.380859375 0.046875 0.0703125
8 0.125 0.4130859375 0.03125 0.044921875
8 0.13671875 0.486328125 0.0171875 0.0703125
8 0.08359375 0.5302734375 0.1046875 0.060546875
8 0.48671875 0.4384765625 0.0171875 0.021484375
8 0.51484375 0.4306640625 0.0140625 0.017578125
8 0.51328125 0.44140625 0.0171875 0.01953125
8 0.859375 0.34375 0.05625 0.0703125
8 0.89296875 0.384765625 0.0234375 0.03125
8 0.89375 0.4150390625 0.025 0.029296875
8 0.76875 0.412109375 0.021875 0.0078125
2 0.03203125 0.552734375 0.0296875 0.05859375
2 0.60546875 0.4609375 0.0078125 0.015625
3 0.35546875 0.5703125 0.0734375 0.12890625
1 0.53671875 0.7197265625 0.4234375 0.462890625
1 0.85625 0.486328125 0.071875 0.0625
1 0.78828125 0.4853515625 0.0671875 0.060546875
1 0.75546875 0.4736328125 0.0328125 0.037109375
1 0.740625 0.4638671875 0.046875 0.044921875
1 0.70546875 0.462890625 0.0328125 0.03125
1 0.67890625 0.458984375 0.0328125 0.03125
1 0.4390625 0.490234375 0.04375 0.046875
1 0.2203125 0.50390625 0.053125 0.0546875
1 0.2640625 0.4892578125 0.0375 0.041015625
1 0.2984375 0.4970703125 0.05 0.048828125
1 0.484375 0.46484375 0.028125 0.03125
1 0.465625 0.466796875 0.01875 0.03125
1 0.57734375 0.44921875 0.0109375 0.01171875
1 0.62109375 0.451171875 0.0140625 0.015625
1 0.60859375 0.4501953125 0.0109375 0.013671875
1 0.546875 0.443359375 0.01875 0.01171875
