6 0.6703125 0.3837890625 0.009375 0.033203125
6 0.77421875 0.328125 0.0171875 0.05859375
6 0.5609375 0.298828125 0.009375 0.03515625
6 0.3734375 0.3720703125 0.009375 0.033203125
0 0.121875 0.4384765625 0.025 0.060546875
0 0.146875 0.439453125 0.021875 0.0546875
0 0.27265625 0.453125 0.0140625 0.046875
0 0.37890625 0.458984375 0.0171875 0.05078125
0 0.30390625 0.4501953125 0.0109375 0.033203125
0 0.31953125 0.4453125 0.0140625 0.01953125
0 0.4328125 0.45703125 0.01875 0.0390625
0 0.46015625 0.455078125 0.0078125 0.0234375
0 0.56640625 0.4521484375 0.0046875 0.017578125
0 0.8734375 0.4814453125 0.021875 0.095703125
0 0.7078125 0.466796875 0.0125 0.04296875
2 0.13515625 0.4853515625 0.0484375 0.072265625
2 0.1765625 0.486328125 0.034375 0.078125
1 0.53828125 0.45703125 0.0296875 0.03515625
1 0.57734375 0.4560546875 0.0171875 0.017578125
1 0.5890625 0.462890625 0.0125 0.02734375
1 0.5953125 0.46484375 0.01875 0.03125
1 0.6171875 0.4697265625 0.040625 0.037109375
1 0.9203125 0.626953125 0.159375 0.23046875
