8 0.30390625 0.4365234375 0.0203125 0.029296875
8 0.53203125 0.4921875 0.0078125 0.01171875
8 0.53125 0.4814453125 0.009375 0.009765625
0 0.3296875 0.5029296875 0.0125 0.048828125
0 0.41640625 0.498046875 0.0078125 0.03125
0 0.42578125 0.5 0.0078125 0.02734375
0 0.44296875 0.4970703125 0.0046875 0.017578125
0 0.4484375 0.4970703125 0.00625 0.017578125
0 0.46015625 0.4970703125 0.0046875 0.013671875
0 0.4546875 0.498046875 0.003125 0.01171875
1 0.059375 0.521484375 0.11875 0.1015625
1 0.2109375 0.5439453125 0.228125 0.193359375
1 0.484375 0.5068359375 0.021875 0.021484375
7 0.82734375 0.5693359375 0.0203125 0.134765625
