6 0.81875 0.37109375 0.01875 0.0234375
6 0.8078125 0.3076171875 0.01875 0.056640625
6 0.57265625 0.328125 0.0140625 0.05078125
6 0.5703125 0.3818359375 0.015625 0.021484375
8 0.8640625 0.35546875 0.0375 0.01171875
8 0.81328125 0.3466796875 0.0203125 0.017578125
0 0.59140625 0.45703125 0.0171875 0.07421875
0 0.57578125 0.451171875 0.0140625 0.0703125
0 0.4953125 0.5673828125 0.121875 0.474609375
0 0.546875 0.5673828125 0.190625 0.431640625
0 0.325 0.470703125 0.03125 0.109375
0 0.30859375 0.453125 0.0171875 0.0625
0 0.2953125 0.5615234375 0.153125 0.388671875
0 0.0421875 0.587890625 0.084375 0.48828125
1 0.4265625 0.4619140625 0.009375 0.009765625
1 0.40625 0.4609375 0.015625 0.015625
1 0.15078125 0.4931640625 0.2234375 0.130859375
1 0.4671875 0.4638671875 0.01875 0.037109375
