0 0.7578125 0.546875 0.040625 0.1953125
0 0.134375 0.5537109375 0.015625 0.025390625
0 0.096875 0.5703125 0.021875 0.05078125
2 0.17890625 0.552734375 0.0453125 0.08203125
2 0.2171875 0.548828125 0.053125 0.08203125
2 0.30859375 0.53515625 0.0546875 0.1015625
2 0.42421875 0.5419921875 0.1046875 0.087890625
1 0.6140625 0.505859375 0.1125 0.09765625
1 0.70234375 0.53125 0.1734375 0.1171875
1 0.8546875 0.505859375 0.140625 0.09375
1 0.9390625 0.5029296875 0.09375 0.087890625
1 0.97890625 0.5244140625 0.0421875 0.072265625
0 0.01640625 0.361328125 0.0109375 0.015625
0 0.02890625 0.3623046875 0.0109375 0.021484375
8 0.55859375 0.2958984375 0.0078125 0.041015625
8 0.55234375 0.3466796875 0.0203125 0.017578125
