6 0.26015625 0.37890625 0.0078125 0.01953125
6 0.465625 0.390625 0.00625 0.015625
6 0.52265625 0.4326171875 0.0046875 0.017578125
6 0.528125 0.43359375 0.00625 0.015625
6 0.56484375 0.4208984375 0.0046875 0.017578125
6 0.5296875 0.44921875 0.00625 0.0078125
6 0.3296875 0.455078125 0.009375 0.01953125
8 0.51640625 0.3984375 0.0265625 0.0078125
8 0.33046875 0.435546875 0.0109375 0.01953125
8 0.5234375 0.455078125 0.00625 0.01171875
0 0.60859375 0.4716796875 0.0109375 0.037109375
0 0.59453125 0.470703125 0.0171875 0.05078125
3 0.42109375 0.4794921875 0.0203125 0.033203125
1 0.55390625 0.4697265625 0.0390625 0.025390625
1 0.5109375 0.4755859375 0.028125 0.029296875
1 0.46640625 0.4697265625 0.0453125 0.044921875
1 0.36875 0.474609375 0.053125 0.0546875
1 0.25546875 0.498046875 0.1171875 0.09765625
1 0.13515625 0.4697265625 0.0234375 0.025390625
