6 0.42734375 0.13671875 0.0328125 0.1171875
6 0.0859375 0.208984375 0.028125 0.10546875
6 0.0875 0.3291015625 0.03125 0.037109375
6 0.43515625 0.287109375 0.0328125 0.0390625
8 0.534375 0.2109375 0.0875 0.03515625
8 0.0640625 0.2861328125 0.0625 0.029296875
8 0.0484375 0.2177734375 0.021875 0.068359375
0 0.0859375 0.4736328125 0.021875 0.130859375
0 0.2640625 0.490234375 0.04375 0.1953125
0 0.32578125 0.478515625 0.0796875 0.2265625
0 0.46796875 0.494140625 0.0796875 0.2890625
0 0.65703125 0.505859375 0.1015625 0.38671875
1 0.25 0.4423828125 0.08125 0.064453125
1 0.396875 0.4580078125 0.046875 0.029296875
1 0.5484375 0.4501953125 0.078125 0.052734375
1 0.58515625 0.4541015625 0.0453125 0.044921875
1 0.72734375 0.4501953125 0.0734375 0.029296875
1 0.83984375 0.4306640625 0.1515625 0.080078125
