6 0.67421875 0.2255859375 0.0203125 0.029296875
6 0.115625 0.2783203125 0.021875 0.025390625
8 0.6734375 0.2861328125 0.040625 0.064453125
8 0.1203125 0.31640625 0.028125 0.04296875
0 0.91953125 0.4677734375 0.0421875 0.142578125
0 0.94921875 0.4306640625 0.0390625 0.138671875
0 0.90546875 0.4208984375 0.0265625 0.091796875
0 0.88046875 0.4306640625 0.0359375 0.123046875
0 0.8625 0.419921875 0.021875 0.11328125
0 0.8421875 0.4345703125 0.03125 0.119140625
0 0.85234375 0.3701171875 0.0140625 0.033203125
0 0.92890625 0.37890625 0.0140625 0.05859375
0 0.7625 0.4580078125 0.05 0.146484375
0 0.8078125 0.4345703125 0.034375 0.095703125
0 0.790625 0.41015625 0.025 0.10546875
0 0.96640625 0.357421875 0.0140625 0.0390625
0 0.97890625 0.375 0.0140625 0.04296875
0 0.9875 0.357421875 0.0125 0.046875
0 0.953125 0.34765625 0.009375 0.03515625
0 0.934375 0.34765625 0.009375 0.02734375
0 0.94453125 0.349609375 0.0078125 0.02734375
0 0.825 0.3837890625 0.015625 0.048828125
0 0.83359375 0.3525390625 0.0078125 0.025390625
0 0.825 0.349609375 0.00625 0.0234375
0 0.80859375 0.365234375 0.0109375 0.0390625
0 0.740625 0.4052734375 0.015625 0.072265625
0 0.79609375 0.3525390625 0.0078125 0.021484375
0 0.715625 0.4375 0.028125 0.08984375
0 0.72109375 0.3779296875 0.0140625 0.041015625
0 0.70390625 0.380859375 0.0109375 0.03125
0 0.68671875 0.3740234375 0.0109375 0.021484375
0 0.665625 0.4052734375 0.015625 0.080078125
0 0.65546875 0.3759765625 0.0140625 0.044921875
0 0.62890625 0.38671875 0.0203125 0.04296875
0 0.71171875 0.3515625 0.0078125 0.02734375
0 0.70078125 0.35546875 0.0109375 0.02734375
0 0.60625 0.3837890625 0.009375 0.044921875
0 0.59609375 0.3876953125 0.0109375 0.044921875
0 0.5875 0.3857421875 0.0125 0.048828125
0 0.57734375 0.3876953125 0.0109375 0.041015625
0 0.5703125 0.3798828125 0.009375 0.029296875
0 0.55703125 0.3740234375 0.0078125 0.017578125
0 0.56328125 0.3681640625 0.0046875 0.021484375
0 0.56875 0.365234375 0.00625 0.015625
0 0.6171875 0.37890625 0.009375 0.046875
0 0.53359375 0.3681640625 0.0109375 0.013671875
0 0.69453125 0.3857421875 0.0109375 0.041015625
0 0.98671875 0.4638671875 0.0265625 0.169921875
0 0.0734375 0.421875 0.01875 0.07421875
0 0.1109375 0.41796875 0.01875 0.0703125
0 0.175 0.4365234375 0.03125 0.087890625
1 0.39453125 0.3779296875 0.0203125 0.029296875
1 0.38359375 0.392578125 0.0265625 0.04296875
1 0.35625 0.3994140625 0.053125 0.064453125
1 0.3046875 0.419921875 0.090625 0.08984375
1 0.2296875 0.427734375 0.071875 0.078125
1 0.4359375 0.3779296875 0.053125 0.041015625
1 0.43203125 0.4111328125 0.0640625 0.060546875
1 0.47421875 0.37890625 0.0265625 0.03515625
1 0.48671875 0.3896484375 0.0359375 0.041015625
1 0.5171875 0.40234375 0.059375 0.06640625
1 0.54296875 0.4365234375 0.0953125 0.091796875
