6 0.65859375 0.396484375 0.0171875 0.0625
6 0.64765625 0.4892578125 0.0171875 0.041015625
6 0.13828125 0.3935546875 0.0171875 0.064453125
6 0.128125 0.537109375 0.009375 0.015625
8 0.9921875 0.44140625 0.015625 0.03125
8 0.99296875 0.4697265625 0.0140625 0.021484375
8 0.99140625 0.486328125 0.0171875 0.01171875
8 0.49765625 0.4755859375 0.0171875 0.025390625
8 0.496875 0.5029296875 0.015625 0.021484375
8 0.1203125 0.443359375 0.025 0.03125
8 0.1421875 0.48046875 0.015625 0.04296875
8 0.19140625 0.501953125 0.0109375 0.015625
8 0.19140625 0.513671875 0.0109375 0.0078125
0 0.43984375 0.53515625 0.0109375 0.0390625
0 0.44765625 0.533203125 0.0078125 0.03515625
0 0.21796875 0.5458984375 0.0109375 0.025390625
0 0.28984375 0.5400390625 0.0078125 0.025390625
0 0.31953125 0.53515625 0.0078125 0.01953125
3 0.234375 0.6103515625 0.046875 0.107421875
1 0.8640625 0.57421875 0.0625 0.0546875
1 0.9421875 0.5703125 0.115625 0.06640625
1 0.1546875 0.583984375 0.13125 0.06640625
1 0.30703125 0.5546875 0.0390625 0.03515625
1 0.38203125 0.529296875 0.0171875 0.01953125
1 0.496875 0.630859375 0.15 0.16015625
1 0.40078125 0.751953125 0.3171875 0.31640625
