6 0.52578125 0.3544921875 0.0234375 0.025390625
6 0.5296875 0.29296875 0.015625 0.0625
0 0.703125 0.4580078125 0.05 0.173828125
0 0.64921875 0.4443359375 0.0421875 0.111328125
0 0.60859375 0.4560546875 0.0390625 0.103515625
0 0.49765625 0.447265625 0.0234375 0.09375
0 0.375 0.4599609375 0.040625 0.103515625
0 0.34140625 0.4560546875 0.0265625 0.111328125
0 0.3328125 0.4580078125 0.0375 0.119140625
1 0.42734375 0.455078125 0.0515625 0.0546875
1 0.084375 0.45703125 0.084375 0.06640625
7 0.5078125 0.47265625 0.0125 0.046875
0 0.8765625 0.4169921875 0.021875 0.037109375
6 0.81328125 0.267578125 0.0328125 0.1015625
6 0.82265625 0.3408203125 0.0203125 0.033203125
8 0.87265625 0.3232421875 0.0515625 0.017578125
