6 0.23203125 0.2529296875 0.0140625 0.056640625
6 0.325 0.3203125 0.0125 0.06640625
6 0.32265625 0.3818359375 0.0140625 0.017578125
6 0.76015625 0.0703125 0.0234375 0.06640625
6 0.87890625 0.0283203125 0.0265625 0.056640625
6 0.6609375 0.3388671875 0.015625 0.048828125
8 0.80859375 0.05078125 0.0203125 0.046875
0 0.878125 0.4775390625 0.025 0.115234375
0 0.8515625 0.474609375 0.034375 0.14453125
0 0.79765625 0.4619140625 0.0265625 0.119140625
0 0.81953125 0.478515625 0.0359375 0.15625
0 0.75625 0.470703125 0.04375 0.15234375
0 0.71796875 0.4775390625 0.0359375 0.154296875
0 0.70078125 0.4609375 0.0265625 0.1171875
0 0.671875 0.462890625 0.03125 0.109375
0 0.640625 0.4541015625 0.028125 0.111328125
0 0.61796875 0.455078125 0.0265625 0.10546875
0 0.56953125 0.4580078125 0.0296875 0.095703125
0 0.53828125 0.4541015625 0.0328125 0.099609375
1 0.89765625 0.453125 0.1453125 0.1015625
1 0.0984375 0.4423828125 0.05 0.044921875
1 0.18359375 0.4892578125 0.1578125 0.158203125
1 0.03203125 0.447265625 0.0640625 0.0546875
