6 0.4671875 0.154296875 0.01875 0.0625
6 0.1125 0.3017578125 0.01875 0.056640625
6 0.11015625 0.3740234375 0.0171875 0.029296875
6 0.671875 0.380859375 0.0125 0.0234375
6 0.67578125 0.3134765625 0.0171875 0.056640625
8 0.809375 0.3525390625 0.05 0.017578125
8 0.8109375 0.3330078125 0.01875 0.017578125
0 0.89765625 0.6455078125 0.2046875 0.529296875
0 0.8640625 0.50390625 0.053125 0.1171875
0 0.98515625 0.453125 0.0203125 0.046875
0 0.7140625 0.4677734375 0.025 0.080078125
0 0.61953125 0.4638671875 0.0234375 0.064453125
0 0.65546875 0.4921875 0.0484375 0.12109375
0 0.6796875 0.4873046875 0.040625 0.119140625
0 0.08125 0.443359375 0.01875 0.03515625
0 0.09921875 0.4423828125 0.0140625 0.033203125
0 0.50390625 0.4462890625 0.0078125 0.017578125
0 0.45390625 0.4501953125 0.0078125 0.033203125
0 0.44296875 0.451171875 0.0140625 0.03125
0 0.85078125 0.44921875 0.0171875 0.03515625
2 0.20859375 0.470703125 0.0203125 0.05859375
1 0.371875 0.4638671875 0.096875 0.052734375
1 0.578125 0.4765625 0.0625 0.0625
1 0.55078125 0.4697265625 0.0203125 0.048828125
1 0.540625 0.466796875 0.025 0.046875
1 0.5296875 0.4619140625 0.015625 0.041015625
1 0.53046875 0.4560546875 0.0265625 0.041015625
1 0.515625 0.451171875 0.015625 0.0234375
1 0.5078125 0.44921875 0.00625 0.01953125
1 0.4734375 0.4453125 0.015625 0.015625
