0 0.528125 0.4541015625 0.009375 0.029296875
0 0.97578125 0.6357421875 0.0484375 0.369140625
0 0.925 0.6328125 0.103125 0.41015625
0 0.846875 0.6044921875 0.075 0.380859375
0 0.5796875 0.453125 0.00625 0.01953125
0 0.584375 0.4541015625 0.00625 0.017578125
1 0.18359375 0.525390625 0.2265625 0.1484375
1 0.3234375 0.486328125 0.10625 0.11328125
1 0.3890625 0.4873046875 0.04375 0.076171875
1 0.39921875 0.474609375 0.0640625 0.08203125
1 0.48046875 0.458984375 0.0390625 0.0390625
1 0.5015625 0.4580078125 0.021875 0.033203125
1 0.5140625 0.45703125 0.0125 0.0234375
1 0.521875 0.453125 0.009375 0.0234375
1 0.53671875 0.451171875 0.0109375 0.01953125
1 0.55 0.4521484375 0.015625 0.021484375
1 0.75390625 0.5244140625 0.1171875 0.123046875
1 0.69453125 0.5078125 0.0578125 0.08984375
1 0.66796875 0.4873046875 0.0546875 0.064453125
1 0.61796875 0.46875 0.0359375 0.03515625
1 0.59296875 0.45703125 0.0171875 0.01953125
