8 0.55390625 0.390625 0.0140625 0.02734375
8 0.11640625 0.3955078125 0.0109375 0.021484375
8 0.86015625 0.337890625 0.0671875 0.078125
8 0.8625 0.3896484375 0.04375 0.025390625
0 0.159375 0.4384765625 0.009375 0.033203125
0 0.32421875 0.4609375 0.0171875 0.0625
0 0.3375 0.458984375 0.01875 0.06640625
0 0.53203125 0.4609375 0.0171875 0.07421875
0 0.59453125 0.5029296875 0.0234375 0.103515625
2 0.15546875 0.4755859375 0.0203125 0.041015625
2 0.6703125 0.4892578125 0.053125 0.048828125
2 0.68671875 0.48828125 0.0546875 0.05078125
2 0.30078125 0.4794921875 0.0390625 0.048828125
2 0.28359375 0.4833984375 0.0359375 0.052734375
2 0.25703125 0.4736328125 0.0296875 0.052734375
2 0.775 0.5087890625 0.06875 0.056640625
1 0.065625 0.4541015625 0.06875 0.052734375
1 0.11640625 0.4619140625 0.0640625 0.044921875
1 0.2109375 0.46875 0.090625 0.0546875
