8 0.72890625 0.5126953125 0.0328125 0.021484375
0 0.05390625 0.5078125 0.0140625 0.05078125
1 0.7953125 0.44140625 0.1 0.05078125
1 0.5375 0.4501953125 0.01875 0.021484375
1 0.51796875 0.44140625 0.0109375 0.01171875
1 0.5078125 0.439453125 0.009375 0.01171875
1 0.49296875 0.4306640625 0.0109375 0.009765625
1 0.46796875 0.443359375 0.0140625 0.015625
1 0.39453125 0.4375 0.0109375 0.0078125
1 0.38203125 0.4365234375 0.0109375 0.009765625
1 0.34921875 0.4697265625 0.0328125 0.033203125
1 0.17734375 0.4814453125 0.0640625 0.037109375
1 0.44609375 0.431640625 0.0109375 0.01171875
1 0.53046875 0.439453125 0.0140625 0.015625
1 0.253125 0.4677734375 0.0375 0.025390625
