0 0.51328125 0.4208984375 0.0078125 0.021484375
0 0.92890625 0.4814453125 0.0484375 0.076171875
3 0.5703125 0.4462890625 0.0375 0.037109375
1 0.10625 0.5546875 0.2125 0.171875
1 0.23125 0.51171875 0.11875 0.11328125
1 0.2796875 0.48828125 0.08125 0.09375
1 0.3234375 0.4765625 0.053125 0.078125
1 0.19375 0.44140625 0.090625 0.0390625
1 0.359375 0.4580078125 0.05 0.052734375
1 0.37890625 0.44921875 0.0484375 0.0625
1 0.4078125 0.4423828125 0.028125 0.041015625
1 0.55703125 0.4423828125 0.0359375 0.037109375
1 0.678125 0.5244140625 0.071875 0.130859375
1 0.8265625 0.5625 0.30625 0.265625
1 0.621875 0.4345703125 0.053125 0.037109375
9 0.46875 0.447265625 0.00625 0.00390625
0 0.890625 0.4609375 0.021875 0.05078125
