6 0.21328125 0.2919921875 0.0078125 0.029296875
6 0.23046875 0.4091796875 0.0109375 0.013671875
6 0.23515625 0.37890625 0.0078125 0.0234375
6 0.3046875 0.3447265625 0.01875 0.060546875
6 0.4625 0.2353515625 0.01875 0.052734375
6 0.39375 0.38671875 0.009375 0.02734375
6 0.4921875 0.326171875 0.00625 0.0234375
6 0.58203125 0.3935546875 0.0078125 0.025390625
6 0.62734375 0.353515625 0.0109375 0.04296875
8 0.86796875 0.30078125 0.0390625 0.0703125
0 0.29921875 0.4716796875 0.0328125 0.095703125
0 0.25234375 0.4697265625 0.0359375 0.091796875
0 0.4578125 0.4609375 0.015625 0.0390625
0 0.44140625 0.4599609375 0.0140625 0.041015625
0 0.43203125 0.4599609375 0.0140625 0.041015625
0 0.3984375 0.4541015625 0.009375 0.021484375
0 0.5 0.451171875 0.00625 0.015625
0 0.6046875 0.462890625 0.0125 0.04296875
0 0.596875 0.453125 0.009375 0.0234375
0 0.61640625 0.462890625 0.0109375 0.046875
0 0.6296875 0.462890625 0.0125 0.05078125
0 0.6390625 0.4619140625 0.009375 0.037109375
0 0.68203125 0.478515625 0.0171875 0.05078125
0 0.69296875 0.470703125 0.0140625 0.03515625
0 0.78203125 0.4912109375 0.0296875 0.095703125
0 0.80390625 0.482421875 0.0140625 0.078125
0 0.84375 0.4873046875 0.015625 0.091796875
0 0.90078125 0.4921875 0.0296875 0.15234375
0 0.934375 0.5087890625 0.03125 0.130859375
0 0.95703125 0.4951171875 0.0171875 0.123046875
2 0.03203125 0.4833984375 0.0421875 0.056640625
2 0.48671875 0.46875 0.0109375 0.0234375
2 0.6625 0.5078125 0.0375 0.09375
2 0.71171875 0.5224609375 0.0578125 0.107421875
2 0.75703125 0.5322265625 0.0640625 0.111328125
2 0.809375 0.541015625 0.0875 0.12109375
2 0.8875 0.5947265625 0.128125 0.177734375
2 0.95625 0.6025390625 0.0875 0.162109375
1 0.53828125 0.4580078125 0.0171875 0.021484375
1 0.45859375 0.4541015625 0.0140625 0.021484375
1 0.46796875 0.4541015625 0.0109375 0.017578125
7 0.56171875 0.4736328125 0.0078125 0.017578125
1 0.1671875 0.4541015625 0.1 0.048828125
