6 0.596875 0.357421875 0.0125 0.0390625
6 0.60546875 0.3994140625 0.0171875 0.017578125
6 0.13359375 0.345703125 0.0140625 0.0390625
6 0.12734375 0.3994140625 0.0171875 0.017578125
8 0.56171875 0.40234375 0.0140625 0.0234375
0 0.06484375 0.46875 0.0203125 0.05859375
2 0.93984375 0.5341796875 0.1203125 0.166015625
2 0.62578125 0.5322265625 0.0578125 0.138671875
2 0.5703125 0.5078125 0.03125 0.07421875
1 0.5515625 0.4716796875 0.05 0.064453125
1 0.44765625 0.46875 0.0515625 0.0859375
1 0.41015625 0.490234375 0.1109375 0.11328125
1 0.49375 0.466796875 0.028125 0.02734375
