8 0.62578125 0.458984375 0.0234375 0.03515625
8 0.64921875 0.4580078125 0.0234375 0.029296875
8 0.65078125 0.4794921875 0.0234375 0.009765625
8 0.79609375 0.408203125 0.0234375 0.0390625
8 0.7984375 0.4501953125 0.034375 0.041015625
8 0.7984375 0.4833984375 0.03125 0.021484375
8 0.8546875 0.458984375 0.034375 0.08203125
8 0.85625 0.4013671875 0.034375 0.021484375
1 0.0546875 0.5380859375 0.05625 0.025390625
1 0.0984375 0.53515625 0.034375 0.0234375
1 0.146875 0.5361328125 0.04375 0.021484375
1 0.365625 0.53125 0.028125 0.01953125
1 0.25625 0.5322265625 0.05625 0.029296875
1 0.50859375 0.599609375 0.1640625 0.16796875
1 0.20390625 0.5263671875 0.0359375 0.021484375
