6 0.75546875 0.3271484375 0.0234375 0.068359375
0 0.75625 0.513671875 0.021875 0.078125
0 0.76796875 0.5126953125 0.0234375 0.080078125
0 0.6265625 0.513671875 0.025 0.08984375
0 0.53046875 0.49609375 0.0078125 0.02734375
0 0.584375 0.49609375 0.009375 0.0390625
0 0.10625 0.494140625 0.021875 0.078125
0 0.12734375 0.49609375 0.0203125 0.078125
0 0.15703125 0.486328125 0.0171875 0.05078125
0 0.196875 0.4755859375 0.015625 0.025390625
0 0.87734375 0.5244140625 0.0296875 0.087890625
0 0.60390625 0.4853515625 0.0109375 0.025390625
2 0.55078125 0.5322265625 0.0171875 0.037109375
1 0.4625 0.5185546875 0.06875 0.072265625
