6 0.13828125 0.0888671875 0.0484375 0.064453125
6 0.3359375 0.0849609375 0.046875 0.064453125
6 0.6859375 0.2890625 0.05 0.05859375
6 0.32578125 0.3974609375 0.0046875 0.013671875
6 0.37265625 0.390625 0.0046875 0.015625
8 0.19609375 0.0986328125 0.0328125 0.060546875
8 0.40234375 0.0927734375 0.0328125 0.056640625
0 0.28046875 0.482421875 0.0546875 0.11328125
1 0.0328125 0.482421875 0.065625 0.07421875
1 0.08828125 0.4814453125 0.0953125 0.068359375
1 0.14921875 0.48046875 0.0484375 0.0546875
1 0.18046875 0.4765625 0.0421875 0.05078125
1 0.47890625 0.5166015625 0.2828125 0.298828125
11 0.23828125 0.45703125 0.0859375 0.09765625
