0 0.60546875 0.4443359375 0.0328125 0.048828125
0 0.5203125 0.4541015625 0.0375 0.072265625
1 0.9578125 0.5498046875 0.084375 0.189453125
1 0.89296875 0.4931640625 0.2140625 0.212890625
1 0.7578125 0.5068359375 0.1125 0.142578125
1 0.71484375 0.49609375 0.1234375 0.12109375
1 0.628125 0.478515625 0.175 0.10546875
1 0.4109375 0.470703125 0.059375 0.0546875
1 0.36796875 0.4716796875 0.0390625 0.041015625
1 0.35 0.466796875 0.0625 0.05078125
1 0.3078125 0.466796875 0.03125 0.0390625
1 0.06171875 0.50390625 0.1234375 0.16796875
1 0.10078125 0.4970703125 0.1203125 0.119140625
1 0.18515625 0.4677734375 0.1140625 0.076171875
11 0.51484375 0.44921875 0.1921875 0.11328125
11 0.52734375 0.521484375 0.0484375 0.10546875
11 0.6078125 0.517578125 0.065625 0.12109375
