6 0.37265625 0.3115234375 0.0140625 0.056640625
6 0.190625 0.341796875 0.009375 0.046875
6 0.2734375 0.330078125 0.015625 0.05078125
6 0.46484375 0.2880859375 0.0234375 0.091796875
6 0.48671875 0.3154296875 0.0203125 0.044921875
6 0.66171875 0.3427734375 0.0171875 0.044921875
6 0.846875 0.3466796875 0.0125 0.052734375
6 0.8671875 0.3583984375 0.015625 0.033203125
6 0.3609375 0.3203125 0.0125 0.03125
6 0.1828125 0.3359375 0.009375 0.03125
6 0.30859375 0.380859375 0.0109375 0.01171875
6 0.30078125 0.37109375 0.0078125 0.01171875
6 0.02578125 0.3603515625 0.0109375 0.029296875
6 0.68671875 0.35546875 0.0109375 0.0234375
6 0.971875 0.3779296875 0.009375 0.013671875
8 0.28125 0.244140625 0.03125 0.01953125
8 0.29296875 0.3154296875 0.0296875 0.041015625
8 0.24296875 0.337890625 0.0265625 0.015625
8 0.31015625 0.3525390625 0.0171875 0.033203125
1 0.95234375 0.513671875 0.0953125 0.16796875
1 0.73359375 0.599609375 0.4828125 0.3671875
1 0.4890625 0.4580078125 0.18125 0.169921875
1 0.309375 0.5166015625 0.303125 0.232421875
1 0.0953125 0.6552734375 0.190625 0.384765625
1 0.6359375 0.431640625 0.071875 0.078125
1 0.5921875 0.4287109375 0.034375 0.076171875
