8 0.61640625 0.384765625 0.0265625 0.03125
8 0.61640625 0.408203125 0.0265625 0.015625
8 0.3671875 0.427734375 0.009375 0.0234375
8 0.5921875 0.4169921875 0.021875 0.005859375
8 0.575 0.435546875 0.00625 0.0078125
8 0.43515625 0.4462890625 0.0046875 0.009765625
0 0.8578125 0.515625 0.05625 0.19140625
1 0.73125 0.4990234375 0.2 0.177734375
1 0.59375 0.4697265625 0.08125 0.044921875
1 0.521875 0.470703125 0.04375 0.03515625
1 0.4859375 0.4638671875 0.0125 0.009765625
1 0.46328125 0.4638671875 0.0140625 0.013671875
1 0.42109375 0.46484375 0.0265625 0.02734375
1 0.3765625 0.470703125 0.053125 0.0546875
1 0.4046875 0.4638671875 0.00625 0.009765625
