6 0.89296875 0.357421875 0.0234375 0.02734375
6 0.8890625 0.2685546875 0.021875 0.076171875
6 0.1875 0.2412109375 0.021875 0.076171875
6 0.17734375 0.3291015625 0.0203125 0.029296875
8 0.9125 0.333984375 0.0625 0.01953125
8 0.72734375 0.400390625 0.0109375 0.01953125
0 0.88359375 0.443359375 0.0359375 0.06640625
0 0.25546875 0.44921875 0.0234375 0.0546875
0 0.22421875 0.4462890625 0.0140625 0.037109375
0 0.015625 0.43359375 0.03125 0.109375
0 0.3140625 0.529296875 0.1 0.42578125
2 0.14609375 0.4501953125 0.0546875 0.044921875
2 0.090625 0.4423828125 0.046875 0.048828125
1 0.91328125 0.501953125 0.1734375 0.12890625
1 0.68984375 0.470703125 0.1046875 0.1015625
1 0.62109375 0.4755859375 0.0515625 0.052734375
1 0.59453125 0.46875 0.0453125 0.05859375
1 0.5640625 0.45703125 0.059375 0.0625
1 0.53203125 0.4677734375 0.0171875 0.033203125
1 0.5015625 0.4599609375 0.0375 0.048828125
1 0.47109375 0.46875 0.0203125 0.01953125
1 0.45234375 0.462890625 0.0203125 0.015625
1 0.409375 0.4609375 0.01875 0.02734375
1 0.39296875 0.462890625 0.0203125 0.0390625
1 0.43046875 0.4619140625 0.0140625 0.021484375
1 0.37578125 0.4560546875 0.0234375 0.056640625
1 0.36328125 0.458984375 0.0296875 0.06640625
1 0.3546875 0.4658203125 0.025 0.064453125
