6 0.87109375 0.3056640625 0.0140625 0.091796875
6 0.740625 0.2890625 0.021875 0.07421875
6 0.75390625 0.37890625 0.0171875 0.02734375
6 0.69375 0.248046875 0.0125 0.0390625
6 0.88203125 0.392578125 0.0109375 0.02734375
6 0.63671875 0.390625 0.0078125 0.02734375
6 0.61484375 0.392578125 0.0078125 0.02734375
6 0.61875 0.4267578125 0.00625 0.013671875
6 0.56328125 0.3955078125 0.0109375 0.029296875
6 0.42109375 0.3388671875 0.0109375 0.033203125
6 0.2953125 0.330078125 0.009375 0.03125
8 0.82734375 0.2802734375 0.0359375 0.029296875
8 0.71640625 0.236328125 0.0078125 0.03515625
8 0.48203125 0.369140625 0.0359375 0.01171875
8 0.3125 0.326171875 0.015625 0.01953125
0 0.96796875 0.478515625 0.0640625 0.23828125
0 0.890625 0.4716796875 0.05625 0.111328125
0 0.60625 0.4638671875 0.015625 0.044921875
1 0.4625 0.4931640625 0.203125 0.212890625
1 0.30390625 0.4697265625 0.0734375 0.044921875
1 0.2609375 0.4677734375 0.01875 0.033203125
1 0.234375 0.4716796875 0.05 0.037109375
1 0.19453125 0.4736328125 0.0296875 0.033203125
1 0.153125 0.4921875 0.103125 0.0859375
1 0.05546875 0.4912109375 0.1109375 0.162109375
