0 0.7859375 0.541015625 0.046875 0.2265625
0 0.88984375 0.5283203125 0.0546875 0.201171875
0 0.39609375 0.45703125 0.0078125 0.03125
0 0.4671875 0.4541015625 0.009375 0.029296875
0 0.48125 0.4560546875 0.009375 0.025390625
2 0.175 0.52734375 0.05625 0.08203125
2 0.21953125 0.5224609375 0.0453125 0.083984375
1 0.7046875 0.4794921875 0.0875 0.103515625
1 0.646875 0.4794921875 0.078125 0.076171875
1 0.834375 0.5068359375 0.075 0.103515625
1 0.03125 0.517578125 0.0625 0.1484375
1 0.13984375 0.5029296875 0.0734375 0.087890625
1 0.225 0.4853515625 0.08125 0.099609375
1 0.290625 0.4765625 0.05625 0.05078125
1 0.3125 0.4677734375 0.053125 0.052734375
1 0.34296875 0.466796875 0.0203125 0.03515625
1 0.35234375 0.4638671875 0.0171875 0.029296875
1 0.3640625 0.462890625 0.01875 0.02734375
1 0.38359375 0.4560546875 0.0171875 0.029296875
1 0.40390625 0.453125 0.0078125 0.01953125
1 0.4078125 0.4521484375 0.009375 0.017578125
1 0.41484375 0.4501953125 0.0078125 0.017578125
1 0.4328125 0.4560546875 0.025 0.025390625
1 0.44921875 0.4501953125 0.0109375 0.009765625
1 0.615625 0.45703125 0.059375 0.05078125
1 0.57578125 0.4560546875 0.0265625 0.041015625
1 0.5578125 0.455078125 0.021875 0.03125
11 0.37578125 0.4697265625 0.0140625 0.025390625
