0 0.75703125 0.4970703125 0.0234375 0.107421875
2 0.59921875 0.505859375 0.0265625 0.05078125
1 0.06640625 0.5107421875 0.1328125 0.107421875
1 0.15625 0.4931640625 0.096875 0.095703125
1 0.23046875 0.4931640625 0.0640625 0.064453125
1 0.27421875 0.486328125 0.0578125 0.0625
1 0.4125 0.4794921875 0.0625 0.056640625
1 0.44609375 0.4716796875 0.0171875 0.025390625
1 0.52109375 0.474609375 0.1015625 0.0390625
1 0.4703125 0.4697265625 0.01875 0.017578125
6 0.5640625 0.439453125 0.003125 0.0078125
8 0.18203125 0.4228515625 0.0109375 0.021484375
