6 0.59609375 0.4140625 0.0078125 0.01953125
6 0.4578125 0.38671875 0.00625 0.015625
6 0.31875 0.38671875 0.00625 0.01953125
6 0.21328125 0.4443359375 0.0078125 0.017578125
8 0.59765625 0.3798828125 0.0109375 0.037109375
8 0.80703125 0.333984375 0.0640625 0.04296875
8 0.52734375 0.431640625 0.0078125 0.015625
8 0.428125 0.458984375 0.0125 0.015625
8 0.06328125 0.462890625 0.0109375 0.015625
8 0.15 0.4541015625 0.01875 0.005859375
8 0.103125 0.3876953125 0.015625 0.048828125
8 0.021875 0.4560546875 0.0125 0.025390625
1 0.7078125 0.4501953125 0.0625 0.041015625
1 0.61015625 0.462890625 0.0515625 0.05078125
1 0.534375 0.462890625 0.028125 0.02734375
1 0.5125 0.4658203125 0.015625 0.021484375
1 0.46328125 0.4697265625 0.0265625 0.025390625
1 0.45703125 0.466796875 0.0234375 0.02734375
1 0.31796875 0.486328125 0.1515625 0.140625
1 0.17109375 0.4951171875 0.0578125 0.041015625
1 0.57734375 0.4677734375 0.0171875 0.025390625
