6 0.27734375 0.4365234375 0.0078125 0.009765625
6 0.54609375 0.421875 0.0109375 0.01171875
8 0.175 0.458984375 0.025 0.0078125
8 0.2796875 0.455078125 0.015625 0.01953125
8 0.54765625 0.4482421875 0.0171875 0.029296875
8 0.5453125 0.38671875 0.021875 0.02734375
8 0.65546875 0.37890625 0.0359375 0.0625
0 0.22578125 0.5146484375 0.0140625 0.044921875
0 0.23984375 0.5107421875 0.0109375 0.044921875
0 0.26171875 0.5205078125 0.0140625 0.044921875
0 0.25546875 0.505859375 0.0109375 0.04296875
0 0.3765625 0.5087890625 0.01875 0.048828125
0 0.48515625 0.46875 0.0078125 0.01953125
0 0.534375 0.505859375 0.0125 0.046875
0 0.5484375 0.505859375 0.0125 0.04296875
0 0.5578125 0.5068359375 0.009375 0.041015625
0 0.5765625 0.5302734375 0.0125 0.037109375
0 0.5734375 0.5009765625 0.0125 0.033203125
0 0.5859375 0.486328125 0.009375 0.03125
0 0.596875 0.4833984375 0.00625 0.025390625
0 0.5671875 0.4677734375 0.00625 0.021484375
0 0.559375 0.470703125 0.00625 0.01953125
0 0.55234375 0.4794921875 0.0078125 0.017578125
0 0.59765625 0.5185546875 0.0140625 0.052734375
0 0.5875 0.51953125 0.009375 0.046875
0 0.609375 0.521484375 0.0125 0.05078125
0 0.6265625 0.517578125 0.01875 0.05859375
0 0.64453125 0.5205078125 0.0203125 0.076171875
0 0.978125 0.5029296875 0.04375 0.138671875
0 0.84765625 0.5 0.0359375 0.1328125
0 0.8203125 0.513671875 0.025 0.11328125
0 0.79375 0.515625 0.028125 0.109375
0 0.7609375 0.5185546875 0.0375 0.107421875
0 0.72890625 0.5244140625 0.0265625 0.095703125
0 0.7015625 0.515625 0.01875 0.078125
0 0.68515625 0.5224609375 0.0171875 0.060546875
0 0.66328125 0.5166015625 0.0171875 0.056640625
0 0.6703125 0.486328125 0.009375 0.03125
0 0.66328125 0.4794921875 0.0078125 0.021484375
0 0.69609375 0.4697265625 0.0078125 0.029296875
0 0.67734375 0.4638671875 0.0078125 0.033203125
0 0.66640625 0.4541015625 0.0078125 0.029296875
0 0.65 0.455078125 0.00625 0.015625
0 0.64296875 0.45703125 0.0046875 0.015625
0 0.703125 0.455078125 0.00625 0.015625
0 0.60234375 0.482421875 0.0046875 0.01953125
0 0.59375 0.4638671875 0.00625 0.021484375
1 0.13046875 0.5263671875 0.1203125 0.064453125
1 0.32734375 0.51171875 0.0390625 0.04296875
1 0.346875 0.505859375 0.01875 0.0390625
1 0.353125 0.49609375 0.03125 0.0390625
1 0.39296875 0.4931640625 0.0203125 0.025390625
1 0.40078125 0.484375 0.0234375 0.02734375
1 0.41328125 0.4638671875 0.0140625 0.013671875
1 0.47109375 0.5302734375 0.1015625 0.103515625
1 0.41015625 0.533203125 0.0453125 0.07421875
1 0.4359375 0.470703125 0.01875 0.015625
1 0.4671875 0.47265625 0.025 0.01171875
1 0.3765625 0.4775390625 0.025 0.017578125
1 0.42421875 0.4580078125 0.0078125 0.009765625
1 0.43828125 0.458984375 0.0203125 0.01171875
1 0.43984375 0.44921875 0.0140625 0.01171875
