6 0.7375 0.3798828125 0.0125 0.017578125
6 0.73046875 0.3291015625 0.0109375 0.041015625
6 0.68671875 0.28515625 0.0484375 0.05078125
6 0.55859375 0.390625 0.0140625 0.015625
6 0.56171875 0.349609375 0.0109375 0.0390625
6 0.090625 0.369140625 0.0125 0.04296875
6 0.115625 0.4091796875 0.01875 0.021484375
8 0.76953125 0.3681640625 0.0328125 0.009765625
8 0.73515625 0.3623046875 0.0109375 0.013671875
8 0.68203125 0.1767578125 0.0421875 0.083984375
8 0.696875 0.2392578125 0.028125 0.041015625
8 0.52734375 0.390625 0.0109375 0.015625
0 0.840625 0.466796875 0.05 0.203125
0 0.2640625 0.4677734375 0.028125 0.076171875
0 0.27265625 0.466796875 0.0171875 0.07421875
0 0.17578125 0.5 0.0546875 0.17578125
0 0.11015625 0.505859375 0.0734375 0.1796875
0 0.03828125 0.501953125 0.0703125 0.17578125
0 0.03046875 0.5029296875 0.0609375 0.166015625
1 0.4359375 0.4609375 0.221875 0.11328125
1 0.2390625 0.4697265625 0.04375 0.052734375
7 0.5515625 0.466796875 0.009375 0.0390625
