6 0.29765625 0.3955078125 0.0140625 0.037109375
6 0.703125 0.392578125 0.009375 0.03125
0 0.0515625 0.521484375 0.034375 0.10546875
0 0.078125 0.521484375 0.034375 0.1015625
0 0.35859375 0.470703125 0.0140625 0.0234375
0 0.7796875 0.4599609375 0.0125 0.033203125
1 0.47265625 0.4775390625 0.0359375 0.033203125
1 0.54453125 0.451171875 0.0140625 0.015625
1 0.565625 0.4560546875 0.015625 0.017578125
1 0.5765625 0.443359375 0.009375 0.01171875
1 0.56875 0.4384765625 0.009375 0.013671875
1 0.5921875 0.4365234375 0.009375 0.009765625
1 0.60390625 0.43359375 0.0078125 0.0078125
7 0.36328125 0.5068359375 0.0109375 0.033203125
