0 0.409375 0.4677734375 0.015625 0.052734375
0 0.50234375 0.44140625 0.0046875 0.01953125
0 0.52578125 0.4453125 0.0078125 0.01953125
0 0.46640625 0.4404296875 0.0046875 0.017578125
2 0.4328125 0.46875 0.0125 0.03125
2 0.51875 0.4560546875 0.009375 0.017578125
1 0.0515625 0.626953125 0.103125 0.19921875
1 0.1421875 0.556640625 0.19375 0.1796875
1 0.27734375 0.515625 0.0859375 0.08203125
1 0.31953125 0.4931640625 0.0734375 0.083984375
1 0.365625 0.478515625 0.053125 0.05859375
1 0.40390625 0.4619140625 0.0484375 0.048828125
1 0.43671875 0.44921875 0.0171875 0.0234375
1 0.44609375 0.4453125 0.0140625 0.015625
1 0.45703125 0.443359375 0.0109375 0.015625
1 0.87734375 0.73046875 0.2453125 0.33984375
1 0.89140625 0.5087890625 0.1359375 0.111328125
1 0.8171875 0.5 0.134375 0.08984375
1 0.6171875 0.5009765625 0.075 0.068359375
1 0.71171875 0.4853515625 0.0640625 0.072265625
1 0.79765625 0.4814453125 0.1328125 0.076171875
1 0.6734375 0.4619140625 0.046875 0.048828125
1 0.60625 0.4521484375 0.05 0.029296875
1 0.5859375 0.4453125 0.025 0.01953125
1 0.7546875 0.443359375 0.059375 0.0234375
1 0.81796875 0.4404296875 0.0703125 0.021484375
1 0.49375 0.435546875 0.00625 0.0078125
1 0.48515625 0.4365234375 0.0046875 0.005859375
1 0.51328125 0.44140625 0.0140625 0.01953125
1 0.47109375 0.435546875 0.0046875 0.0078125
