0 0.46640625 0.447265625 0.0078125 0.03515625
0 0.453125 0.447265625 0.009375 0.03125
0 0.44375 0.4423828125 0.00625 0.021484375
2 0.55546875 0.53515625 0.0453125 0.1015625
2 0.38125 0.4912109375 0.021875 0.044921875
1 0.07421875 0.6005859375 0.1484375 0.193359375
1 0.1671875 0.5498046875 0.125 0.123046875
1 0.240625 0.5224609375 0.090625 0.095703125
1 0.31875 0.4892578125 0.06875 0.080078125
1 0.3484375 0.4736328125 0.05625 0.068359375
1 0.38125 0.4609375 0.040625 0.0546875
1 0.4125 0.4609375 0.028125 0.04296875
1 0.42890625 0.455078125 0.0234375 0.03125
1 0.440625 0.453125 0.015625 0.02734375
1 0.4859375 0.4365234375 0.0125 0.013671875
1 0.47578125 0.4384765625 0.0109375 0.013671875
1 0.96171875 0.564453125 0.0765625 0.14453125
1 0.928125 0.494140625 0.14375 0.109375
1 0.8453125 0.4970703125 0.1 0.091796875
1 0.77734375 0.494140625 0.0859375 0.0859375
1 0.80078125 0.4482421875 0.1078125 0.037109375
1 0.7078125 0.4658203125 0.075 0.060546875
1 0.628125 0.4990234375 0.1 0.099609375
1 0.58203125 0.46875 0.0265625 0.0390625
1 0.525 0.462890625 0.040625 0.04296875
1 0.52890625 0.4375 0.0328125 0.015625
1 0.5609375 0.4541015625 0.03125 0.025390625
1 0.590625 0.4404296875 0.03125 0.021484375
