6 0.15859375 0.39453125 0.0140625 0.0390625
6 0.646875 0.4072265625 0.0125 0.037109375
8 0.6453125 0.451171875 0.021875 0.03515625
8 0.16484375 0.4423828125 0.0203125 0.033203125
0 0.059375 0.498046875 0.028125 0.08203125
0 0.01640625 0.4814453125 0.0265625 0.064453125
0 0.03359375 0.51171875 0.0296875 0.1015625
0 0.07890625 0.50390625 0.0203125 0.07421875
0 0.0046875 0.4833984375 0.009375 0.064453125
0 0.25859375 0.4921875 0.0109375 0.0390625
0 0.14921875 0.4951171875 0.0140625 0.060546875
0 0.878125 0.521484375 0.03125 0.09375
0 0.81640625 0.5234375 0.0265625 0.09765625
0 0.721875 0.515625 0.025 0.078125
0 0.75703125 0.5185546875 0.0203125 0.076171875
0 0.696875 0.5185546875 0.025 0.080078125
0 0.6546875 0.4990234375 0.0125 0.041015625
2 0.58203125 0.541015625 0.0203125 0.046875
1 0.48828125 0.5341796875 0.1234375 0.119140625
1 0.37890625 0.5009765625 0.0390625 0.041015625
1 0.40625 0.5 0.021875 0.03515625
1 0.42109375 0.4990234375 0.0140625 0.033203125
1 0.43125 0.494140625 0.01875 0.02734375
8 0.87109375 0.3740234375 0.0359375 0.041015625
