0 0.73984375 0.453125 0.0171875 0.046875
0 0.8140625 0.4462890625 0.0125 0.033203125
2 0.9296875 0.53125 0.140625 0.25
2 0.66640625 0.5283203125 0.0640625 0.130859375
2 0.6921875 0.525390625 0.06875 0.1328125
2 0.72421875 0.5234375 0.0828125 0.1328125
2 0.7640625 0.5234375 0.075 0.13671875
2 0.61796875 0.51171875 0.0265625 0.09765625
2 0.6 0.4912109375 0.034375 0.080078125
2 0.34453125 0.5078125 0.0328125 0.07421875
2 0.4328125 0.5576171875 0.075 0.185546875
2 0.54140625 0.5654296875 0.0859375 0.197265625
1 0.24375 0.4873046875 0.1 0.091796875
