4 0.03203125 0.4765625 0.0640625 0.17578125
8 0.94296875 0.384765625 0.0234375 0.02734375
8 0.94296875 0.41015625 0.0234375 0.0234375
8 0.78828125 0.416015625 0.0140625 0.015625
8 0.775 0.4169921875 0.0125 0.013671875
8 0.5359375 0.2705078125 0.05 0.068359375
8 0.53515625 0.2275390625 0.0359375 0.021484375
8 0.53515625 0.3212890625 0.0515625 0.037109375
8 0.2953125 0.4287109375 0.0125 0.017578125
8 0.29609375 0.4404296875 0.0140625 0.005859375
8 0.296875 0.45703125 0.0125 0.015625
8 0.29609375 0.4716796875 0.0140625 0.013671875
0 0.3328125 0.4658203125 0.009375 0.017578125
1 0.190625 0.61328125 0.284375 0.24609375
1 0.3765625 0.5634765625 0.234375 0.181640625
1 0.52578125 0.5380859375 0.2234375 0.177734375
1 0.69453125 0.5205078125 0.1859375 0.126953125
1 0.78828125 0.5126953125 0.0703125 0.095703125
1 0.8 0.50390625 0.121875 0.1015625
1 0.87265625 0.501953125 0.0796875 0.0859375
