0 0.52890625 0.4599609375 0.0078125 0.025390625
0 0.51953125 0.458984375 0.0078125 0.02734375
0 0.47109375 0.4560546875 0.0078125 0.025390625
0 0.94375 0.4365234375 0.01875 0.025390625
2 0.21953125 0.4892578125 0.0484375 0.044921875
1 0.92421875 0.6953125 0.1515625 0.3125
1 0.734375 0.548828125 0.171875 0.15625
1 0.6546875 0.5166015625 0.075 0.099609375
1 0.6109375 0.484375 0.065625 0.078125
1 0.5796875 0.4736328125 0.034375 0.048828125
1 0.58046875 0.4833984375 0.0296875 0.060546875
1 0.55546875 0.4619140625 0.0328125 0.029296875
1 0.5421875 0.458984375 0.01875 0.02734375
1 0.490625 0.4501953125 0.009375 0.013671875
1 0.48515625 0.453125 0.0078125 0.01171875
1 0.47890625 0.455078125 0.0078125 0.015625
1 0.37265625 0.4755859375 0.0609375 0.052734375
1 0.4015625 0.47265625 0.021875 0.04296875
1 0.43125 0.4619140625 0.028125 0.033203125
1 0.4484375 0.4609375 0.015625 0.02734375
1 0.46015625 0.458984375 0.0140625 0.0234375
1 0.33046875 0.4677734375 0.0484375 0.041015625
1 0.24296875 0.4755859375 0.1171875 0.060546875
1 0.07421875 0.4638671875 0.0859375 0.056640625
1 0.15703125 0.44921875 0.0515625 0.02734375
1 0.76953125 0.498046875 0.1078125 0.0703125
8 0.61171875 0.427734375 0.0171875 0.01953125
