4 0.45234375 0.3515625 0.0203125 0.02734375
6 0.69140625 0.2099609375 0.0328125 0.044921875
6 0.096875 0.265625 0.028125 0.03125
6 0.1140625 0.267578125 0.0125 0.03125
6 0.675 0.212890625 0.009375 0.0390625
8 0.690625 0.2734375 0.04375 0.0703125
8 0.10390625 0.3095703125 0.0328125 0.048828125
8 0.58828125 0.3232421875 0.0109375 0.017578125
8 0.5265625 0.3349609375 0.009375 0.021484375
0 0.059375 0.4189453125 0.01875 0.072265625
0 0.0953125 0.4140625 0.01875 0.07421875
0 0.1984375 0.4267578125 0.03125 0.091796875
0 0.84921875 0.46875 0.0609375 0.1875
0 0.90390625 0.43359375 0.0359375 0.140625
0 0.9359375 0.4296875 0.034375 0.1484375
0 0.97109375 0.431640625 0.0421875 0.1328125
0 0.94375 0.34765625 0.0125 0.03515625
0 0.9140625 0.421875 0.028125 0.1328125
0 0.8796875 0.4267578125 0.021875 0.123046875
0 0.86953125 0.3955078125 0.0265625 0.064453125
0 0.965625 0.345703125 0.0125 0.0390625
0 0.97578125 0.35546875 0.0109375 0.0390625
0 0.98359375 0.3505859375 0.0109375 0.037109375
0 0.99296875 0.34765625 0.0109375 0.02734375
0 0.88046875 0.3740234375 0.0234375 0.044921875
0 0.86328125 0.3642578125 0.0140625 0.033203125
0 0.73515625 0.4453125 0.0328125 0.1015625
0 0.8234375 0.412109375 0.04375 0.12109375
0 0.84140625 0.37890625 0.0140625 0.05078125
0 0.84609375 0.3515625 0.0078125 0.02734375
0 0.8078125 0.353515625 0.009375 0.03125
0 0.79921875 0.3505859375 0.0078125 0.025390625
0 0.79453125 0.3515625 0.0078125 0.02734375
0 0.83203125 0.3447265625 0.0078125 0.021484375
0 0.82265625 0.3447265625 0.0109375 0.021484375
0 0.7828125 0.4140625 0.028125 0.09375
0 0.759375 0.4091796875 0.03125 0.095703125
0 0.72734375 0.416015625 0.0265625 0.09375
0 0.72421875 0.3818359375 0.0296875 0.048828125
0 0.68359375 0.40625 0.0203125 0.08203125
0 0.7140625 0.380859375 0.0125 0.05078125
0 0.6609375 0.3720703125 0.015625 0.044921875
0 0.67109375 0.369140625 0.0109375 0.0390625
0 0.64140625 0.3701171875 0.0109375 0.037109375
0 0.64765625 0.3701171875 0.0109375 0.037109375
0 0.625 0.3837890625 0.01875 0.048828125
0 0.5625 0.37890625 0.015625 0.01953125
0 0.6125 0.3798828125 0.009375 0.041015625
0 0.596875 0.390625 0.015625 0.04296875
0 0.6046875 0.38671875 0.015625 0.046875
0 0.57578125 0.3759765625 0.0140625 0.029296875
0 0.58515625 0.384765625 0.0109375 0.04296875
0 0.6046875 0.3701171875 0.009375 0.033203125
0 0.61171875 0.3525390625 0.0046875 0.013671875
0 0.684375 0.35546875 0.009375 0.02734375
1 0.54765625 0.4287109375 0.0953125 0.091796875
1 0.52109375 0.3974609375 0.0609375 0.068359375
1 0.48984375 0.3896484375 0.0390625 0.044921875
1 0.475 0.37890625 0.028125 0.0390625
1 0.43828125 0.375 0.0546875 0.04296875
1 0.434375 0.4052734375 0.0625 0.056640625
1 0.2234375 0.423828125 0.075 0.08203125
1 0.29765625 0.4169921875 0.0984375 0.099609375
1 0.35625 0.3984375 0.05 0.06640625
1 0.38046875 0.390625 0.0265625 0.05078125
1 0.38828125 0.38671875 0.0234375 0.0390625
1 0.39609375 0.37890625 0.0203125 0.03125
1 0.4015625 0.3603515625 0.015625 0.017578125
1 0.42578125 0.3544921875 0.0140625 0.013671875
7 0.959375 0.5087890625 0.040625 0.111328125
