0 0.0734375 0.46484375 0.01875 0.046875
0 0.12890625 0.4580078125 0.0171875 0.025390625
0 0.17890625 0.47265625 0.0140625 0.0390625
0 0.18984375 0.47265625 0.0109375 0.0390625
0 0.19765625 0.474609375 0.0109375 0.03515625
0 0.6 0.4912109375 0.021875 0.056640625
1 0.95390625 0.8203125 0.0921875 0.359375
1 0.034375 0.6337890625 0.06875 0.162109375
1 0.1078125 0.587890625 0.18125 0.1640625
1 0.12578125 0.5048828125 0.1703125 0.076171875
1 0.03046875 0.4736328125 0.0609375 0.044921875
1 0.1953125 0.47265625 0.096875 0.04296875
1 0.3 0.458984375 0.078125 0.03515625
1 0.35703125 0.484375 0.1046875 0.046875
1 0.3625 0.4482421875 0.046875 0.025390625
1 0.48671875 0.4658203125 0.0328125 0.033203125
1 0.5078125 0.4638671875 0.021875 0.033203125
1 0.521875 0.4619140625 0.025 0.029296875
1 0.546875 0.458984375 0.028125 0.02734375
1 0.5625 0.4580078125 0.015625 0.025390625
1 0.57109375 0.45703125 0.0171875 0.02734375
1 0.5828125 0.4560546875 0.01875 0.021484375
1 0.78046875 0.5859375 0.2140625 0.234375
1 0.696875 0.5419921875 0.128125 0.162109375
1 0.6328125 0.46484375 0.0375 0.02734375
1 0.653125 0.4580078125 0.021875 0.017578125
1 0.684375 0.455078125 0.025 0.015625
1 0.453125 0.451171875 0.040625 0.01953125
8 0.3984375 0.408203125 0.015625 0.01953125
8 0.703125 0.3857421875 0.034375 0.041015625
2 0.58671875 0.5 0.0203125 0.03125
