6 0.28984375 0.291015625 0.0078125 0.03125
6 0.39921875 0.294921875 0.0078125 0.03125
6 0.653125 0.341796875 0.015625 0.04296875
6 0.6375 0.4111328125 0.00625 0.013671875
6 0.63203125 0.3740234375 0.0109375 0.033203125
6 0.6890625 0.4833984375 0.00625 0.021484375
6 0.428125 0.408203125 0.003125 0.01171875
6 0.39765625 0.4052734375 0.0046875 0.009765625
6 0.59765625 0.380859375 0.0078125 0.03515625
6 0.7375 0.38671875 0.021875 0.0234375
6 0.009375 0.173828125 0.01875 0.0625
8 0.26484375 0.455078125 0.0140625 0.01953125
8 0.5 0.341796875 0.053125 0.01171875
8 0.66875 0.39453125 0.015625 0.01953125
8 0.60078125 0.416015625 0.0078125 0.01171875
8 0.5171875 0.4267578125 0.009375 0.009765625
8 0.0484375 0.4580078125 0.021875 0.037109375
8 0.45390625 0.419921875 0.0140625 0.00390625
1 0.44453125 0.4560546875 0.0171875 0.017578125
1 0.3984375 0.4541015625 0.021875 0.017578125
1 0.3796875 0.4541015625 0.015625 0.013671875
