8 0.584375 0.3212890625 0.00625 0.017578125
8 0.2125 0.3203125 0.0125 0.0234375
8 0.29609375 0.322265625 0.0203125 0.0078125
0 0.5234375 0.3525390625 0.009375 0.033203125
0 0.38125 0.3701171875 0.021875 0.048828125
1 0.628125 0.451171875 0.134375 0.13671875
1 0.48125 0.3515625 0.028125 0.03125
1 0.47109375 0.396484375 0.0640625 0.06640625
1 0.28515625 0.4013671875 0.0859375 0.080078125
1 0.18125 0.44921875 0.134375 0.13671875
1 0.46875 0.341796875 0.025 0.0234375
1 0.44140625 0.33984375 0.0203125 0.01953125
7 0.54609375 0.3818359375 0.0078125 0.017578125
