4 0.09765625 0.466796875 0.1953125 0.16796875
0 0.671875 0.466796875 0.0125 0.05078125
0 0.68984375 0.46875 0.0109375 0.046875
0 0.70390625 0.4677734375 0.0078125 0.048828125
0 0.5890625 0.435546875 0.00625 0.01953125
0 0.31484375 0.4755859375 0.0140625 0.060546875
0 0.33125 0.470703125 0.01875 0.0625
0 0.52890625 0.435546875 0.0046875 0.015625
2 0.05390625 0.5869140625 0.0734375 0.111328125
2 0.01953125 0.587890625 0.0390625 0.11328125
1 0.56015625 0.4375 0.0234375 0.0234375
1 0.96796875 0.4951171875 0.0640625 0.091796875
1 0.35625 0.4560546875 0.0625 0.048828125
1 0.4109375 0.44921875 0.025 0.02734375
7 0.375 0.484375 0.009375 0.03125
2 0.3375 0.4892578125 0.021875 0.029296875
