0 0.4234375 0.435546875 0.009375 0.01171875
0 0.66484375 0.439453125 0.0109375 0.0234375
0 0.65546875 0.4365234375 0.0109375 0.029296875
2 0.31953125 0.53515625 0.0328125 0.0703125
1 0.93359375 0.7216796875 0.1328125 0.357421875
1 0.70234375 0.5244140625 0.1359375 0.146484375
1 0.64296875 0.50390625 0.0921875 0.10546875
1 0.59921875 0.4853515625 0.0484375 0.064453125
1 0.59375 0.47265625 0.059375 0.05859375
1 0.571875 0.4658203125 0.040625 0.048828125
1 0.559375 0.451171875 0.0375 0.0390625
1 0.540625 0.4482421875 0.015625 0.029296875
1 0.53203125 0.4462890625 0.0171875 0.025390625
1 0.52421875 0.4404296875 0.0140625 0.017578125
1 0.5 0.4423828125 0.021875 0.025390625
1 0.046875 0.5107421875 0.09375 0.119140625
1 0.17265625 0.482421875 0.0796875 0.0703125
1 0.22890625 0.4599609375 0.0921875 0.060546875
1 0.29921875 0.4716796875 0.0546875 0.052734375
1 0.31484375 0.4609375 0.0859375 0.05078125
1 0.38515625 0.47265625 0.0453125 0.046875
1 0.425 0.4580078125 0.03125 0.033203125
1 0.44140625 0.453125 0.0140625 0.02734375
1 0.46171875 0.44140625 0.0171875 0.0234375
1 0.4734375 0.4384765625 0.0125 0.017578125
1 0.48203125 0.4345703125 0.0109375 0.013671875
1 0.625 0.4345703125 0.03125 0.013671875
