8 0.2796875 0.396484375 0.021875 0.03125
8 0.2828125 0.423828125 0.0125 0.015625
8 0.3859375 0.400390625 0.00625 0.01171875
8 0.68671875 0.376953125 0.0109375 0.0234375
0 0.54921875 0.4091796875 0.0140625 0.029296875
1 0.17734375 0.5185546875 0.2171875 0.185546875
1 0.34296875 0.505859375 0.0921875 0.078125
1 0.396875 0.470703125 0.05 0.0546875
1 0.4265625 0.4423828125 0.046875 0.044921875
1 0.4765625 0.39453125 0.01875 0.01953125
1 0.48203125 0.3828125 0.0171875 0.01953125
1 0.49375 0.3740234375 0.0125 0.013671875
1 0.5125 0.3662109375 0.009375 0.009765625
1 0.88359375 0.6259765625 0.2328125 0.470703125
1 0.71875 0.49609375 0.153125 0.16015625
1 0.63203125 0.494140625 0.0609375 0.078125
1 0.59765625 0.4609375 0.0546875 0.05859375
1 0.521875 0.4814453125 0.065625 0.068359375
1 0.5546875 0.38671875 0.01875 0.01953125
1 0.54375 0.3759765625 0.009375 0.009765625
