0 0.74609375 0.4853515625 0.0171875 0.056640625
1 0.03125 0.5478515625 0.0625 0.146484375
1 0.12109375 0.541015625 0.0828125 0.09765625
1 0.13359375 0.513671875 0.1765625 0.12890625
1 0.309375 0.537109375 0.121875 0.140625
1 0.58125 0.5068359375 0.1 0.076171875
1 0.61640625 0.4873046875 0.0546875 0.041015625
1 0.6703125 0.5400390625 0.121875 0.107421875
1 0.71328125 0.4814453125 0.0515625 0.056640625
1 0.7890625 0.501953125 0.065625 0.05859375
1 0.7609375 0.47265625 0.021875 0.02734375
1 0.78359375 0.4638671875 0.0265625 0.017578125
1 0.821875 0.466796875 0.028125 0.01953125
1 0.840625 0.4658203125 0.021875 0.021484375
1 0.97265625 0.455078125 0.0171875 0.0234375
1 0.99375 0.474609375 0.0125 0.03125
1 0.98203125 0.4677734375 0.0171875 0.025390625
1 0.90625 0.44921875 0.01875 0.0234375
