6 0.46875 0.4892578125 0.00625 0.017578125
0 0.11328125 0.5419921875 0.0140625 0.017578125
0 0.16796875 0.541015625 0.0109375 0.01953125
0 0.61484375 0.5224609375 0.0140625 0.041015625
0 0.6390625 0.5283203125 0.0125 0.033203125
0 0.6546875 0.51953125 0.0125 0.03515625
0 0.67265625 0.5224609375 0.0078125 0.033203125
0 0.62421875 0.5107421875 0.0078125 0.025390625
0 0.6859375 0.5205078125 0.0125 0.033203125
0 0.60234375 0.5087890625 0.0078125 0.025390625
3 0.53359375 0.6162109375 0.0265625 0.048828125
1 0.14921875 0.6787109375 0.2984375 0.263671875
1 0.27734375 0.5966796875 0.0828125 0.080078125
1 0.3703125 0.556640625 0.059375 0.0546875
1 0.44140625 0.5439453125 0.0421875 0.041015625
1 0.51484375 0.5380859375 0.0328125 0.033203125
1 0.52890625 0.5673828125 0.0546875 0.064453125
1 0.55390625 0.515625 0.0203125 0.01953125
1 0.4140625 0.5302734375 0.025 0.033203125
1 0.471875 0.5234375 0.01875 0.01953125
1 0.4890625 0.5185546875 0.015625 0.013671875
