6 0.65234375 0.3125 0.0171875 0.0625
6 0.6484375 0.37890625 0.021875 0.0234375
6 0.2796875 0.419921875 0.00625 0.015625
6 0.27890625 0.4423828125 0.0078125 0.009765625
6 0.43671875 0.3916015625 0.0078125 0.021484375
6 0.4984375 0.419921875 0.00625 0.01953125
8 0.65234375 0.353515625 0.0453125 0.01953125
8 0.64296875 0.4248046875 0.0140625 0.029296875
8 0.98203125 0.298828125 0.0359375 0.04296875
0 0.90625 0.466796875 0.040625 0.14453125
0 0.88203125 0.4775390625 0.0328125 0.138671875
0 0.86796875 0.4951171875 0.0421875 0.193359375
0 0.825 0.4853515625 0.04375 0.142578125
0 0.77890625 0.4755859375 0.0328125 0.123046875
0 0.74453125 0.4765625 0.0265625 0.12109375
0 0.73046875 0.4912109375 0.0328125 0.126953125
0 0.69765625 0.4892578125 0.0453125 0.130859375
0 0.565625 0.458984375 0.009375 0.03125
0 0.56171875 0.4658203125 0.0109375 0.041015625
0 0.5546875 0.462890625 0.0125 0.046875
0 0.521875 0.4599609375 0.009375 0.037109375
0 0.4796875 0.4658203125 0.009375 0.021484375
0 0.50703125 0.453125 0.0078125 0.01953125
2 0.01640625 0.4853515625 0.0328125 0.048828125
2 0.02265625 0.486328125 0.0453125 0.046875
1 0.41796875 0.466796875 0.0234375 0.02734375
1 0.396875 0.4658203125 0.009375 0.013671875
1 0.403125 0.4658203125 0.00625 0.009765625
1 0.3875 0.4658203125 0.009375 0.021484375
1 0.378125 0.4658203125 0.01875 0.025390625
1 0.36015625 0.4697265625 0.0328125 0.029296875
1 0.2875 0.4765625 0.028125 0.05859375
1 0.25703125 0.4775390625 0.0609375 0.072265625
1 0.18984375 0.4814453125 0.0984375 0.087890625
6 0.94921875 0.3525390625 0.0234375 0.041015625
