8 0.48359375 0.44140625 0.0046875 0.0078125
8 0.56640625 0.4169921875 0.0078125 0.013671875
8 0.58984375 0.390625 0.0296875 0.0078125
8 0.675 0.310546875 0.046875 0.0546875
8 0.67421875 0.353515625 0.0453125 0.02734375
8 0.278125 0.4130859375 0.0125 0.029296875
8 0.38125 0.439453125 0.009375 0.01171875
0 0.846875 0.4541015625 0.03125 0.107421875
1 0.94453125 0.4599609375 0.1109375 0.064453125
1 0.7046875 0.458984375 0.065625 0.0625
1 0.6140625 0.4677734375 0.146875 0.068359375
1 0.28828125 0.470703125 0.0640625 0.0703125
1 0.34296875 0.466796875 0.0296875 0.02734375
1 0.4625 0.462890625 0.0375 0.03515625
1 0.37890625 0.46484375 0.0203125 0.0234375
1 0.4140625 0.458984375 0.01875 0.01953125
1 0.43984375 0.458984375 0.0078125 0.01171875
