6 0.415625 0.443359375 0.01875 0.05078125
8 0.9 0.4248046875 0.065625 0.099609375
8 0.64375 0.4619140625 0.025 0.009765625
8 0.6421875 0.47265625 0.021875 0.0078125
8 0.640625 0.4814453125 0.021875 0.005859375
8 0.640625 0.4892578125 0.01875 0.005859375
8 0.80546875 0.4150390625 0.0171875 0.025390625
8 0.11015625 0.4921875 0.0265625 0.03125
8 0.41640625 0.4833984375 0.0328125 0.021484375
0 0.7671875 0.54296875 0.021875 0.0703125
0 0.82109375 0.5263671875 0.0109375 0.037109375
1 0.859375 0.5458984375 0.03125 0.044921875
1 0.90703125 0.546875 0.0796875 0.06640625
1 0.62578125 0.533203125 0.0328125 0.03515625
1 0.5984375 0.5263671875 0.021875 0.021484375
1 0.36328125 0.57421875 0.0890625 0.08984375
1 0.33671875 0.5419921875 0.0390625 0.037109375
1 0.30078125 0.564453125 0.0546875 0.0703125
1 0.23203125 0.607421875 0.1609375 0.140625
1 0.10234375 0.6044921875 0.1453125 0.107421875
1 0.51796875 0.515625 0.0203125 0.01171875
1 0.47109375 0.5166015625 0.0203125 0.017578125
