6 0.284375 0.3984375 0.0125 0.0390625
6 0.6125 0.4287109375 0.009375 0.025390625
0 0.8671875 0.5478515625 0.071875 0.103515625
0 0.71953125 0.4892578125 0.0171875 0.037109375
0 0.56953125 0.4912109375 0.0078125 0.021484375
0 0.5796875 0.4912109375 0.009375 0.021484375
0 0.00625 0.4970703125 0.0125 0.052734375
0 0.32578125 0.4892578125 0.0109375 0.029296875
0 0.3375 0.486328125 0.009375 0.01953125
0 0.35546875 0.4892578125 0.0109375 0.021484375
0 0.44765625 0.48046875 0.0078125 0.015625
0 0.20078125 0.4775390625 0.0171875 0.037109375
2 0.596875 0.5341796875 0.021875 0.052734375
2 0.0875 0.5380859375 0.034375 0.072265625
1 0.54453125 0.4873046875 0.0140625 0.013671875
1 0.52265625 0.486328125 0.0109375 0.0078125
1 0.47734375 0.541015625 0.1140625 0.109375
1 0.4640625 0.482421875 0.0125 0.01171875
