4 0.88984375 0.3740234375 0.2203125 0.052734375
4 0.66953125 0.4287109375 0.1578125 0.095703125
4 0.51953125 0.44921875 0.0671875 0.0859375
4 0.4234375 0.4541015625 0.075 0.041015625
0 0.084375 0.4716796875 0.015625 0.029296875
0 0.10546875 0.4931640625 0.0109375 0.041015625
0 0.11484375 0.4921875 0.0140625 0.05078125
0 0.128125 0.4892578125 0.0125 0.029296875
0 0.17109375 0.48828125 0.0140625 0.05078125
0 0.3578125 0.466796875 0.00625 0.01953125
0 0.36171875 0.46484375 0.0046875 0.01953125
0 0.37265625 0.4638671875 0.0046875 0.021484375
0 0.37578125 0.4638671875 0.0046875 0.021484375
0 0.3796875 0.46484375 0.00625 0.0234375
0 0.384375 0.4638671875 0.00625 0.021484375
0 0.55078125 0.4609375 0.0109375 0.04296875
0 0.559375 0.4560546875 0.009375 0.037109375
0 0.57109375 0.453125 0.0046875 0.03515625
0 0.578125 0.458984375 0.009375 0.046875
0 0.5875 0.45703125 0.0125 0.046875
0 0.62265625 0.4658203125 0.0234375 0.107421875
0 0.6453125 0.46875 0.021875 0.09375
0 0.76640625 0.4755859375 0.0390625 0.173828125
2 0.46171875 0.4736328125 0.0078125 0.021484375
1 0.4484375 0.462890625 0.01875 0.0234375
1 0.478125 0.4658203125 0.01875 0.017578125
1 0.775 0.439453125 0.121875 0.078125
1 0.85 0.4462890625 0.14375 0.103515625
1 0.91640625 0.4482421875 0.1671875 0.134765625
1 0.95234375 0.486328125 0.0953125 0.109375
7 0.340625 0.4775390625 0.00625 0.017578125
11 0.425 0.513671875 0.009375 0.00390625
11 0.46796875 0.484375 0.0078125 0.00390625
