4 0.84609375 0.3974609375 0.3078125 0.095703125
4 0.51953125 0.447265625 0.0671875 0.08203125
4 0.43359375 0.4482421875 0.0984375 0.033203125
0 0.63125 0.451171875 0.0125 0.04296875
0 0.61953125 0.4521484375 0.0078125 0.041015625
0 0.61171875 0.453125 0.0109375 0.04296875
0 0.6015625 0.453125 0.0125 0.04296875
0 0.58984375 0.4560546875 0.0109375 0.048828125
0 0.58046875 0.45703125 0.0109375 0.046875
0 0.5703125 0.4599609375 0.009375 0.041015625
0 0.55859375 0.453125 0.0078125 0.03125
0 0.5484375 0.458984375 0.009375 0.03125
0 0.41875 0.462890625 0.00625 0.0234375
0 0.4140625 0.462890625 0.00625 0.0234375
0 0.409375 0.4638671875 0.00625 0.021484375
0 0.375 0.46484375 0.009375 0.0234375
0 0.3640625 0.46484375 0.00625 0.0234375
0 0.36015625 0.466796875 0.0046875 0.01953125
0 0.3546875 0.4658203125 0.00625 0.021484375
0 0.16875 0.486328125 0.0125 0.046875
0 0.11171875 0.494140625 0.0171875 0.0546875
0 0.12890625 0.4892578125 0.0140625 0.029296875
1 0.953125 0.4873046875 0.09375 0.111328125
1 0.91171875 0.4482421875 0.1765625 0.134765625
1 0.85 0.447265625 0.140625 0.1015625
1 0.77578125 0.443359375 0.1234375 0.0859375
