8 0.1796875 0.361328125 0.0375 0.01171875
8 0.82109375 0.2822265625 0.0265625 0.021484375
8 0.3203125 0.4208984375 0.00625 0.009765625
0 0.60546875 0.45703125 0.0140625 0.06640625
0 0.63515625 0.4580078125 0.0234375 0.072265625
0 0.86796875 0.505859375 0.0546875 0.0546875
1 0.3875 0.4453125 0.021875 0.0234375
1 0.34453125 0.455078125 0.0546875 0.0625
1 0.25390625 0.4736328125 0.0515625 0.083984375
1 0.18828125 0.4697265625 0.0984375 0.123046875
1 0.08515625 0.4853515625 0.1703125 0.169921875
1 0.45390625 0.4755859375 0.1296875 0.150390625
