8 0.41328125 0.43359375 0.0109375 0.00390625
8 0.09140625 0.38671875 0.0390625 0.05078125
8 0.090625 0.4208984375 0.025 0.013671875
0 0.52421875 0.4599609375 0.0046875 0.013671875
0 0.47890625 0.466796875 0.0109375 0.03125
0 0.465625 0.4609375 0.00625 0.01953125
0 0.434375 0.462890625 0.00625 0.0234375
0 0.42734375 0.4619140625 0.0078125 0.021484375
0 0.36640625 0.4677734375 0.0078125 0.037109375
0 0.37734375 0.4697265625 0.0078125 0.033203125
0 0.38359375 0.470703125 0.0078125 0.03515625
0 0.4390625 0.4638671875 0.00625 0.021484375
0 0.45 0.4580078125 0.00625 0.013671875
0 0.48828125 0.458984375 0.0046875 0.01171875
1 0.76171875 0.5615234375 0.1390625 0.119140625
1 0.703125 0.537109375 0.08125 0.0859375
1 0.66796875 0.51171875 0.0796875 0.0859375
1 0.71953125 0.478515625 0.0265625 0.01953125
1 0.74765625 0.4736328125 0.0265625 0.025390625
1 0.6203125 0.4970703125 0.0375 0.052734375
1 0.609375 0.4931640625 0.034375 0.044921875
1 0.59921875 0.4892578125 0.0234375 0.037109375
1 0.596875 0.4814453125 0.040625 0.044921875
1 0.56484375 0.470703125 0.0234375 0.0234375
1 0.55625 0.4677734375 0.015625 0.021484375
1 0.546875 0.466796875 0.009375 0.015625
1 0.53828125 0.4638671875 0.0078125 0.009765625
1 0.53359375 0.4609375 0.0109375 0.01171875
1 0.5109375 0.466796875 0.021875 0.0234375
1 0.49609375 0.458984375 0.0109375 0.01171875
7 0.04921875 0.564453125 0.0265625 0.0625
