6 0.475 0.30078125 0.040625 0.1015625
6 0.46875 0.48046875 0.034375 0.03515625
6 0.5453125 0.5244140625 0.015625 0.017578125
6 0.4640625 0.5390625 0.01875 0.0546875
6 0.246875 0.5029296875 0.009375 0.029296875
8 0.246875 0.5263671875 0.015625 0.017578125
8 0.44140625 0.416015625 0.0515625 0.078125
8 0.47578125 0.4189453125 0.0265625 0.083984375
0 0.6328125 0.5986328125 0.0375 0.080078125
0 0.13359375 0.5732421875 0.0109375 0.037109375
0 0.2984375 0.572265625 0.009375 0.03125
0 0.23515625 0.5703125 0.0109375 0.03125
0 0.50625 0.58203125 0.03125 0.0625
0 0.50234375 0.623046875 0.0328125 0.109375
1 0.78125 0.78515625 0.4375 0.41015625
1 0.825 0.5625 0.05625 0.0390625
1 0.421875 0.58203125 0.084375 0.0625
1 0.584375 0.6025390625 0.084375 0.080078125
1 0.509375 0.599609375 0.078125 0.06640625
