0 0.51484375 0.4560546875 0.0078125 0.029296875
0 0.74140625 0.462890625 0.0171875 0.01953125
1 0.11328125 0.5498046875 0.2265625 0.193359375
1 0.271875 0.4951171875 0.134375 0.130859375
1 0.3546875 0.4951171875 0.053125 0.087890625
1 0.371875 0.4794921875 0.075 0.091796875
1 0.46484375 0.4638671875 0.0390625 0.037109375
1 0.53828125 0.4541015625 0.0171875 0.021484375
1 0.66875 0.4912109375 0.0625 0.072265625
1 0.7046875 0.5166015625 0.075 0.099609375
1 0.77890625 0.5380859375 0.1421875 0.138671875
1 0.9015625 0.513671875 0.1125 0.07421875
1 0.95703125 0.685546875 0.0859375 0.2109375
