4 0.4328125 0.453125 0.1 0.04296875
4 0.51875 0.4462890625 0.0625 0.083984375
4 0.85703125 0.421875 0.2859375 0.140625
0 0.9890625 0.50390625 0.021875 0.296875
0 0.9015625 0.5009765625 0.078125 0.310546875
0 0.55234375 0.4609375 0.0140625 0.04296875
0 0.57734375 0.4580078125 0.0140625 0.041015625
0 0.60703125 0.46484375 0.0140625 0.0546875
0 0.62421875 0.46484375 0.0234375 0.0703125
0 0.646875 0.4677734375 0.021875 0.064453125
0 0.66875 0.4375 0.0125 0.03515625
0 0.65546875 0.44140625 0.0140625 0.02734375
0 0.6 0.4521484375 0.0125 0.044921875
0 0.58671875 0.455078125 0.0140625 0.04296875
0 0.12890625 0.490234375 0.0140625 0.02734375
0 0.11640625 0.494140625 0.0140625 0.0546875
0 0.1703125 0.486328125 0.0125 0.046875
0 0.37734375 0.4638671875 0.0078125 0.025390625
0 0.3828125 0.4638671875 0.00625 0.021484375
0 0.3640625 0.46484375 0.00625 0.0234375
0 0.36875 0.46484375 0.00625 0.0234375
0 0.34296875 0.458984375 0.0078125 0.01171875
1 0.96015625 0.4599609375 0.0796875 0.158203125
1 0.85859375 0.44140625 0.1546875 0.109375
1 0.45390625 0.4619140625 0.0265625 0.021484375
1 0.4765625 0.4619140625 0.021875 0.021484375
7 0.340625 0.4765625 0.00625 0.01953125
