8 0.21796875 0.3857421875 0.0484375 0.029296875
8 0.21953125 0.41796875 0.0453125 0.03125
8 0.41328125 0.4765625 0.0171875 0.01953125
8 0.46875 0.494140625 0.009375 0.01171875
8 0.509375 0.494140625 0.00625 0.0078125
8 0.8140625 0.3427734375 0.075 0.025390625
8 0.815625 0.3681640625 0.075 0.025390625
8 0.8171875 0.388671875 0.075 0.0234375
8 0.81953125 0.4111328125 0.0671875 0.021484375
8 0.66953125 0.427734375 0.0203125 0.0234375
8 0.66953125 0.451171875 0.0171875 0.01953125
8 0.67109375 0.46875 0.0171875 0.015625
1 0.0875 0.5703125 0.1125 0.05859375
1 0.16015625 0.568359375 0.0359375 0.046875
1 0.29296875 0.5517578125 0.0921875 0.041015625
1 0.534375 0.52734375 0.021875 0.0234375
