8 0.55546875 0.4189453125 0.0171875 0.021484375
8 0.55546875 0.40234375 0.0203125 0.01171875
8 0.3015625 0.421875 0.015625 0.0078125
8 0.30234375 0.4326171875 0.0109375 0.013671875
1 0.8453125 0.5732421875 0.309375 0.263671875
1 0.64921875 0.51171875 0.1546875 0.140625
1 0.57265625 0.4970703125 0.0890625 0.111328125
1 0.5328125 0.494140625 0.03125 0.06640625
1 0.52578125 0.4873046875 0.0484375 0.064453125
1 0.46953125 0.48046875 0.0296875 0.03515625
1 0.45390625 0.4794921875 0.0109375 0.029296875
1 0.45 0.46875 0.01875 0.01953125
1 0.44140625 0.4658203125 0.0109375 0.017578125
1 0.43359375 0.462890625 0.0109375 0.015625
1 0.4171875 0.4638671875 0.009375 0.005859375
1 0.403125 0.4619140625 0.0125 0.013671875
1 0.3703125 0.482421875 0.028125 0.03125
1 0.26796875 0.4892578125 0.0640625 0.052734375
1 0.2046875 0.5009765625 0.06875 0.076171875
1 0.140625 0.515625 0.128125 0.08984375
1 0.0265625 0.53515625 0.053125 0.1484375
