4 0.3875 0.42578125 0.059375 0.08203125
6 0.78984375 0.26953125 0.0234375 0.07421875
6 0.7921875 0.353515625 0.021875 0.02734375
8 0.78046875 0.328125 0.0515625 0.0234375
8 0.69296875 0.3671875 0.0140625 0.0234375
8 0.56875 0.3974609375 0.0125 0.013671875
8 0.56875 0.41015625 0.0125 0.01171875
0 0.6578125 0.4453125 0.0125 0.0390625
0 0.35859375 0.4716796875 0.0671875 0.150390625
1 0.61875 0.462890625 0.0875 0.08203125
1 0.57421875 0.451171875 0.0578125 0.0703125
1 0.54140625 0.4560546875 0.0171875 0.041015625
1 0.53359375 0.44921875 0.0296875 0.0390625
1 0.51484375 0.4462890625 0.0140625 0.029296875
1 0.50234375 0.4453125 0.0109375 0.0234375
1 0.490625 0.4462890625 0.0125 0.013671875
1 0.4703125 0.4453125 0.01875 0.01953125
1 0.446875 0.4423828125 0.0125 0.013671875
1 0.42890625 0.4443359375 0.0234375 0.013671875
1 0.34140625 0.4609375 0.0546875 0.0703125
1 0.28046875 0.470703125 0.1015625 0.0859375
