8 0.6765625 0.498046875 0.021875 0.03515625
8 0.6796875 0.4580078125 0.028125 0.041015625
8 0.95234375 0.513671875 0.0640625 0.03125
8 0.9546875 0.435546875 0.075 0.1015625
8 0.21796875 0.4873046875 0.0296875 0.017578125
0 0.8078125 0.5654296875 0.046875 0.060546875
0 0.67109375 0.6171875 0.0484375 0.15625
0 0.36640625 0.55078125 0.0171875 0.0546875
0 0.42421875 0.5361328125 0.0109375 0.025390625
3 0.04609375 0.80078125 0.0921875 0.26953125
3 0.06953125 0.7607421875 0.1390625 0.244140625
3 0.10078125 0.7265625 0.1515625 0.22265625
3 0.1328125 0.70703125 0.15625 0.203125
3 0.1703125 0.6689453125 0.196875 0.193359375
3 0.2375 0.63671875 0.15625 0.171875
3 0.37890625 0.5947265625 0.0265625 0.056640625
1 0.59765625 0.6103515625 0.0734375 0.119140625
1 0.65625 0.63671875 0.140625 0.16015625
1 0.75390625 0.6982421875 0.2171875 0.232421875
1 0.8671875 0.8125 0.265625 0.375
