4 0.1921875 0.5283203125 0.134375 0.123046875
4 0.46953125 0.515625 0.0171875 0.0234375
6 0.7046875 0.482421875 0.00625 0.02734375
6 0.69609375 0.5107421875 0.0046875 0.005859375
0 0.025 0.55078125 0.009375 0.02734375
0 0.09375 0.548828125 0.0125 0.04296875
0 0.0734375 0.5390625 0.00625 0.01171875
0 0.06171875 0.5380859375 0.0078125 0.009765625
0 0.08515625 0.5458984375 0.0109375 0.029296875
0 0.784375 0.5263671875 0.009375 0.021484375
0 0.77265625 0.53125 0.0109375 0.015625
0 0.6875 0.5458984375 0.0125 0.044921875
0 0.7140625 0.5439453125 0.0125 0.048828125
0 0.72421875 0.5439453125 0.0078125 0.037109375
0 0.38359375 0.537109375 0.0078125 0.03125
0 0.37265625 0.5380859375 0.0171875 0.029296875
3 0.540625 0.5673828125 0.028125 0.041015625
3 0.915625 0.6376953125 0.16875 0.166015625
1 0.05234375 0.5703125 0.0765625 0.0546875
1 0.203125 0.5732421875 0.096875 0.083984375
1 0.10859375 0.5625 0.0359375 0.0546875
1 0.296875 0.55859375 0.05625 0.05078125
1 0.33515625 0.5478515625 0.0390625 0.041015625
1 0.403125 0.5341796875 0.0125 0.013671875
1 0.4203125 0.5341796875 0.015625 0.013671875
1 0.4109375 0.52734375 0.0125 0.015625
1 0.43515625 0.5224609375 0.0171875 0.021484375
1 0.5265625 0.54296875 0.025 0.03125
1 0.47265625 0.599609375 0.1234375 0.1328125
1 0.57421875 0.55859375 0.0484375 0.0546875
1 0.64609375 0.5625 0.0609375 0.05859375
1 0.61796875 0.5595703125 0.0203125 0.052734375
1 0.60234375 0.544921875 0.0234375 0.03125
1 0.4515625 0.5302734375 0.01875 0.009765625
1 0.78125 0.599609375 0.153125 0.12890625
1 0.4953125 0.5380859375 0.040625 0.021484375
1 0.27109375 0.5439453125 0.0234375 0.025390625
