4 0.2796875 0.5302734375 0.0875 0.083984375
6 0.68125 0.4921875 0.009375 0.03125
0 0.14609375 0.54296875 0.0109375 0.0234375
0 0.665625 0.5400390625 0.009375 0.033203125
0 0.74375 0.5380859375 0.009375 0.044921875
0 0.95546875 0.5576171875 0.0140625 0.052734375
0 0.98046875 0.5537109375 0.0140625 0.056640625
0 0.9953125 0.5498046875 0.009375 0.056640625
0 0.39921875 0.5380859375 0.0078125 0.025390625
3 0.76953125 0.6025390625 0.1015625 0.091796875
3 0.5421875 0.572265625 0.025 0.05078125
1 0.02578125 0.5869140625 0.0515625 0.103515625
1 0.0703125 0.5732421875 0.053125 0.056640625
1 0.125 0.5654296875 0.0625 0.048828125
1 0.1796875 0.560546875 0.05625 0.046875
1 0.30390625 0.5615234375 0.0640625 0.056640625
1 0.353125 0.5537109375 0.034375 0.037109375
1 0.52734375 0.5458984375 0.0234375 0.033203125
1 0.50078125 0.55078125 0.0421875 0.046875
1 0.46484375 0.599609375 0.1203125 0.12890625
1 0.5671875 0.5595703125 0.04375 0.048828125
1 0.6234375 0.556640625 0.05625 0.05078125
1 0.7 0.578125 0.0875 0.08984375
1 0.9640625 0.7119140625 0.071875 0.216796875
