2 0.68203125 0.552734375 0.0484375 0.109375
1 0.03203125 0.509765625 0.0640625 0.1171875
1 0.10390625 0.5009765625 0.1203125 0.099609375
1 0.19296875 0.48828125 0.1015625 0.08203125
1 0.25546875 0.4833984375 0.0671875 0.076171875
1 0.29609375 0.4775390625 0.0453125 0.060546875
1 0.325 0.4716796875 0.05 0.060546875
1 0.35859375 0.47265625 0.0359375 0.04296875
1 0.4296875 0.4619140625 0.034375 0.033203125
1 0.45 0.462890625 0.0125 0.0234375
1 0.4609375 0.4619140625 0.0125 0.021484375
1 0.46953125 0.4619140625 0.0109375 0.021484375
1 0.48671875 0.45703125 0.0140625 0.01953125
1 0.5078125 0.4580078125 0.009375 0.009765625
1 0.515625 0.45703125 0.00625 0.0078125
6 0.4765625 0.41796875 0.003125 0.0078125
6 0.58671875 0.4130859375 0.0046875 0.013671875
6 0.540625 0.3857421875 0.00625 0.005859375
0 0.62734375 0.458984375 0.0078125 0.01171875
6 0.5390625 0.4072265625 0.00625 0.005859375
0 0.59609375 0.462890625 0.0078125 0.02734375
0 0.55546875 0.4599609375 0.0046875 0.013671875
