8 0.08828125 0.408203125 0.0078125 0.01953125
8 0.8234375 0.3818359375 0.021875 0.033203125
8 0.61875 0.37890625 0.025 0.04296875
0 0.66796875 0.4853515625 0.0171875 0.076171875
0 0.59609375 0.470703125 0.0078125 0.03125
0 0.65234375 0.48046875 0.0171875 0.07421875
0 0.5421875 0.45703125 0.00625 0.0234375
0 0.490625 0.455078125 0.00625 0.01953125
0 0.48125 0.4580078125 0.003125 0.013671875
0 0.3 0.4638671875 0.009375 0.048828125
0 0.290625 0.4619140625 0.0125 0.044921875
0 0.25859375 0.470703125 0.0109375 0.05078125
0 0.234375 0.470703125 0.0125 0.046875
0 0.31328125 0.4541015625 0.0078125 0.013671875
2 0.6328125 0.5478515625 0.04375 0.107421875
2 0.7578125 0.5185546875 0.046875 0.068359375
1 0.52890625 0.4677734375 0.0421875 0.021484375
1 0.4546875 0.46875 0.025 0.0234375
1 0.428125 0.462890625 0.01875 0.015625
1 0.40078125 0.4677734375 0.0171875 0.025390625
1 0.3625 0.4873046875 0.08125 0.072265625
1 0.15703125 0.4697265625 0.0796875 0.044921875
1 0.0984375 0.470703125 0.05 0.05078125
1 0.03515625 0.4697265625 0.0703125 0.060546875
