6 0.52578125 0.4052734375 0.0046875 0.013671875
6 0.59296875 0.4189453125 0.0046875 0.013671875
0 0.115625 0.4189453125 0.0125 0.021484375
0 0.134375 0.4306640625 0.0125 0.044921875
0 0.14296875 0.4326171875 0.0078125 0.037109375
0 0.16015625 0.4189453125 0.0078125 0.017578125
0 0.1859375 0.419921875 0.00625 0.015625
0 0.2 0.4189453125 0.0125 0.025390625
0 0.39609375 0.4345703125 0.0078125 0.017578125
0 0.8125 0.42578125 0.021875 0.0390625
0 0.778125 0.419921875 0.015625 0.015625
0 0.8859375 0.40234375 0.025 0.0390625
0 0.93046875 0.4365234375 0.0265625 0.111328125
0 0.95546875 0.4306640625 0.0359375 0.123046875
1 0.4953125 0.4736328125 0.0625 0.064453125
