6 0.28203125 0.451171875 0.0078125 0.01171875
6 0.5390625 0.4375 0.009375 0.01171875
8 0.18828125 0.474609375 0.0234375 0.01171875
8 0.28359375 0.470703125 0.0140625 0.01953125
8 0.53984375 0.4619140625 0.0171875 0.025390625
8 0.6328125 0.3974609375 0.034375 0.056640625
8 0.94921875 0.4736328125 0.0171875 0.037109375
0 0.22265625 0.52734375 0.0109375 0.0390625
0 0.2453125 0.5224609375 0.0125 0.041015625
0 0.26015625 0.5185546875 0.0078125 0.037109375
0 0.28125 0.53125 0.0125 0.0390625
0 0.97734375 0.515625 0.0421875 0.1171875
0 0.9484375 0.490234375 0.03125 0.109375
0 0.9140625 0.50390625 0.040625 0.1171875
0 0.79765625 0.509765625 0.0296875 0.11328125
0 0.76796875 0.515625 0.0265625 0.08984375
0 0.74296875 0.5205078125 0.0265625 0.087890625
0 0.71328125 0.517578125 0.0328125 0.09765625
0 0.72578125 0.517578125 0.0171875 0.0703125
0 0.68515625 0.5224609375 0.0328125 0.083984375
0 0.6609375 0.525390625 0.01875 0.0703125
0 0.6203125 0.5302734375 0.015625 0.048828125
0 0.6140625 0.5185546875 0.015625 0.052734375
0 0.59375 0.525390625 0.015625 0.0546875
0 0.56875 0.51171875 0.0125 0.03515625
0 0.58125 0.529296875 0.0125 0.046875
0 0.640625 0.5244140625 0.015625 0.072265625
0 0.55546875 0.517578125 0.0109375 0.0390625
0 0.53125 0.5146484375 0.0125 0.041015625
0 0.5484375 0.5107421875 0.0125 0.052734375
0 0.57421875 0.4970703125 0.0078125 0.021484375
0 0.58125 0.494140625 0.00625 0.0234375
0 0.5890625 0.490234375 0.00625 0.015625
0 0.51328125 0.4951171875 0.0046875 0.017578125
0 0.52265625 0.4951171875 0.0078125 0.025390625
0 0.5640625 0.47265625 0.00625 0.015625
0 0.57734375 0.47265625 0.0046875 0.015625
1 0.1484375 0.541015625 0.103125 0.05859375
1 0.32890625 0.5244140625 0.0359375 0.041015625
1 0.3484375 0.5205078125 0.015625 0.033203125
1 0.37421875 0.51953125 0.0359375 0.0390625
1 0.3984375 0.4990234375 0.025 0.029296875
1 0.3859375 0.4833984375 0.021875 0.017578125
1 0.4109375 0.4794921875 0.0125 0.013671875
1 0.43359375 0.484375 0.0171875 0.01171875
1 0.46484375 0.4853515625 0.0234375 0.009765625
1 0.43515625 0.4755859375 0.0203125 0.013671875
1 0.46640625 0.5390625 0.0921875 0.08984375
1 0.409375 0.54296875 0.04375 0.06640625
1 0.440625 0.501953125 0.046875 0.0234375
