8 0.65078125 0.4404296875 0.0046875 0.017578125
8 0.62734375 0.443359375 0.0078125 0.00390625
8 0.62734375 0.435546875 0.0078125 0.01171875
0 0.49921875 0.470703125 0.0109375 0.0390625
1 0.02578125 0.4697265625 0.0515625 0.041015625
1 0.08984375 0.46875 0.1015625 0.0546875
1 0.39765625 0.5244140625 0.1328125 0.123046875
1 0.6546875 0.4619140625 0.05625 0.037109375
1 0.69375 0.4677734375 0.034375 0.021484375
1 0.83203125 0.4560546875 0.0328125 0.017578125
1 0.859375 0.4560546875 0.015625 0.017578125
1 0.7703125 0.44921875 0.015625 0.01171875
1 0.76171875 0.4609375 0.0328125 0.015625
