4 0.8453125 0.42578125 0.309375 0.15234375
4 0.51640625 0.4462890625 0.0609375 0.076171875
4 0.634375 0.42578125 0.090625 0.04296875
0 0.61875 0.4609375 0.021875 0.08203125
0 0.59609375 0.4619140625 0.0171875 0.068359375
0 0.57578125 0.4658203125 0.0171875 0.056640625
0 0.46953125 0.4814453125 0.0234375 0.072265625
0 0.4875 0.4716796875 0.034375 0.087890625
0 0.5546875 0.458984375 0.015625 0.04296875
0 0.3796875 0.462890625 0.00625 0.0234375
0 0.1703125 0.4853515625 0.0125 0.044921875
0 0.63359375 0.4482421875 0.0140625 0.033203125
1 0.95078125 0.4853515625 0.0984375 0.115234375
1 0.95 0.4482421875 0.1 0.107421875
1 0.91171875 0.44921875 0.1765625 0.140625
1 0.41796875 0.451171875 0.0546875 0.07421875
1 0.35625 0.4658203125 0.040625 0.025390625
1 0.646875 0.447265625 0.01875 0.0234375
