6 0.59921875 0.275390625 0.0203125 0.06640625
6 0.73359375 0.24609375 0.0234375 0.0703125
6 0.75390625 0.3359375 0.0234375 0.02734375
6 0.33671875 0.12890625 0.0203125 0.0703125
6 0.58984375 0.3583984375 0.0171875 0.029296875
8 0.621875 0.326171875 0.053125 0.015625
0 0.7265625 0.45703125 0.03125 0.12109375
0 0.5453125 0.48828125 0.028125 0.08984375
0 0.58515625 0.4736328125 0.0328125 0.115234375
0 0.5140625 0.4912109375 0.03125 0.083984375
0 0.50859375 0.48046875 0.0265625 0.09765625
0 0.8359375 0.5361328125 0.11875 0.310546875
0 0.9375 0.5849609375 0.125 0.361328125
1 0.228125 0.484375 0.096875 0.08203125
1 0.2828125 0.46484375 0.040625 0.046875
1 0.30625 0.4697265625 0.0125 0.029296875
1 0.315625 0.4697265625 0.0125 0.029296875
1 0.33125 0.466796875 0.021875 0.02734375
1 0.346875 0.46484375 0.015625 0.0234375
1 0.421875 0.4501953125 0.009375 0.009765625
1 0.396875 0.455078125 0.0125 0.015625
1 0.359375 0.4619140625 0.015625 0.021484375
1 0.44921875 0.462890625 0.0296875 0.0234375
1 0.8703125 0.447265625 0.259375 0.1640625
1 0.36640625 0.458984375 0.0140625 0.0234375
