8 0.47578125 0.4296875 0.0109375 0.015625
8 0.4875 0.4189453125 0.0125 0.013671875
8 0.48828125 0.4287109375 0.0078125 0.005859375
1 0.07734375 0.5087890625 0.1546875 0.138671875
1 0.17421875 0.4931640625 0.0828125 0.103515625
1 0.26484375 0.4853515625 0.0984375 0.107421875
1 0.36015625 0.470703125 0.0140625 0.01953125
1 0.3890625 0.4677734375 0.015625 0.017578125
1 0.434375 0.466796875 0.009375 0.01171875
1 0.44765625 0.4736328125 0.0171875 0.021484375
1 0.46171875 0.4794921875 0.0296875 0.048828125
1 0.48125 0.482421875 0.040625 0.05859375
1 0.4953125 0.490234375 0.028125 0.08203125
1 0.56171875 0.4892578125 0.1296875 0.130859375
