8 0.33046875 0.4482421875 0.0140625 0.029296875
8 0.33125 0.470703125 0.0125 0.015625
0 0.8546875 0.5009765625 0.025 0.087890625
0 0.834375 0.513671875 0.015625 0.0625
0 0.828125 0.48828125 0.040625 0.1171875
0 0.81171875 0.490234375 0.0203125 0.10546875
0 0.78203125 0.4931640625 0.0359375 0.103515625
0 0.75546875 0.501953125 0.0234375 0.0859375
0 0.684375 0.486328125 0.01875 0.05078125
0 0.6609375 0.482421875 0.021875 0.0703125
0 0.640625 0.4921875 0.01875 0.0546875
0 0.61796875 0.4892578125 0.0171875 0.052734375
0 0.60703125 0.490234375 0.0109375 0.04296875
0 0.5984375 0.4931640625 0.0125 0.041015625
0 0.58828125 0.4814453125 0.0140625 0.037109375
1 0.40546875 0.4921875 0.0234375 0.02734375
1 0.5015625 0.533203125 0.20625 0.19921875
