6 0.51328125 0.42578125 0.0046875 0.015625
0 0.93984375 0.4873046875 0.0265625 0.076171875
0 0.84765625 0.47265625 0.0140625 0.0546875
0 0.865625 0.474609375 0.015625 0.0546875
0 0.06875 0.494140625 0.021875 0.05078125
0 0.29609375 0.4873046875 0.0171875 0.052734375
2 0.6390625 0.4443359375 0.00625 0.009765625
1 0.41015625 0.5 0.0734375 0.0546875
1 0.58125 0.4619140625 0.021875 0.025390625
1 0.56015625 0.453125 0.0171875 0.015625
1 0.60078125 0.447265625 0.0140625 0.015625
1 0.59140625 0.435546875 0.0109375 0.01171875
1 0.60859375 0.4375 0.0078125 0.01171875
1 0.61328125 0.4306640625 0.0046875 0.005859375
1 0.63125 0.431640625 0.00625 0.0078125
1 0.62265625 0.4384765625 0.0046875 0.005859375
