0 0.22265625 0.4658203125 0.0140625 0.044921875
2 0.51328125 0.517578125 0.0421875 0.08984375
1 0.9375 0.5478515625 0.125 0.212890625
1 0.76015625 0.513671875 0.1609375 0.125
1 0.678125 0.4951171875 0.084375 0.099609375
1 0.63515625 0.4873046875 0.0640625 0.083984375
1 0.59296875 0.4833984375 0.0546875 0.056640625
1 0.5671875 0.4794921875 0.034375 0.048828125
1 0.5515625 0.474609375 0.021875 0.0390625
1 0.53828125 0.4677734375 0.0296875 0.033203125
1 0.48671875 0.46484375 0.0171875 0.01953125
1 0.44765625 0.4697265625 0.0546875 0.021484375
1 0.4171875 0.4638671875 0.0125 0.017578125
1 0.4046875 0.46484375 0.015625 0.01953125
1 0.390625 0.466796875 0.0125 0.0234375
1 0.38046875 0.4677734375 0.0171875 0.025390625
1 0.37109375 0.46875 0.0203125 0.03125
1 0.359375 0.470703125 0.025 0.03515625
1 0.3453125 0.4736328125 0.025 0.037109375
1 0.33203125 0.4755859375 0.0296875 0.041015625
1 0.296875 0.478515625 0.05625 0.0625
1 0.26484375 0.486328125 0.0734375 0.0625
1 0.1859375 0.498046875 0.09375 0.09765625
1 0.0953125 0.5126953125 0.146875 0.123046875
1 0.0171875 0.54296875 0.034375 0.13671875
