6 0.77734375 0.162109375 0.0171875 0.05859375
6 0.72421875 0.21484375 0.0140625 0.046875
6 0.9453125 0.2646484375 0.021875 0.080078125
6 0.665625 0.443359375 0.00625 0.01171875
6 0.64453125 0.4423828125 0.0078125 0.013671875
6 0.621875 0.4072265625 0.00625 0.029296875
6 0.6421875 0.40625 0.009375 0.03125
6 0.6671875 0.4072265625 0.009375 0.029296875
6 0.41328125 0.3056640625 0.0109375 0.044921875
6 0.015625 0.408203125 0.009375 0.03125
8 0.86640625 0.201171875 0.0421875 0.046875
8 0.43359375 0.30078125 0.0140625 0.01953125
8 0.43046875 0.4638671875 0.0140625 0.021484375
8 0.05859375 0.4638671875 0.0078125 0.013671875
8 0.0796875 0.4462890625 0.009375 0.017578125
8 0.0796875 0.46484375 0.009375 0.015625
0 0.6703125 0.478515625 0.021875 0.05859375
2 0.45546875 0.517578125 0.0390625 0.08203125
1 0.95390625 0.48046875 0.0921875 0.05859375
1 0.51171875 0.4697265625 0.0796875 0.083984375
1 0.31875 0.50390625 0.203125 0.20703125
1 0.19609375 0.4736328125 0.1078125 0.103515625
1 0.12890625 0.4833984375 0.0421875 0.052734375
1 0.01640625 0.4716796875 0.0328125 0.072265625
1 0.79609375 0.525390625 0.2578125 0.20703125
