8 0.69140625 0.3984375 0.0234375 0.03125
8 0.46171875 0.40625 0.0140625 0.01953125
0 0.62734375 0.45703125 0.0078125 0.03125
0 0.52890625 0.451171875 0.0078125 0.015625
0 0.5453125 0.466796875 0.0125 0.04296875
0 0.4375 0.4912109375 0.021875 0.087890625
0 0.4578125 0.4931640625 0.025 0.087890625
0 0.49140625 0.4921875 0.0265625 0.09375
0 0.74140625 0.4921875 0.0203125 0.06640625
2 0.5859375 0.6484375 0.040625 0.12109375
1 0.11796875 0.6650390625 0.2359375 0.322265625
1 0.2515625 0.5927734375 0.146875 0.181640625
1 0.78671875 0.638671875 0.2078125 0.22265625
1 0.821875 0.5634765625 0.15 0.123046875
1 0.90390625 0.509765625 0.0921875 0.08984375
1 0.80078125 0.48828125 0.0484375 0.02734375
1 0.74609375 0.484375 0.0578125 0.05859375
1 0.71875 0.470703125 0.053125 0.04296875
1 0.79140625 0.48828125 0.0671875 0.05078125
1 0.37890625 0.5068359375 0.0921875 0.083984375
1 0.42421875 0.4951171875 0.0515625 0.068359375
1 0.4734375 0.4677734375 0.021875 0.037109375
1 0.50234375 0.4599609375 0.0140625 0.025390625
1 0.51015625 0.4580078125 0.0109375 0.021484375
1 0.51171875 0.4541015625 0.0171875 0.021484375
1 0.51953125 0.453125 0.0109375 0.01953125
1 0.6 0.4609375 0.025 0.02734375
1 0.59375 0.4580078125 0.01875 0.029296875
1 0.58359375 0.45703125 0.0109375 0.0234375
1 0.57734375 0.45703125 0.0078125 0.015625
1 0.571875 0.4501953125 0.0125 0.017578125
1 0.565625 0.4482421875 0.00625 0.013671875
