8 0.06015625 0.3505859375 0.0265625 0.029296875
8 0.48828125 0.341796875 0.0328125 0.0546875
8 0.725 0.4853515625 0.009375 0.017578125
0 0.3875 0.4775390625 0.015625 0.060546875
0 0.66796875 0.474609375 0.0078125 0.03125
2 0.4359375 0.5 0.021875 0.046875
1 0.5328125 0.4794921875 0.075 0.041015625
1 0.575 0.4775390625 0.034375 0.041015625
1 0.59921875 0.4755859375 0.0359375 0.041015625
1 0.63671875 0.4794921875 0.0484375 0.044921875
1 0.74296875 0.4794921875 0.1078125 0.056640625
1 0.8875 0.4912109375 0.115625 0.103515625
1 0.9671875 0.478515625 0.053125 0.05078125
11 0.640625 0.4658203125 0.084375 0.048828125
8 0.48046875 0.4921875 0.0109375 0.0234375
