6 0.559375 0.5087890625 0.00625 0.017578125
6 0.5921875 0.4697265625 0.00625 0.017578125
6 0.7 0.4482421875 0.015625 0.048828125
6 0.3609375 0.5205078125 0.00625 0.013671875
0 0.34453125 0.5859375 0.0203125 0.04296875
0 0.52578125 0.578125 0.0296875 0.0625
0 0.5 0.5732421875 0.025 0.076171875
0 0.35234375 0.556640625 0.0078125 0.0234375
0 0.36015625 0.560546875 0.0078125 0.02734375
0 0.565625 0.544921875 0.009375 0.0234375
0 0.55 0.55078125 0.00625 0.01953125
0 0.5390625 0.55078125 0.00625 0.015625
0 0.53125 0.5517578125 0.00625 0.021484375
3 0.46015625 0.615234375 0.0328125 0.07421875
1 0.28515625 0.6142578125 0.1296875 0.115234375
1 0.36796875 0.564453125 0.0078125 0.01171875
1 0.3859375 0.5615234375 0.009375 0.009765625
1 0.66171875 0.6181640625 0.1234375 0.111328125
