8 0.92578125 0.2890625 0.0265625 0.0546875
8 0.490625 0.40625 0.009375 0.01953125
0 0.28203125 0.48046875 0.0140625 0.0546875
0 0.31015625 0.478515625 0.0140625 0.05859375
0 0.32734375 0.4814453125 0.0171875 0.052734375
0 0.415625 0.490234375 0.040625 0.109375
0 0.45390625 0.48828125 0.0328125 0.109375
0 0.80703125 0.5908203125 0.1328125 0.533203125
1 0.09609375 0.4951171875 0.1546875 0.111328125
1 0.0515625 0.5029296875 0.103125 0.130859375
1 0.21015625 0.4716796875 0.0390625 0.033203125
1 0.2546875 0.474609375 0.0375 0.03515625
1 0.28984375 0.474609375 0.0546875 0.0390625
1 0.35703125 0.4775390625 0.0421875 0.044921875
1 0.41484375 0.4794921875 0.0703125 0.060546875
1 0.471875 0.4853515625 0.071875 0.083984375
1 0.5578125 0.4931640625 0.1625 0.115234375
1 0.59140625 0.5087890625 0.0921875 0.107421875
1 0.6375 0.50390625 0.06875 0.1484375
1 0.77734375 0.501953125 0.2859375 0.1953125
1 0.92734375 0.5400390625 0.1453125 0.240234375
1 0.15078125 0.4892578125 0.0796875 0.080078125
