8 0.38125 0.28515625 0.040625 0.015625
8 0.38046875 0.3134765625 0.1109375 0.041015625
8 0.38125 0.359375 0.1125 0.05078125
8 0.52421875 0.224609375 0.0265625 0.015625
8 0.525 0.2421875 0.05 0.015625
8 0.525 0.2763671875 0.10625 0.048828125
8 0.52578125 0.341796875 0.1046875 0.078125
1 0.30234375 0.552734375 0.1171875 0.1171875
1 0.3421875 0.509765625 0.04375 0.0390625
1 0.4140625 0.505859375 0.034375 0.03515625
1 0.50078125 0.509765625 0.0359375 0.04296875
1 0.465625 0.4921875 0.0125 0.015625
1 0.7125 0.591796875 0.196875 0.17578125
1 0.575 0.51953125 0.05 0.05078125
1 0.55625 0.509765625 0.028125 0.03125
1 0.53984375 0.49609375 0.0140625 0.015625
1 0.5296875 0.490234375 0.009375 0.0078125
1 0.5234375 0.4892578125 0.009375 0.009765625
1 0.51328125 0.4873046875 0.0109375 0.013671875
