0 0.40234375 0.44921875 0.0078125 0.03125
1 0.49140625 0.435546875 0.0140625 0.01953125
1 0.4765625 0.4296875 0.00625 0.0078125
1 0.471875 0.4306640625 0.00625 0.009765625
1 0.4671875 0.4326171875 0.009375 0.013671875
1 0.45859375 0.4365234375 0.0109375 0.013671875
1 0.45 0.4384765625 0.0125 0.013671875
1 0.4296875 0.43359375 0.025 0.015625
1 0.39921875 0.4365234375 0.0328125 0.017578125
1 0.31484375 0.4365234375 0.0765625 0.033203125
1 0.36796875 0.439453125 0.0296875 0.02734375
1 0.434375 0.453125 0.021875 0.02734375
1 0.2984375 0.4638671875 0.046875 0.041015625
1 0.3546875 0.4775390625 0.05 0.060546875
1 0.3265625 0.4892578125 0.0625 0.060546875
1 0.08671875 0.6005859375 0.1734375 0.173828125
1 0.51171875 0.435546875 0.0140625 0.015625
1 0.5171875 0.439453125 0.0125 0.015625
1 0.52578125 0.4423828125 0.0171875 0.021484375
1 0.5375 0.45703125 0.034375 0.0390625
1 0.5484375 0.4609375 0.028125 0.0390625
1 0.553125 0.470703125 0.025 0.046875
1 0.5765625 0.4814453125 0.05625 0.076171875
1 0.58671875 0.4970703125 0.0515625 0.068359375
1 0.60625 0.5029296875 0.065625 0.072265625
1 0.66484375 0.5390625 0.1109375 0.1171875
1 0.74453125 0.5810546875 0.1890625 0.169921875
2 0.4203125 0.4658203125 0.0125 0.025390625
