8 0.825 0.310546875 0.0375 0.01953125
8 0.8234375 0.26171875 0.065625 0.078125
8 0.00859375 0.3359375 0.0171875 0.03515625
0 0.61875 0.4833984375 0.021875 0.068359375
0 0.64609375 0.482421875 0.0203125 0.07421875
0 0.98828125 0.5361328125 0.0234375 0.173828125
0 0.94296875 0.533203125 0.0546875 0.17578125
2 0.365625 0.4912109375 0.0375 0.044921875
2 0.62578125 0.4921875 0.0234375 0.04296875
2 0.64453125 0.4931640625 0.0484375 0.044921875
1 0.75859375 0.478515625 0.0546875 0.0625
1 0.7875 0.494140625 0.0875 0.07421875
1 0.2359375 0.4736328125 0.059375 0.060546875
1 0.1625 0.4736328125 0.08125 0.060546875
1 0.08515625 0.46484375 0.0828125 0.0703125
1 0.27265625 0.466796875 0.0296875 0.04296875
