8 0.58984375 0.451171875 0.0234375 0.01171875
8 0.58984375 0.4599609375 0.0234375 0.005859375
8 0.5125 0.435546875 0.00625 0.00390625
8 0.51328125 0.4521484375 0.0203125 0.029296875
1 0.50703125 0.4931640625 0.0109375 0.009765625
1 0.53203125 0.4931640625 0.0140625 0.009765625
1 0.58046875 0.4951171875 0.0140625 0.017578125
1 0.5703125 0.4921875 0.0125 0.015625
1 0.59609375 0.49609375 0.0203125 0.01953125
1 0.61328125 0.490234375 0.0109375 0.01171875
1 0.62578125 0.48828125 0.0109375 0.01171875
1 0.64765625 0.48828125 0.0109375 0.01171875
1 0.67109375 0.484375 0.0109375 0.015625
1 0.5484375 0.5439453125 0.0875 0.091796875
1 0.396875 0.54296875 0.08125 0.07421875
