4 0.409375 0.4375 0.015625 0.0234375
8 0.60546875 0.3544921875 0.0328125 0.041015625
8 0.60625 0.37890625 0.01875 0.0078125
8 0.55546875 0.40234375 0.0203125 0.0078125
8 0.50625 0.4111328125 0.00625 0.013671875
8 0.25859375 0.4140625 0.0171875 0.0234375
2 0.14375 0.5185546875 0.046875 0.095703125
1 0.934375 0.625 0.13125 0.359375
1 0.81328125 0.5390625 0.3296875 0.26953125
1 0.65078125 0.4990234375 0.1328125 0.158203125
1 0.5828125 0.48046875 0.09375 0.125
1 0.48203125 0.4599609375 0.0328125 0.033203125
1 0.47265625 0.4521484375 0.0328125 0.037109375
1 0.4546875 0.4462890625 0.0125 0.017578125
1 0.45234375 0.4404296875 0.0171875 0.021484375
1 0.3765625 0.455078125 0.03125 0.03125
1 0.35078125 0.4560546875 0.0203125 0.021484375
1 0.2296875 0.4365234375 0.05625 0.033203125
1 0.271875 0.4384765625 0.034375 0.025390625
1 0.1828125 0.4912109375 0.05625 0.099609375
1 0.0765625 0.50390625 0.121875 0.14453125
1 0.18046875 0.4384765625 0.0359375 0.029296875
