4 0.53515625 0.4345703125 0.1421875 0.146484375
6 0.2921875 0.4189453125 0.009375 0.025390625
6 0.2421875 0.40234375 0.00625 0.0234375
6 0.2484375 0.4384765625 0.00625 0.009765625
6 0.21875 0.41796875 0.009375 0.02734375
6 0.18671875 0.4091796875 0.0109375 0.025390625
6 0.21953125 0.4423828125 0.0078125 0.013671875
8 0.29453125 0.396484375 0.0234375 0.01171875
8 0.28515625 0.4345703125 0.0140625 0.005859375
8 0.828125 0.4169921875 0.01875 0.048828125
2 0.6828125 0.58984375 0.078125 0.18359375
1 0.04140625 0.5263671875 0.0828125 0.115234375
1 0.1578125 0.51171875 0.190625 0.1796875
1 0.24375 0.49609375 0.034375 0.05078125
1 0.30390625 0.48046875 0.0671875 0.0859375
1 0.3953125 0.5009765625 0.1625 0.189453125
1 0.54296875 0.484375 0.1046875 0.11328125
8 0.8296875 0.4560546875 0.009375 0.021484375
