1 0.0796875 0.484375 0.159375 0.12890625
1 0.1375 0.478515625 0.121875 0.12109375
1 0.18984375 0.478515625 0.1140625 0.10546875
1 0.23828125 0.4716796875 0.1140625 0.103515625
1 0.31015625 0.4677734375 0.0609375 0.080078125
1 0.33359375 0.46875 0.0609375 0.078125
1 0.37265625 0.4755859375 0.0359375 0.056640625
1 0.3953125 0.4716796875 0.06875 0.056640625
1 0.925 0.5361328125 0.14375 0.181640625
1 0.86796875 0.515625 0.2546875 0.16015625
1 0.79375 0.5009765625 0.15625 0.146484375
1 0.78046875 0.484375 0.2765625 0.15625
1 0.60078125 0.46875 0.0578125 0.0546875
1 0.47265625 0.46875 0.1015625 0.1171875
1 0.54609375 0.4736328125 0.0453125 0.037109375
