4 0.9234375 0.494140625 0.153125 0.3125
6 0.5625 0.4423828125 0.00625 0.013671875
6 0.52734375 0.4384765625 0.0046875 0.009765625
6 0.45390625 0.439453125 0.0046875 0.0078125
8 0.61953125 0.4423828125 0.0046875 0.013671875
8 0.61875 0.4521484375 0.00625 0.009765625
8 0.52890625 0.451171875 0.0109375 0.00390625
8 0.51484375 0.45703125 0.0046875 0.0078125
8 0.54921875 0.458984375 0.0046875 0.01171875
8 0.33828125 0.4228515625 0.0078125 0.013671875
8 0.38515625 0.4423828125 0.0046875 0.009765625
8 0.0953125 0.267578125 0.025 0.04296875
8 0.09375 0.3212890625 0.025 0.048828125
8 0.40703125 0.4267578125 0.0078125 0.009765625
0 0.20703125 0.466796875 0.0296875 0.08203125
1 0.49375 0.474609375 0.03125 0.03125
1 0.471875 0.4716796875 0.0125 0.013671875
1 0.45078125 0.4716796875 0.0234375 0.025390625
1 0.428125 0.4716796875 0.015625 0.013671875
1 0.4171875 0.4716796875 0.009375 0.033203125
1 0.39765625 0.474609375 0.0453125 0.0546875
1 0.38203125 0.4833984375 0.0578125 0.052734375
