8 0.30078125 0.3330078125 0.0390625 0.048828125
8 0.30078125 0.3720703125 0.0453125 0.025390625
0 0.34609375 0.505859375 0.0234375 0.08984375
0 0.3578125 0.51171875 0.025 0.1015625
0 0.44296875 0.5068359375 0.0171875 0.072265625
0 0.4765625 0.4892578125 0.01875 0.064453125
0 0.4984375 0.48828125 0.015625 0.05859375
0 0.5125 0.48828125 0.015625 0.0546875
0 0.53046875 0.48828125 0.0203125 0.0546875
0 0.55546875 0.4697265625 0.0171875 0.025390625
0 0.43125 0.494140625 0.0125 0.0546875
1 0.878125 0.51953125 0.13125 0.125
1 0.8265625 0.462890625 0.053125 0.07421875
1 0.57734375 0.533203125 0.1171875 0.109375
1 0.6640625 0.4736328125 0.025 0.029296875
1 0.7171875 0.462890625 0.0125 0.01953125
1 0.696875 0.4599609375 0.025 0.009765625
1 0.690625 0.4970703125 0.065625 0.064453125
