4 0.9359375 0.4501953125 0.128125 0.138671875
3 0.9796875 0.5498046875 0.040625 0.103515625
3 0.02265625 0.572265625 0.0296875 0.05078125
1 0.81015625 0.5517578125 0.2734375 0.267578125
1 0.615625 0.548828125 0.15625 0.12109375
1 0.51484375 0.51953125 0.0703125 0.0859375
1 0.56875 0.501953125 0.05 0.0390625
1 0.45625 0.517578125 0.05 0.03125
1 0.32890625 0.52734375 0.0890625 0.0390625
1 0.215625 0.5712890625 0.1625 0.173828125
1 0.12421875 0.5703125 0.0296875 0.09375
1 0.09765625 0.5556640625 0.0484375 0.068359375
1 0.05703125 0.55078125 0.0390625 0.0546875
