0 0.3359375 0.462890625 0.015625 0.0390625
0 0.06953125 0.45703125 0.0140625 0.03125
1 0.37890625 0.451171875 0.0203125 0.01953125
1 0.38671875 0.4453125 0.0171875 0.015625
1 0.38671875 0.435546875 0.0203125 0.015625
1 0.30546875 0.46875 0.0421875 0.0390625
1 0.2578125 0.4814453125 0.040625 0.048828125
1 0.2 0.470703125 0.075 0.08984375
1 0.13203125 0.4912109375 0.1171875 0.091796875
1 0.0453125 0.5107421875 0.090625 0.123046875
1 0.46953125 0.44921875 0.0203125 0.0234375
1 0.55859375 0.4677734375 0.0796875 0.099609375
1 0.58671875 0.484375 0.0984375 0.09765625
1 0.7203125 0.515625 0.203125 0.16796875
