4 0.471875 0.51953125 0.121875 0.19140625
6 0.22734375 0.447265625 0.0109375 0.03515625
6 0.24296875 0.455078125 0.0109375 0.02734375
6 0.290625 0.4853515625 0.00625 0.017578125
8 0.8953125 0.388671875 0.071875 0.0234375
8 0.89453125 0.4091796875 0.0703125 0.017578125
8 0.8984375 0.4296875 0.06875 0.01953125
8 0.89921875 0.453125 0.0734375 0.0234375
0 0.6140625 0.53515625 0.0125 0.0390625
0 0.5890625 0.5166015625 0.009375 0.033203125
3 0.14375 0.619140625 0.059375 0.1015625
3 0.4703125 0.578125 0.053125 0.03125
3 0.98359375 0.626953125 0.0328125 0.14453125
3 0.96640625 0.6201171875 0.0515625 0.142578125
3 0.934375 0.6220703125 0.059375 0.107421875
3 0.83359375 0.60546875 0.1171875 0.1015625
1 0.29765625 0.52734375 0.0390625 0.0234375
1 0.25078125 0.5654296875 0.0671875 0.091796875
1 0.3390625 0.5732421875 0.178125 0.087890625
1 0.3921875 0.7939453125 0.440625 0.412109375
1 0.20234375 0.529296875 0.0328125 0.03515625
1 0.384375 0.52734375 0.034375 0.01953125
1 0.4015625 0.5234375 0.0125 0.015625
1 0.3296875 0.5263671875 0.028125 0.009765625
1 0.35625 0.5224609375 0.025 0.013671875
