0 0.66640625 0.4677734375 0.0265625 0.080078125
0 0.7203125 0.462890625 0.025 0.0859375
0 0.69453125 0.462890625 0.0234375 0.08984375
0 0.70703125 0.46484375 0.0140625 0.07421875
0 0.5390625 0.4345703125 0.009375 0.025390625
0 0.5609375 0.435546875 0.009375 0.02734375
0 0.58671875 0.4365234375 0.0109375 0.025390625
0 0.58203125 0.431640625 0.0078125 0.0234375
0 0.0984375 0.474609375 0.01875 0.0703125
0 0.12265625 0.4716796875 0.0234375 0.068359375
1 0.953125 0.5166015625 0.09375 0.076171875
1 0.7171875 0.4599609375 0.090625 0.064453125
1 0.6328125 0.4609375 0.075 0.06640625
1 0.5703125 0.4765625 0.14375 0.0625
1 0.4640625 0.5302734375 0.2375 0.115234375
1 0.1875 0.462890625 0.065625 0.06640625
1 0.2203125 0.4501953125 0.028125 0.048828125
1 0.2515625 0.4775390625 0.065625 0.064453125
1 0.2703125 0.4501953125 0.028125 0.033203125
1 0.2875 0.439453125 0.021875 0.01953125
1 0.4 0.466796875 0.05 0.04296875
1 0.3828125 0.45703125 0.040625 0.046875
1 0.35625 0.4541015625 0.021875 0.037109375
1 0.34140625 0.453125 0.0171875 0.03125
1 0.33515625 0.44921875 0.0203125 0.02734375
1 0.32265625 0.4462890625 0.0140625 0.021484375
1 0.31328125 0.443359375 0.0109375 0.015625
1 0.30625 0.44140625 0.0125 0.015625
8 0.10390625 0.3818359375 0.0234375 0.029296875
8 0.10390625 0.4033203125 0.0140625 0.009765625
8 0.765625 0.3857421875 0.0125 0.037109375
8 0.7640625 0.41015625 0.009375 0.0078125
