1 0.48671875 0.478515625 0.0453125 0.04296875
1 0.53515625 0.4638671875 0.0296875 0.029296875
1 0.55 0.4619140625 0.0125 0.021484375
1 0.5890625 0.4580078125 0.0125 0.017578125
1 0.5609375 0.4609375 0.0125 0.015625
1 0.57734375 0.4501953125 0.0109375 0.013671875
1 0.6171875 0.4521484375 0.00625 0.005859375
1 0.5953125 0.4482421875 0.00625 0.005859375
1 0.61328125 0.447265625 0.0046875 0.00390625
1 0.60703125 0.4462890625 0.0046875 0.005859375
6 0.1171875 0.3515625 0.015625 0.0546875
6 0.11015625 0.4287109375 0.0140625 0.017578125
6 0.28046875 0.3671875 0.0109375 0.03125
6 0.28046875 0.4228515625 0.0078125 0.013671875
6 0.3625 0.37890625 0.009375 0.0390625
6 0.35859375 0.421875 0.0109375 0.01171875
8 0.15234375 0.3994140625 0.0453125 0.013671875
6 0.74375 0.3720703125 0.009375 0.037109375
6 0.7375 0.41796875 0.009375 0.01171875
8 0.21796875 0.3623046875 0.0765625 0.013671875
6 0.86171875 0.3701171875 0.0109375 0.029296875
6 0.865625 0.416015625 0.00625 0.01953125
0 0.43671875 0.4716796875 0.0171875 0.048828125
1 0.56796875 0.4609375 0.0078125 0.015625
1 0.01640625 0.53515625 0.0390625 0.03515625
8 0.92109375 0.4775390625 0.0171875 0.037109375
8 0.7515625 0.4013671875 0.03125 0.009765625
