6 0.28828125 0.1787109375 0.0453125 0.142578125
6 0.3953125 0.23046875 0.028125 0.10546875
0 0.01484375 0.39453125 0.0296875 0.109375
0 0.04453125 0.4345703125 0.0484375 0.177734375
0 0.06953125 0.427734375 0.0390625 0.15234375
0 0.14453125 0.443359375 0.0484375 0.171875
0 0.1171875 0.4375 0.040625 0.1640625
0 0.178125 0.412109375 0.01875 0.078125
0 0.21484375 0.40234375 0.0203125 0.07421875
0 0.25234375 0.4091796875 0.0203125 0.064453125
0 0.23359375 0.4130859375 0.0171875 0.060546875
0 0.34375 0.408203125 0.0125 0.04296875
0 0.36171875 0.4091796875 0.0109375 0.048828125
0 0.8796875 0.4453125 0.021875 0.078125
0 0.9140625 0.4228515625 0.021875 0.052734375
0 0.959375 0.45703125 0.0375 0.05859375
0 0.97890625 0.4365234375 0.0203125 0.068359375
0 0.97109375 0.416015625 0.0140625 0.03125
1 0.5671875 0.537109375 0.3875 0.44140625
1 0.80546875 0.4638671875 0.1359375 0.162109375
