8 0.5078125 0.408203125 0.01875 0.0078125
0 0.11484375 0.4755859375 0.0203125 0.072265625
0 0.08984375 0.4755859375 0.0203125 0.072265625
0 0.36484375 0.451171875 0.0109375 0.03515625
0 0.3546875 0.451171875 0.009375 0.03515625
0 0.57578125 0.45703125 0.0171875 0.0546875
0 0.56015625 0.4619140625 0.0140625 0.048828125
0 0.9078125 0.4921875 0.0375 0.06640625
0 0.95390625 0.49609375 0.0296875 0.05859375
2 0.73046875 0.5810546875 0.0421875 0.111328125
2 0.94765625 0.76171875 0.1046875 0.24609375
1 0.0921875 0.4482421875 0.040625 0.037109375
1 0.184375 0.4501953125 0.05625 0.029296875
1 0.2671875 0.431640625 0.034375 0.01953125
1 0.31796875 0.4384765625 0.0421875 0.021484375
1 0.4203125 0.455078125 0.059375 0.03125
1 0.45625 0.4658203125 0.05625 0.044921875
1 0.50703125 0.4716796875 0.0703125 0.056640625
1 0.59375 0.4560546875 0.025 0.033203125
1 0.6515625 0.5009765625 0.1125 0.076171875
1 0.828125 0.5458984375 0.159375 0.158203125
1 0.9125 0.609375 0.175 0.18359375
7 0.1546875 0.5234375 0.01875 0.05078125
