6 0.84375 0.3896484375 0.015625 0.021484375
6 0.62421875 0.3828125 0.0109375 0.03515625
6 0.6296875 0.423828125 0.0125 0.015625
6 0.2515625 0.392578125 0.0125 0.0390625
6 0.171875 0.38671875 0.0125 0.0390625
6 0.1703125 0.431640625 0.009375 0.01953125
8 0.5765625 0.419921875 0.0125 0.01953125
8 0.2640625 0.3515625 0.046875 0.015625
8 0.25234375 0.41796875 0.0265625 0.01171875
8 0.1359375 0.4033203125 0.034375 0.009765625
8 0.3125 0.42578125 0.00625 0.01171875
2 0.584375 0.49609375 0.01875 0.03515625
1 0.41875 0.5458984375 0.315625 0.353515625
1 0.22734375 0.5234375 0.1234375 0.1328125
