4 0.50390625 0.39453125 0.0515625 0.08203125
6 0.40859375 0.36328125 0.0078125 0.03125
6 0.43203125 0.3701171875 0.0046875 0.021484375
6 0.540625 0.369140625 0.00625 0.01953125
6 0.5359375 0.3720703125 0.00625 0.021484375
8 0.31484375 0.310546875 0.0203125 0.02734375
0 0.171875 0.4169921875 0.0375 0.107421875
0 0.91640625 0.48828125 0.0328125 0.08984375
0 0.2328125 0.3896484375 0.028125 0.037109375
1 0.2625 0.46875 0.159375 0.13671875
1 0.32109375 0.43359375 0.0890625 0.09375
1 0.4046875 0.4443359375 0.1 0.095703125
1 0.59921875 0.58203125 0.3234375 0.3359375
1 0.82265625 0.4775390625 0.1015625 0.087890625
