8 0.16484375 0.3447265625 0.0453125 0.060546875
8 0.1609375 0.3837890625 0.0375 0.013671875
0 0.8078125 0.56640625 0.040625 0.1484375
0 0.56171875 0.4599609375 0.0078125 0.025390625
0 0.4265625 0.4580078125 0.00625 0.013671875
0 0.4375 0.455078125 0.009375 0.015625
1 0.578125 0.4462890625 0.009375 0.013671875
1 0.58203125 0.4560546875 0.0140625 0.021484375
1 0.5890625 0.462890625 0.0125 0.0234375
1 0.60390625 0.46875 0.0265625 0.04296875
1 0.62890625 0.4814453125 0.0546875 0.064453125
1 0.53203125 0.443359375 0.0078125 0.01171875
1 0.51796875 0.4482421875 0.0140625 0.013671875
1 0.52421875 0.4462890625 0.0109375 0.013671875
1 0.51171875 0.453125 0.0140625 0.015625
1 0.50390625 0.4580078125 0.0171875 0.021484375
1 0.4859375 0.4619140625 0.021875 0.025390625
1 0.46953125 0.470703125 0.0359375 0.03125
1 0.4421875 0.4765625 0.0375 0.0390625
1 0.42734375 0.4853515625 0.0296875 0.037109375
1 0.409375 0.494140625 0.03125 0.05078125
1 0.38671875 0.50390625 0.0453125 0.0625
1 0.36484375 0.51171875 0.0546875 0.0703125
1 0.31015625 0.5322265625 0.1078125 0.099609375
1 0.90234375 0.513671875 0.0640625 0.0859375
1 0.95859375 0.5078125 0.0828125 0.11328125
1 0.97109375 0.544921875 0.0578125 0.11328125
