6 0.4203125 0.423828125 0.00625 0.01171875
6 0.38671875 0.42578125 0.0046875 0.01171875
8 0.6296875 0.412109375 0.01875 0.03125
8 0.5625 0.3251953125 0.0875 0.044921875
8 0.16796875 0.4365234375 0.0140625 0.021484375
1 0.028125 0.49609375 0.05625 0.07421875
1 0.14765625 0.482421875 0.0578125 0.0390625
1 0.23359375 0.470703125 0.0296875 0.05078125
1 0.27734375 0.470703125 0.0640625 0.0625
1 0.31015625 0.4716796875 0.0265625 0.029296875
1 0.3265625 0.46875 0.028125 0.03125
1 0.40390625 0.466796875 0.0578125 0.0625
1 0.50546875 0.5234375 0.1828125 0.18359375
