6 0.0921875 0.3681640625 0.0125 0.044921875
6 0.11640625 0.4072265625 0.0140625 0.017578125
6 0.68671875 0.2841796875 0.0421875 0.048828125
6 0.73671875 0.3798828125 0.0140625 0.017578125
6 0.7296875 0.3291015625 0.0125 0.037109375
6 0.55859375 0.390625 0.0109375 0.015625
6 0.56171875 0.349609375 0.0109375 0.0390625
8 0.73515625 0.3623046875 0.0109375 0.013671875
8 0.69453125 0.23828125 0.0359375 0.0390625
8 0.68203125 0.177734375 0.0390625 0.08203125
8 0.77265625 0.3671875 0.0265625 0.0078125
8 0.52421875 0.3896484375 0.0078125 0.013671875
0 0.6734375 0.4541015625 0.034375 0.072265625
0 0.63828125 0.451171875 0.0171875 0.06640625
0 0.6515625 0.44921875 0.021875 0.07421875
0 0.6140625 0.45703125 0.021875 0.0703125
0 0.56953125 0.458984375 0.0234375 0.0703125
0 0.55078125 0.4619140625 0.0296875 0.080078125
0 0.534375 0.4619140625 0.025 0.083984375
0 0.44296875 0.462890625 0.0203125 0.08203125
0 0.18046875 0.4619140625 0.0109375 0.048828125
0 0.2046875 0.466796875 0.0125 0.046875
0 0.04296875 0.4697265625 0.0265625 0.072265625
0 0.72265625 0.4296875 0.0109375 0.01953125
1 0.478125 0.4541015625 0.009375 0.009765625
1 0.50390625 0.4599609375 0.0421875 0.041015625
1 0.24609375 0.466796875 0.0578125 0.046875
