8 0.58125 0.4423828125 0.01875 0.033203125
8 0.5796875 0.46484375 0.01875 0.01171875
8 0.6 0.4423828125 0.009375 0.017578125
8 0.640625 0.4521484375 0.0125 0.029296875
0 0.8953125 0.509765625 0.00625 0.015625
0 0.47578125 0.5107421875 0.0203125 0.056640625
0 0.4546875 0.5087890625 0.021875 0.060546875
1 0.96640625 0.5166015625 0.0234375 0.021484375
1 0.94140625 0.515625 0.0390625 0.02734375
1 0.9171875 0.5107421875 0.021875 0.021484375
1 0.884375 0.5244140625 0.034375 0.037109375
1 0.834375 0.5244140625 0.084375 0.037109375
1 0.7078125 0.5458984375 0.175 0.123046875
1 0.65 0.513671875 0.15 0.08984375
1 0.81328125 0.4990234375 0.0296875 0.017578125
1 0.8421875 0.50390625 0.04375 0.015625
1 0.59296875 0.4931640625 0.0390625 0.029296875
1 0.796875 0.501953125 0.01875 0.0234375
