6 0.35703125 0.3203125 0.0109375 0.04296875
6 0.74765625 0.337890625 0.0140625 0.046875
8 0.38515625 0.3583984375 0.0171875 0.017578125
0 0.1671875 0.390625 0.015625 0.05078125
0 0.22578125 0.396484375 0.0109375 0.05078125
0 0.25703125 0.4033203125 0.0109375 0.044921875
0 0.2890625 0.3994140625 0.0125 0.056640625
0 0.3375 0.3916015625 0.009375 0.037109375
0 0.3484375 0.392578125 0.009375 0.0390625
0 0.7953125 0.4248046875 0.009375 0.029296875
0 0.99453125 0.4423828125 0.0109375 0.041015625
0 0.9859375 0.44921875 0.009375 0.0390625
1 0.55078125 0.4970703125 0.2671875 0.326171875
1 0.6703125 0.4150390625 0.009375 0.013671875
1 0.6859375 0.423828125 0.034375 0.03125
1 0.7328125 0.4306640625 0.046875 0.029296875
