6 0.4515625 0.4560546875 0.00625 0.021484375
6 0.45 0.4833984375 0.00625 0.017578125
6 0.4875 0.478515625 0.00625 0.015625
6 0.5546875 0.4794921875 0.00625 0.021484375
6 0.59765625 0.4912109375 0.0046875 0.017578125
0 0.73046875 0.5126953125 0.0171875 0.060546875
0 0.71640625 0.5078125 0.0171875 0.06640625
0 0.1984375 0.5322265625 0.015625 0.041015625
2 0.5609375 0.529296875 0.01875 0.03515625
2 0.665625 0.5361328125 0.0375 0.072265625
2 0.78515625 0.568359375 0.0578125 0.125
1 0.60234375 0.5419921875 0.0265625 0.029296875
1 0.53125 0.53125 0.028125 0.03515625
1 0.490625 0.51953125 0.053125 0.05859375
1 0.3625 0.5322265625 0.16875 0.158203125
