8 0.05859375 0.3232421875 0.0359375 0.064453125
2 0.02578125 0.494140625 0.0515625 0.07421875
2 0.1140625 0.4833984375 0.06875 0.083984375
2 0.153125 0.484375 0.03125 0.078125
2 0.17734375 0.482421875 0.0359375 0.078125
2 0.2359375 0.48046875 0.05625 0.06640625
2 0.27890625 0.4736328125 0.0578125 0.072265625
2 0.30703125 0.4697265625 0.0390625 0.060546875
2 0.346875 0.466796875 0.05 0.0546875
2 0.4 0.4638671875 0.0375 0.048828125
2 0.44921875 0.4560546875 0.0296875 0.048828125
2 0.48828125 0.4560546875 0.0265625 0.041015625
2 0.51875 0.4501953125 0.03125 0.048828125
2 0.4140625 0.4599609375 0.0375 0.048828125
1 0.8828125 0.4287109375 0.071875 0.076171875
1 0.10703125 0.4296875 0.2078125 0.109375
1 0.57890625 0.4296875 0.0515625 0.03125
1 0.6234375 0.4189453125 0.06875 0.044921875
1 0.6953125 0.427734375 0.034375 0.02734375
