6 0.94765625 0.4794921875 0.0140625 0.048828125
6 0.93515625 0.26953125 0.0390625 0.08203125
8 0.0515625 0.416015625 0.0375 0.046875
8 0.05234375 0.4462890625 0.0296875 0.013671875
8 0.05234375 0.4697265625 0.0265625 0.025390625
8 0.1046875 0.474609375 0.015625 0.0234375
8 0.10546875 0.4892578125 0.0109375 0.005859375
8 0.24140625 0.5166015625 0.0140625 0.017578125
8 0.23828125 0.5322265625 0.0109375 0.005859375
0 0.0765625 0.560546875 0.025 0.11328125
0 0.01484375 0.515625 0.0140625 0.0390625
0 0.03828125 0.51171875 0.0140625 0.04296875
0 0.88359375 0.5390625 0.0421875 0.16015625
0 0.84140625 0.5361328125 0.0421875 0.154296875
0 0.790625 0.501953125 0.03125 0.09375
0 0.76328125 0.501953125 0.0203125 0.078125
0 0.91953125 0.509765625 0.0265625 0.12890625
0 0.8140625 0.4921875 0.01875 0.07421875
1 0.425 0.5478515625 0.115625 0.095703125
1 0.4703125 0.5263671875 0.059375 0.064453125
1 0.58984375 0.517578125 0.0546875 0.05859375
1 0.71328125 0.5048828125 0.0484375 0.068359375
1 0.66015625 0.4990234375 0.0203125 0.021484375
1 0.67578125 0.494140625 0.0203125 0.0234375
1 0.62890625 0.4931640625 0.0171875 0.017578125
1 0.640625 0.4921875 0.0125 0.015625
1 0.64765625 0.48828125 0.0109375 0.01171875
1 0.6140625 0.4892578125 0.0125 0.021484375
