0 0.27578125 0.533203125 0.0421875 0.125
0 0.50859375 0.4365234375 0.0046875 0.017578125
2 0.37265625 0.5185546875 0.0296875 0.068359375
2 0.4546875 0.626953125 0.0625 0.1640625
1 0.03828125 0.6337890625 0.0765625 0.169921875
1 0.128125 0.5478515625 0.203125 0.189453125
1 0.23828125 0.5205078125 0.0609375 0.115234375
1 0.30546875 0.5078125 0.0671875 0.08203125
1 0.33125 0.4697265625 0.0625 0.044921875
1 0.36796875 0.4775390625 0.0515625 0.048828125
1 0.403125 0.4677734375 0.0375 0.037109375
1 0.41484375 0.462890625 0.0203125 0.03515625
1 0.4234375 0.4580078125 0.025 0.037109375
1 0.44140625 0.4521484375 0.0234375 0.033203125
1 0.46796875 0.4521484375 0.0234375 0.025390625
1 0.48125 0.44140625 0.015625 0.015625
1 0.48671875 0.4384765625 0.0140625 0.017578125
1 0.5015625 0.4375 0.009375 0.015625
1 0.51328125 0.4375 0.0046875 0.01171875
1 0.52578125 0.435546875 0.0140625 0.015625
1 0.58359375 0.4814453125 0.0546875 0.056640625
1 0.57109375 0.4677734375 0.0578125 0.060546875
1 0.54453125 0.45703125 0.0296875 0.0390625
1 0.53515625 0.4521484375 0.0171875 0.029296875
1 0.6484375 0.455078125 0.09375 0.03125
1 0.67265625 0.435546875 0.0296875 0.015625
1 0.76484375 0.453125 0.0796875 0.03125
1 0.74609375 0.4453125 0.0859375 0.0390625
1 0.78515625 0.6162109375 0.2171875 0.193359375
1 0.70703125 0.552734375 0.1515625 0.15234375
1 0.6703125 0.498046875 0.09375 0.0703125
1 0.896875 0.7705078125 0.20625 0.458984375
11 0.59921875 0.7041015625 0.0296875 0.033203125
