8 0.62734375 0.408203125 0.0171875 0.01953125
0 0.50390625 0.470703125 0.0140625 0.03125
0 0.48515625 0.470703125 0.0109375 0.03515625
0 0.4921875 0.4697265625 0.009375 0.037109375
0 0.4140625 0.4580078125 0.009375 0.029296875
0 0.43203125 0.4599609375 0.0109375 0.033203125
0 0.43828125 0.4609375 0.0078125 0.03125
0 0.44453125 0.455078125 0.0078125 0.02734375
0 0.42109375 0.458984375 0.0078125 0.02734375
1 0.15 0.521484375 0.18125 0.1328125
1 0.3078125 0.48828125 0.14375 0.11328125
1 0.38671875 0.4794921875 0.0203125 0.056640625
1 0.39609375 0.4697265625 0.0234375 0.041015625
1 0.4703125 0.462890625 0.025 0.02734375
1 0.45390625 0.458984375 0.0171875 0.0234375
1 0.6109375 0.4765625 0.059375 0.05859375
1 0.61328125 0.486328125 0.0546875 0.05859375
1 0.62109375 0.498046875 0.0578125 0.06640625
1 0.68125 0.525390625 0.128125 0.1171875
1 0.81953125 0.5908203125 0.2484375 0.224609375
1 0.94453125 0.4970703125 0.1109375 0.076171875
1 0.86171875 0.4794921875 0.0859375 0.044921875
1 0.70859375 0.458984375 0.0484375 0.0390625
1 0.5671875 0.46875 0.040625 0.03125
