6 0.27578125 0.2626953125 0.0140625 0.044921875
6 0.41875 0.2666015625 0.015625 0.048828125
6 0.86796875 0.3720703125 0.0109375 0.037109375
6 0.81640625 0.3720703125 0.0140625 0.052734375
6 0.60078125 0.376953125 0.0109375 0.0390625
8 0.30078125 0.259765625 0.0171875 0.0234375
8 0.59375 0.318359375 0.021875 0.015625
2 0.5984375 0.4951171875 0.046875 0.037109375
1 0.35625 0.47265625 0.05625 0.07421875
1 0.4296875 0.4990234375 0.1125 0.107421875
1 0.51015625 0.4765625 0.0359375 0.03515625
1 0.4859375 0.474609375 0.01875 0.02734375
1 0.96796875 0.5009765625 0.0640625 0.087890625
