8 0.4 0.4248046875 0.0125 0.005859375
0 0.4984375 0.4619140625 0.00625 0.025390625
0 0.4578125 0.4521484375 0.00625 0.017578125
0 0.44765625 0.451171875 0.0046875 0.015625
0 0.42890625 0.455078125 0.0078125 0.0234375
0 0.4234375 0.455078125 0.00625 0.0234375
0 0.41640625 0.455078125 0.0078125 0.0234375
0 0.34921875 0.462890625 0.0078125 0.0390625
0 0.36796875 0.46484375 0.0109375 0.0390625
0 0.3609375 0.46484375 0.00625 0.0390625
1 0.86328125 0.6015625 0.2203125 0.1640625
1 0.76328125 0.5556640625 0.1234375 0.119140625
1 0.69921875 0.517578125 0.1015625 0.1015625
1 0.66796875 0.4658203125 0.0359375 0.021484375
1 0.6375 0.5009765625 0.053125 0.068359375
1 0.6171875 0.4892578125 0.0375 0.048828125
1 0.6078125 0.4853515625 0.03125 0.044921875
1 0.60078125 0.4765625 0.0484375 0.05078125
1 0.75703125 0.4677734375 0.0265625 0.029296875
1 0.56328125 0.4638671875 0.0234375 0.025390625
1 0.553125 0.4609375 0.0125 0.01953125
1 0.54375 0.4580078125 0.009375 0.013671875
1 0.534375 0.4560546875 0.0125 0.013671875
1 0.52578125 0.453125 0.0109375 0.01171875
1 0.5078125 0.4560546875 0.01875 0.025390625
