0 0.30703125 0.4638671875 0.0171875 0.056640625
0 0.2890625 0.4638671875 0.0125 0.056640625
0 0.26484375 0.466796875 0.0171875 0.0625
0 0.2484375 0.4677734375 0.015625 0.060546875
0 0.2015625 0.4677734375 0.021875 0.083984375
0 0.18359375 0.4736328125 0.0203125 0.083984375
0 0.16640625 0.4755859375 0.0203125 0.083984375
0 0.11484375 0.4755859375 0.0234375 0.095703125
0 0.09140625 0.482421875 0.0265625 0.1171875
0 0.071875 0.4775390625 0.025 0.095703125
0 0.0140625 0.4794921875 0.025 0.083984375
0 0.32265625 0.4697265625 0.0078125 0.029296875
1 0.44140625 0.4873046875 0.0671875 0.072265625
1 0.39609375 0.46875 0.0328125 0.03515625
1 0.35546875 0.48046875 0.0578125 0.0546875
