6 0.37421875 0.466796875 0.0140625 0.0390625
6 0.3765625 0.5576171875 0.00625 0.017578125
6 0.503125 0.5048828125 0.003125 0.013671875
6 0.671875 0.443359375 0.009375 0.03515625
6 0.6671875 0.5234375 0.00625 0.01953125
6 0.67578125 0.4921875 0.0078125 0.01171875
6 0.6109375 0.5166015625 0.00625 0.021484375
6 0.59140625 0.5009765625 0.0046875 0.013671875
8 0.37421875 0.505859375 0.0234375 0.03125
8 0.37578125 0.5361328125 0.0203125 0.009765625
0 0.17109375 0.55859375 0.0359375 0.04296875
0 0.12890625 0.5634765625 0.0328125 0.044921875
1 0.9171875 0.8125 0.165625 0.375
1 0.81796875 0.671875 0.2984375 0.2890625
1 0.63203125 0.634765625 0.1296875 0.1328125
1 0.6125 0.5849609375 0.08125 0.048828125
1 0.5796875 0.587890625 0.06875 0.08203125
1 0.54453125 0.5771484375 0.0296875 0.056640625
1 0.53203125 0.56640625 0.0390625 0.05078125
1 0.515625 0.55859375 0.034375 0.0390625
1 0.49453125 0.5576171875 0.0265625 0.037109375
1 0.47578125 0.5341796875 0.0171875 0.013671875
1 0.46171875 0.544921875 0.0453125 0.0234375
1 0.4734375 0.583984375 0.075 0.0546875
1 0.41171875 0.7060546875 0.2640625 0.298828125
1 0.15546875 0.6884765625 0.2828125 0.220703125
