1 0.0640625 0.4951171875 0.128125 0.111328125
1 0.1453125 0.486328125 0.090625 0.08203125
1 0.19453125 0.462890625 0.0953125 0.09765625
1 0.259375 0.4677734375 0.0375 0.048828125
1 0.2828125 0.4638671875 0.034375 0.044921875
1 0.2984375 0.4560546875 0.04375 0.048828125
1 0.31875 0.4521484375 0.021875 0.041015625
1 0.3359375 0.4482421875 0.021875 0.037109375
1 0.35703125 0.4423828125 0.0265625 0.021484375
1 0.38359375 0.4365234375 0.0203125 0.017578125
1 0.4296875 0.43359375 0.0125 0.01171875
1 0.45703125 0.431640625 0.0109375 0.01171875
1 0.4671875 0.4384765625 0.01875 0.017578125
1 0.459375 0.435546875 0.0125 0.015625
1 0.490625 0.4482421875 0.0125 0.029296875
1 0.51171875 0.451171875 0.0453125 0.05078125
1 0.5203125 0.4580078125 0.021875 0.044921875
1 0.52890625 0.4619140625 0.0265625 0.048828125
1 0.559375 0.462890625 0.0625 0.06640625
1 0.58203125 0.46875 0.0734375 0.06640625
1 0.60859375 0.443359375 0.0328125 0.02734375
1 0.40703125 0.4375 0.0140625 0.015625
1 0.3953125 0.4375 0.009375 0.015625
1 0.44453125 0.43359375 0.0109375 0.01171875
