0 0.3375 0.4638671875 0.009375 0.025390625
0 0.8484375 0.4267578125 0.01875 0.037109375
0 0.4859375 0.4716796875 0.01875 0.080078125
0 0.1796875 0.4560546875 0.0125 0.029296875
2 0.11953125 0.49609375 0.0578125 0.06640625
2 0.8453125 0.5166015625 0.071875 0.123046875
2 0.80546875 0.50390625 0.0609375 0.14453125
2 0.740625 0.517578125 0.05625 0.10546875
2 0.69921875 0.505859375 0.0421875 0.09765625
2 0.675 0.48828125 0.03125 0.08984375
2 0.5875 0.5244140625 0.04375 0.119140625
2 0.5515625 0.4794921875 0.0125 0.037109375
2 0.4453125 0.50390625 0.015625 0.05859375
1 0.21328125 0.4990234375 0.1265625 0.095703125
1 0.2765625 0.4873046875 0.053125 0.072265625
1 0.303125 0.4775390625 0.034375 0.056640625
1 0.39375 0.462890625 0.015625 0.015625
