6 0.59765625 0.4541015625 0.0046875 0.013671875
6 0.421875 0.4541015625 0.003125 0.013671875
0 0.77109375 0.509765625 0.0171875 0.0625
0 0.72734375 0.4892578125 0.0203125 0.029296875
0 0.75625 0.509765625 0.015625 0.078125
0 0.42578125 0.4912109375 0.0046875 0.013671875
0 0.35078125 0.4921875 0.0109375 0.01953125
0 0.25703125 0.4951171875 0.0078125 0.021484375
0 0.04609375 0.4921875 0.0203125 0.03515625
0 0.08046875 0.490234375 0.0234375 0.0390625
0 0.1203125 0.490234375 0.021875 0.0546875
0 0.14921875 0.4921875 0.0203125 0.05078125
0 0.16796875 0.5068359375 0.0203125 0.072265625
0 0.221875 0.4892578125 0.015625 0.025390625
0 0.18828125 0.490234375 0.0171875 0.03125
0 0.6140625 0.486328125 0.00625 0.01171875
2 0.565625 0.5126953125 0.015625 0.029296875
1 0.4515625 0.5009765625 0.025 0.025390625
1 0.503125 0.5234375 0.071875 0.07421875
1 0.52421875 0.513671875 0.0359375 0.05859375
1 0.52734375 0.5048828125 0.0359375 0.048828125
1 0.55625 0.5078125 0.021875 0.0234375
1 0.59140625 0.50390625 0.0390625 0.03515625
