4 0.0359375 0.5224609375 0.071875 0.451171875
4 0.47265625 0.47265625 0.0609375 0.05078125
0 0.71328125 0.470703125 0.0109375 0.04296875
0 0.7234375 0.4736328125 0.009375 0.029296875
1 0.10859375 0.5419921875 0.0890625 0.068359375
1 0.2453125 0.5263671875 0.1125 0.072265625
1 0.19609375 0.5234375 0.0546875 0.05859375
1 0.30703125 0.5126953125 0.0390625 0.037109375
1 0.3546875 0.5087890625 0.059375 0.044921875
1 0.6015625 0.5224609375 0.171875 0.138671875
1 0.3953125 0.4990234375 0.028125 0.029296875
1 0.1515625 0.5322265625 0.015625 0.044921875
