6 0.021875 0.3154296875 0.0125 0.044921875
6 0.3640625 0.3427734375 0.0125 0.041015625
6 0.58984375 0.34765625 0.0109375 0.046875
6 0.43515625 0.2890625 0.0140625 0.05078125
6 0.1515625 0.2861328125 0.015625 0.064453125
0 0.778125 0.4404296875 0.009375 0.037109375
0 0.7609375 0.44140625 0.0125 0.04296875
0 0.740625 0.4365234375 0.0125 0.041015625
0 0.703125 0.43359375 0.015625 0.0390625
0 0.6578125 0.3798828125 0.009375 0.033203125
0 0.64765625 0.380859375 0.0109375 0.03125
0 0.63359375 0.3642578125 0.0078125 0.013671875
0 0.45859375 0.375 0.0140625 0.0390625
0 0.26953125 0.3896484375 0.0046875 0.013671875
0 0.2453125 0.388671875 0.00625 0.0234375
0 0.2234375 0.38671875 0.00625 0.01953125
0 0.0921875 0.408203125 0.0125 0.06640625
0 0.1046875 0.4072265625 0.01875 0.072265625
0 0.07890625 0.37890625 0.0078125 0.02734375
0 0.01875 0.3798828125 0.009375 0.029296875
0 0.06796875 0.376953125 0.0078125 0.02734375
1 0.98828125 0.470703125 0.0234375 0.05078125
1 0.1515625 0.404296875 0.08125 0.05078125
1 0.20546875 0.404296875 0.0765625 0.046875
1 0.475 0.4697265625 0.03125 0.115234375
1 0.55859375 0.474609375 0.1765625 0.21875
1 0.64375 0.6005859375 0.340625 0.306640625
