6 0.7328125 0.240234375 0.03125 0.0859375
6 0.7453125 0.3291015625 0.028125 0.037109375
6 0.40859375 0.2734375 0.0171875 0.07421875
6 0.40390625 0.3447265625 0.0234375 0.029296875
8 0.73984375 0.294921875 0.0328125 0.0234375
8 0.8046875 0.3076171875 0.053125 0.017578125
8 0.3421875 0.3662109375 0.015625 0.025390625
0 0.83359375 0.44921875 0.0328125 0.12890625
0 0.79609375 0.412109375 0.0234375 0.05078125
0 0.69296875 0.4755859375 0.0453125 0.185546875
0 0.64765625 0.470703125 0.0515625 0.19140625
0 0.375 0.44921875 0.025 0.10546875
1 0.30703125 0.4580078125 0.0546875 0.056640625
1 0.25234375 0.4482421875 0.0140625 0.013671875
1 0.23828125 0.4482421875 0.0140625 0.013671875
1 0.26640625 0.451171875 0.0109375 0.0078125
7 0.3828125 0.47265625 0.015625 0.05859375
