6 0.0234375 0.251953125 0.021875 0.06640625
6 0.18125 0.30859375 0.01875 0.05078125
6 0.44140625 0.3759765625 0.0078125 0.017578125
6 0.68359375 0.328125 0.0140625 0.05078125
6 0.61328125 0.3984375 0.0046875 0.015625
6 0.621875 0.3994140625 0.003125 0.013671875
8 0.0421875 0.30859375 0.028125 0.0234375
8 0.04140625 0.3330078125 0.0296875 0.021484375
8 0.55078125 0.376953125 0.0078125 0.0078125
8 0.55078125 0.38671875 0.0078125 0.0078125
8 0.71328125 0.4677734375 0.0203125 0.052734375
8 0.578125 0.396484375 0.00625 0.01171875
8 0.16640625 0.4853515625 0.0640625 0.083984375
8 0.21953125 0.4794921875 0.0546875 0.064453125
8 0.2328125 0.4521484375 0.021875 0.064453125
8 0.17578125 0.4072265625 0.0359375 0.021484375
8 0.0171875 0.4462890625 0.01875 0.068359375
0 0.35234375 0.4345703125 0.0203125 0.080078125
0 0.40234375 0.44140625 0.0234375 0.0703125
0 0.62421875 0.4345703125 0.0109375 0.029296875
2 0.59609375 0.4345703125 0.0078125 0.013671875
1 0.46953125 0.4384765625 0.0484375 0.048828125
1 0.4796875 0.4267578125 0.046875 0.048828125
1 0.5171875 0.419921875 0.021875 0.01953125
1 0.54921875 0.421875 0.0203125 0.01953125
1 0.62890625 0.4365234375 0.0203125 0.029296875
1 0.64296875 0.4375 0.0203125 0.03125
1 0.65859375 0.4501953125 0.0265625 0.056640625
1 0.71484375 0.4501953125 0.0953125 0.087890625
1 0.50390625 0.41796875 0.0109375 0.015625
