0 0.1984375 0.48828125 0.028125 0.07421875
0 0.21640625 0.4765625 0.0140625 0.046875
0 0.25 0.4638671875 0.0125 0.025390625
0 0.24140625 0.4609375 0.0078125 0.02734375
0 0.28515625 0.455078125 0.0140625 0.03125
0 0.31328125 0.451171875 0.0078125 0.03515625
0 0.32109375 0.451171875 0.0109375 0.03125
0 0.61640625 0.447265625 0.0109375 0.015625
0 0.6359375 0.4599609375 0.009375 0.037109375
0 0.715625 0.498046875 0.025 0.1015625
0 0.51875 0.4462890625 0.00625 0.025390625
2 0.57734375 0.4970703125 0.0171875 0.041015625
2 0.59453125 0.515625 0.0234375 0.05078125
2 0.34453125 0.4853515625 0.0171875 0.029296875
1 0.98359375 0.52734375 0.0328125 0.0625
1 0.703125 0.462890625 0.075 0.03515625
1 0.60859375 0.4755859375 0.0390625 0.052734375
1 0.55625 0.4609375 0.025 0.03125
1 0.53828125 0.458984375 0.0203125 0.02734375
1 0.49296875 0.455078125 0.0359375 0.03125
1 0.4703125 0.455078125 0.034375 0.02734375
1 0.4421875 0.451171875 0.028125 0.0234375
1 0.37734375 0.447265625 0.0328125 0.02734375
1 0.2890625 0.5185546875 0.1125 0.107421875
8 0.80546875 0.3935546875 0.0140625 0.017578125
