6 0.8453125 0.267578125 0.021875 0.0625
6 0.84921875 0.34375 0.0171875 0.02734375
6 0.8890625 0.3447265625 0.021875 0.025390625
6 0.64453125 0.2880859375 0.0140625 0.048828125
8 0.65078125 0.337890625 0.0359375 0.01171875
8 0.50859375 0.365234375 0.0109375 0.015625
8 0.50859375 0.384765625 0.0078125 0.01171875
8 0.50859375 0.396484375 0.0046875 0.0078125
0 0.3734375 0.38671875 0.009375 0.03125
2 0.75390625 0.46484375 0.0828125 0.0625
2 0.3484375 0.4599609375 0.1125 0.080078125
5 0.6171875 0.4140625 0.065625 0.07421875
1 0.3234375 0.4375 0.0875 0.08203125
1 0.378125 0.423828125 0.028125 0.0390625
1 0.48359375 0.4287109375 0.0390625 0.044921875
1 0.45859375 0.4248046875 0.0171875 0.025390625
1 0.45390625 0.4111328125 0.0171875 0.017578125
1 0.45 0.404296875 0.015625 0.01953125
1 0.44453125 0.3974609375 0.0140625 0.017578125
1 0.42578125 0.3994140625 0.0140625 0.017578125
1 0.42421875 0.3798828125 0.0109375 0.013671875
1 0.390625 0.392578125 0.015625 0.015625
7 0.12578125 0.45703125 0.0140625 0.046875
