6 0.02734375 0.4267578125 0.0234375 0.068359375
6 0.715625 0.4580078125 0.01875 0.052734375
6 0.63984375 0.546875 0.0078125 0.03125
6 0.1015625 0.498046875 0.0125 0.0390625
6 0.5109375 0.509765625 0.00625 0.0234375
8 0.02890625 0.48828125 0.0390625 0.046875
8 0.728125 0.3974609375 0.0375 0.064453125
8 0.73125 0.5078125 0.034375 0.04296875
0 0.50625 0.5732421875 0.009375 0.029296875
0 0.553125 0.5791015625 0.0125 0.041015625
0 0.56484375 0.5771484375 0.0109375 0.041015625
0 0.9421875 0.6416015625 0.046875 0.169921875
0 0.984375 0.6591796875 0.03125 0.185546875
0 0.140625 0.5751953125 0.0125 0.021484375
0 0.065625 0.576171875 0.015625 0.01953125
0 0.11875 0.5732421875 0.021875 0.025390625
1 0.09921875 0.708984375 0.1984375 0.24609375
1 0.2171875 0.6279296875 0.125 0.126953125
1 0.27578125 0.5927734375 0.0359375 0.044921875
1 0.29609375 0.5859375 0.0171875 0.0234375
1 0.3109375 0.5849609375 0.015625 0.021484375
1 0.37578125 0.6025390625 0.0671875 0.068359375
1 0.47734375 0.65625 0.1421875 0.14453125
1 0.40234375 0.57421875 0.0234375 0.03125
1 0.8265625 0.587890625 0.0375 0.05078125
1 0.32109375 0.5810546875 0.0140625 0.017578125
1 0.33359375 0.5751953125 0.0140625 0.017578125
1 0.4265625 0.578125 0.0125 0.01171875
