6 0.16328125 0.4072265625 0.0078125 0.017578125
6 0.64296875 0.4130859375 0.0046875 0.017578125
6 0.1015625 0.38671875 0.009375 0.0234375
8 0.59765625 0.390625 0.0171875 0.0390625
8 0.5953125 0.4267578125 0.015625 0.029296875
8 0.23203125 0.384765625 0.0171875 0.0390625
8 0.23828125 0.416015625 0.0140625 0.0234375
8 0.28046875 0.4150390625 0.0109375 0.025390625
8 0.3328125 0.42578125 0.009375 0.015625
8 0.73671875 0.38671875 0.0171875 0.01953125
8 0.7375 0.439453125 0.015625 0.03125
8 0.925 0.23046875 0.0625 0.109375
0 0.7078125 0.44921875 0.01875 0.03125
0 0.76015625 0.453125 0.0109375 0.015625
0 0.56640625 0.4697265625 0.0140625 0.044921875
0 0.5875 0.462890625 0.009375 0.03125
0 0.965625 0.4658203125 0.021875 0.029296875
0 0.3515625 0.4521484375 0.0125 0.033203125
2 0.23984375 0.4921875 0.0203125 0.05078125
2 0.21796875 0.4951171875 0.0234375 0.052734375
2 0.17734375 0.501953125 0.0359375 0.06640625
1 0.4015625 0.4580078125 0.015625 0.017578125
1 0.375 0.4677734375 0.04375 0.044921875
1 0.29609375 0.4833984375 0.1078125 0.099609375
1 0.45078125 0.4765625 0.0953125 0.10546875
1 0.646875 0.5078125 0.13125 0.12109375
