6 0.14375 0.2177734375 0.03125 0.103515625
6 0.12890625 0.3369140625 0.0390625 0.044921875
8 0.62421875 0.4345703125 0.0078125 0.017578125
8 0.55859375 0.4248046875 0.0109375 0.017578125
0 0.03125 0.498046875 0.040625 0.18359375
0 0.06875 0.484375 0.04375 0.1875
5 0.50859375 0.44921875 0.0515625 0.078125
1 0.35078125 0.482421875 0.0640625 0.0625
1 0.36328125 0.46484375 0.0453125 0.04296875
1 0.375 0.4599609375 0.034375 0.044921875
1 0.43828125 0.4716796875 0.0390625 0.041015625
1 0.4125 0.45703125 0.021875 0.0234375
1 0.40078125 0.4541015625 0.0140625 0.025390625
1 0.64765625 0.5009765625 0.0734375 0.068359375
1 0.59765625 0.490234375 0.0671875 0.0546875
1 0.56875 0.482421875 0.03125 0.046875
1 0.5515625 0.48046875 0.034375 0.046875
1 0.534375 0.474609375 0.034375 0.046875
1 0.5140625 0.478515625 0.01875 0.03125
1 0.47890625 0.4677734375 0.0109375 0.021484375
1 0.471875 0.4619140625 0.025 0.025390625
11 0.73359375 0.4716796875 0.1296875 0.166015625
