6 0.64296875 0.34375 0.0171875 0.0703125
6 0.78046875 0.357421875 0.0109375 0.04296875
6 0.40703125 0.4267578125 0.0140625 0.021484375
6 0.55546875 0.4482421875 0.0140625 0.017578125
6 0.60703125 0.4296875 0.0171875 0.01953125
6 0.63203125 0.498046875 0.0171875 0.03515625
6 0.9375 0.40234375 0.021875 0.02734375
8 0.971875 0.2509765625 0.05625 0.130859375
8 0.22265625 0.259765625 0.1078125 0.171875
0 0.41640625 0.490234375 0.0109375 0.04296875
0 0.4265625 0.48828125 0.0125 0.046875
2 0.578125 0.521484375 0.0375 0.06640625
1 0.49453125 0.580078125 0.1515625 0.15625
1 0.325 0.490234375 0.0375 0.03125
