6 0.2859375 0.3427734375 0.0125 0.041015625
6 0.284375 0.3916015625 0.0125 0.017578125
6 0.53984375 0.2177734375 0.0171875 0.052734375
6 0.70078125 0.3251953125 0.0171875 0.048828125
6 0.7 0.376953125 0.0125 0.01953125
6 0.98984375 0.1044921875 0.0203125 0.123046875
6 0.96171875 0.130859375 0.0453125 0.1484375
6 0.971875 0.2734375 0.021875 0.04296875
0 0.259375 0.4609375 0.01875 0.0625
0 0.2515625 0.4541015625 0.015625 0.068359375
0 0.35859375 0.474609375 0.0359375 0.16015625
0 0.5703125 0.44921875 0.00625 0.02734375
0 0.22109375 0.4306640625 0.0078125 0.025390625
0 0.68046875 0.4580078125 0.0140625 0.044921875
0 0.96015625 0.44140625 0.0328125 0.08203125
2 0.55 0.4755859375 0.021875 0.041015625
2 0.58671875 0.4755859375 0.0140625 0.037109375
1 0.384375 0.4599609375 0.0375 0.056640625
1 0.45234375 0.46484375 0.0546875 0.0546875
1 0.471875 0.4560546875 0.05 0.060546875
1 0.50703125 0.4482421875 0.0328125 0.041015625
1 0.8234375 0.5361328125 0.340625 0.267578125
11 0.41484375 0.509765625 0.0265625 0.01171875
