6 0.36875 0.4638671875 0.0125 0.041015625
6 0.37109375 0.5576171875 0.0078125 0.021484375
6 0.67890625 0.4384765625 0.0109375 0.037109375
6 0.67421875 0.5205078125 0.0078125 0.021484375
6 0.75859375 0.5 0.0109375 0.03125
6 0.69765625 0.49609375 0.0078125 0.015625
6 0.68359375 0.4892578125 0.0078125 0.013671875
6 0.59296875 0.5 0.0046875 0.015625
6 0.50390625 0.501953125 0.0046875 0.01171875
6 0.62109375 0.4970703125 0.0046875 0.013671875
8 0.36953125 0.501953125 0.0234375 0.03125
8 0.403125 0.51953125 0.01875 0.0078125
8 0.59296875 0.5126953125 0.0078125 0.009765625
8 0.56328125 0.5078125 0.0109375 0.00390625
0 0.1125 0.5625 0.034375 0.046875
0 0.14765625 0.560546875 0.0328125 0.05078125
1 0.13828125 0.70703125 0.2765625 0.24609375
1 0.4078125 0.7216796875 0.26875 0.283203125
1 0.94453125 0.86328125 0.1109375 0.2734375
1 0.84375 0.685546875 0.3125 0.32421875
1 0.6453125 0.6435546875 0.140625 0.142578125
1 0.6171875 0.595703125 0.084375 0.0703125
1 0.58359375 0.5859375 0.0671875 0.07421875
1 0.54921875 0.576171875 0.0296875 0.0546875
1 0.53203125 0.5634765625 0.0421875 0.044921875
1 0.51640625 0.5556640625 0.0359375 0.037109375
1 0.4609375 0.58984375 0.1 0.0703125
1 0.46171875 0.5458984375 0.0453125 0.025390625
1 0.49453125 0.556640625 0.0265625 0.03515625
