6 0.815625 0.28125 0.028125 0.08984375
6 0.37578125 0.09375 0.0265625 0.08984375
6 0.0140625 0.0810546875 0.021875 0.076171875
6 0.82109375 0.3740234375 0.0234375 0.033203125
6 0.63984375 0.3935546875 0.0109375 0.048828125
8 0.56015625 0.19140625 0.1078125 0.03125
8 0.065625 0.068359375 0.04375 0.0546875
8 0.6578125 0.3876953125 0.025 0.041015625
8 0.56484375 0.4404296875 0.0109375 0.017578125
8 0.521875 0.4482421875 0.00625 0.013671875
0 0.63125 0.4736328125 0.0125 0.029296875
0 0.59140625 0.482421875 0.0109375 0.03515625
1 0.459375 0.4833984375 0.0875 0.099609375
1 0.4078125 0.4716796875 0.01875 0.029296875
1 0.21328125 0.48046875 0.0484375 0.0390625
