6 0.4328125 0.1162109375 0.01875 0.068359375
6 0.75234375 0.2998046875 0.0171875 0.064453125
6 0.753125 0.3759765625 0.01875 0.025390625
6 0.9765625 0.271484375 0.021875 0.08203125
8 0.72578125 0.306640625 0.0171875 0.046875
8 0.59453125 0.4072265625 0.0171875 0.025390625
8 0.415625 0.47265625 0.021875 0.0078125
0 0.66796875 0.4755859375 0.0203125 0.083984375
0 0.68515625 0.47265625 0.0171875 0.078125
0 0.05390625 0.626953125 0.1078125 0.74609375
1 0.7109375 0.44921875 0.040625 0.02734375
1 0.840625 0.439453125 0.11875 0.0546875
1 0.85390625 0.44921875 0.1078125 0.046875
1 0.30390625 0.4873046875 0.0109375 0.013671875
1 0.33984375 0.4921875 0.0109375 0.015625
1 0.35 0.5048828125 0.0125 0.013671875
8 0.4484375 0.4755859375 0.00625 0.009765625
