0 0.178125 0.44921875 0.03125 0.05859375
0 0.4390625 0.490234375 0.009375 0.03125
0 0.3921875 0.4853515625 0.009375 0.033203125
0 0.37109375 0.484375 0.0078125 0.03125
0 0.3796875 0.484375 0.009375 0.03515625
0 0.37421875 0.484375 0.0078125 0.02734375
1 0.10859375 0.556640625 0.2171875 0.2109375
1 0.878125 0.513671875 0.209375 0.078125
1 0.85546875 0.576171875 0.2890625 0.12890625
1 0.209375 0.4912109375 0.0375 0.072265625
1 0.24765625 0.486328125 0.0578125 0.05859375
1 0.28046875 0.4873046875 0.0265625 0.052734375
1 0.31171875 0.484375 0.0390625 0.04296875
1 0.33125 0.482421875 0.015625 0.04296875
1 0.346875 0.482421875 0.025 0.03125
1 0.36171875 0.486328125 0.0109375 0.0234375
1 0.41484375 0.490234375 0.0203125 0.0234375
1 0.5265625 0.5322265625 0.096875 0.099609375
1 0.4890625 0.50390625 0.065625 0.0703125
1 0.4703125 0.4921875 0.034375 0.0546875
1 0.45390625 0.49609375 0.0140625 0.02734375
1 0.4484375 0.494140625 0.009375 0.02734375
1 0.4265625 0.482421875 0.009375 0.01171875
0 0.146875 0.443359375 0.03125 0.0390625
