6 0.528125 0.373046875 0.00625 0.01953125
6 0.596875 0.4033203125 0.00625 0.021484375
6 0.51796875 0.3427734375 0.0078125 0.025390625
0 0.228125 0.4560546875 0.021875 0.076171875
0 0.25234375 0.4580078125 0.0234375 0.080078125
0 0.28046875 0.4599609375 0.0171875 0.080078125
0 0.2953125 0.4541015625 0.015625 0.056640625
0 0.3140625 0.455078125 0.0125 0.05859375
0 0.55703125 0.4658203125 0.0203125 0.044921875
0 0.59296875 0.4638671875 0.0140625 0.048828125
0 0.51640625 0.4541015625 0.0078125 0.029296875
0 0.528125 0.455078125 0.00625 0.02734375
0 0.534375 0.4560546875 0.00625 0.025390625
0 0.38046875 0.4482421875 0.0078125 0.029296875
0 0.18515625 0.4169921875 0.0171875 0.037109375
2 0.33515625 0.466796875 0.0171875 0.03125
2 0.3890625 0.4638671875 0.021875 0.041015625
2 0.45390625 0.470703125 0.0140625 0.02734375
2 0.3625 0.45703125 0.01875 0.0234375
2 0.15703125 0.4990234375 0.0921875 0.080078125
1 0.6203125 0.4912109375 0.0375 0.072265625
1 0.6765625 0.5029296875 0.1125 0.115234375
