6 0.67578125 0.3818359375 0.0078125 0.033203125
6 0.68046875 0.421875 0.0078125 0.015625
6 0.48359375 0.4013671875 0.0109375 0.029296875
6 0.50078125 0.400390625 0.0078125 0.0234375
6 0.49765625 0.4296875 0.0078125 0.01171875
6 0.1015625 0.3076171875 0.009375 0.033203125
6 0.1203125 0.32421875 0.009375 0.02734375
6 0.13046875 0.4033203125 0.0109375 0.033203125
6 0.13046875 0.4296875 0.0078125 0.01171875
8 0.5 0.419921875 0.015625 0.00390625
8 0.2203125 0.3955078125 0.01875 0.029296875
2 0.634375 0.4873046875 0.025 0.052734375
1 0.36640625 0.46875 0.0796875 0.04296875
1 0.24921875 0.4736328125 0.0921875 0.041015625
1 0.02578125 0.4638671875 0.0515625 0.041015625
2 0.41171875 0.486328125 0.0171875 0.0390625
