6 0.41484375 0.423828125 0.0046875 0.01171875
6 0.44609375 0.4443359375 0.0046875 0.009765625
6 0.3609375 0.4140625 0.00625 0.015625
8 0.43125 0.4306640625 0.015625 0.005859375
8 0.078125 0.4208984375 0.015625 0.013671875
2 0.8546875 0.572265625 0.09375 0.20703125
1 0.453125 0.4736328125 0.028125 0.033203125
1 0.4375 0.470703125 0.009375 0.02734375
1 0.415625 0.470703125 0.01875 0.01953125
1 0.3921875 0.4716796875 0.0125 0.017578125
1 0.37890625 0.470703125 0.0171875 0.01953125
1 0.3703125 0.47265625 0.015625 0.01953125
1 0.353125 0.4755859375 0.028125 0.029296875
1 0.1671875 0.4931640625 0.040625 0.041015625
1 0.08828125 0.55859375 0.1765625 0.23046875
11 0.228125 0.462890625 0.09375 0.1015625
8 0.67578125 0.3408203125 0.0453125 0.017578125
