4 0.4328125 0.453125 0.096875 0.046875
4 0.51875 0.447265625 0.06875 0.078125
4 0.84375 0.419921875 0.3125 0.15234375
0 0.0515625 0.494140625 0.021875 0.078125
0 0.03046875 0.494140625 0.0203125 0.078125
0 0.12890625 0.4892578125 0.0140625 0.029296875
0 0.11015625 0.4970703125 0.0203125 0.048828125
0 0.15234375 0.478515625 0.0109375 0.03125
0 0.3875 0.46484375 0.00625 0.0234375
0 0.36484375 0.4609375 0.0078125 0.0234375
0 0.37421875 0.462890625 0.0078125 0.02734375
0 0.3796875 0.4619140625 0.009375 0.025390625
0 0.590625 0.4716796875 0.01875 0.068359375
0 0.61328125 0.4638671875 0.0265625 0.083984375
0 0.6390625 0.46484375 0.025 0.0703125
0 0.66953125 0.4462890625 0.0140625 0.056640625
0 0.79375 0.5107421875 0.0625 0.212890625
0 0.8625 0.4921875 0.075 0.21484375
0 0.94453125 0.5087890625 0.0890625 0.322265625
1 0.4515625 0.462890625 0.025 0.0234375
1 0.4734375 0.462890625 0.03125 0.02734375
1 0.56953125 0.462890625 0.1234375 0.0625
1 0.9515625 0.46484375 0.096875 0.15625
7 0.340625 0.478515625 0.00625 0.01953125
