6 0.35078125 0.4697265625 0.0046875 0.005859375
6 0.47109375 0.4140625 0.0046875 0.01171875
6 0.48125 0.373046875 0.0125 0.03515625
6 0.58828125 0.43359375 0.0078125 0.01171875
6 0.32265625 0.349609375 0.0109375 0.0390625
6 0.19609375 0.4052734375 0.0109375 0.033203125
8 0.74296875 0.3935546875 0.0578125 0.068359375
8 0.4625 0.4140625 0.009375 0.01171875
0 0.8015625 0.5078125 0.0125 0.05078125
0 0.65 0.5048828125 0.0125 0.048828125
0 0.596875 0.5048828125 0.025 0.060546875
0 0.14921875 0.4873046875 0.0078125 0.044921875
0 0.16484375 0.4765625 0.0109375 0.03515625
0 0.190625 0.48828125 0.015625 0.05078125
0 0.21171875 0.4794921875 0.0109375 0.041015625
0 0.22421875 0.4794921875 0.0078125 0.021484375
0 0.2328125 0.478515625 0.009375 0.01953125
0 0.2578125 0.4814453125 0.009375 0.033203125
1 0.53671875 0.5 0.0265625 0.03125
1 0.48046875 0.494140625 0.0203125 0.0234375
1 0.40703125 0.515625 0.0796875 0.07421875
