0 0.44765625 0.4658203125 0.0109375 0.041015625
0 0.53046875 0.4609375 0.0078125 0.0234375
0 0.5390625 0.4580078125 0.0125 0.033203125
1 0.021875 0.5400390625 0.04375 0.166015625
1 0.2140625 0.51171875 0.13125 0.1015625
1 0.2796875 0.4892578125 0.090625 0.091796875
1 0.32421875 0.4833984375 0.0359375 0.072265625
1 0.34296875 0.482421875 0.0234375 0.0546875
1 0.378125 0.478515625 0.021875 0.05078125
1 0.4109375 0.4716796875 0.04375 0.041015625
1 0.4328125 0.4658203125 0.021875 0.037109375
1 0.45859375 0.462890625 0.0171875 0.02734375
1 0.47265625 0.458984375 0.0171875 0.0234375
1 0.4828125 0.4560546875 0.015625 0.017578125
1 0.49140625 0.4521484375 0.0171875 0.017578125
1 0.51484375 0.458984375 0.0234375 0.0234375
1 0.9578125 0.4716796875 0.084375 0.091796875
1 0.9265625 0.4619140625 0.146875 0.103515625
1 0.79765625 0.4580078125 0.1390625 0.083984375
1 0.728125 0.4638671875 0.05 0.072265625
1 0.69453125 0.462890625 0.0515625 0.0625
