6 0.64921875 0.3515625 0.0140625 0.05078125
6 0.65078125 0.4111328125 0.0171875 0.021484375
6 0.39765625 0.2294921875 0.0171875 0.056640625
6 0.81953125 0.3125 0.0203125 0.06640625
8 0.6359375 0.2724609375 0.04375 0.021484375
8 0.44921875 0.2216796875 0.0296875 0.037109375
8 0.65390625 0.3876953125 0.0234375 0.013671875
0 0.796875 0.4873046875 0.03125 0.123046875
0 0.74921875 0.4931640625 0.0296875 0.103515625
0 0.68984375 0.4970703125 0.0359375 0.107421875
1 0.50703125 0.470703125 0.0109375 0.01171875
1 0.49921875 0.47265625 0.0046875 0.0078125
1 0.475 0.47265625 0.009375 0.01171875
1 0.49609375 0.46875 0.0046875 0.0078125
