6 0.403125 0.4072265625 0.003125 0.009765625
6 0.434375 0.4287109375 0.003125 0.009765625
6 0.35078125 0.3974609375 0.0046875 0.013671875
8 0.41796875 0.4140625 0.0140625 0.00390625
8 0.090625 0.408203125 0.0125 0.01171875
2 0.746875 0.5390625 0.08125 0.1640625
1 0.4390625 0.4560546875 0.025 0.033203125
1 0.42578125 0.4541015625 0.0109375 0.029296875
1 0.4 0.4541015625 0.021875 0.025390625
1 0.3421875 0.458984375 0.028125 0.03125
1 0.36015625 0.45703125 0.0140625 0.01953125
1 0.3671875 0.4541015625 0.015625 0.021484375
1 0.37890625 0.453125 0.0109375 0.01953125
1 0.19375 0.470703125 0.025 0.03125
1 0.17109375 0.4736328125 0.0359375 0.033203125
1 0.1296875 0.4736328125 0.046875 0.048828125
1 0.08125 0.5498046875 0.1625 0.263671875
11 0.25234375 0.4462890625 0.0734375 0.083984375
8 0.61875 0.3427734375 0.0375 0.017578125
