8 0.16953125 0.513671875 0.0171875 0.01953125
8 0.2515625 0.4990234375 0.01875 0.017578125
8 0.26328125 0.533203125 0.0171875 0.03125
8 0.09375 0.462890625 0.06875 0.05078125
8 0.05625 0.4013671875 0.05 0.033203125
8 0.05625 0.3740234375 0.053125 0.021484375
0 0.8015625 0.615234375 0.034375 0.1328125
0 0.12265625 0.607421875 0.0171875 0.046875
1 0.93828125 0.6162109375 0.1234375 0.119140625
1 0.25390625 0.611328125 0.1046875 0.078125
1 0.353125 0.63671875 0.13125 0.11328125
1 0.46484375 0.7607421875 0.3296875 0.267578125
