6 0.565625 0.447265625 0.009375 0.0234375
6 0.5640625 0.4677734375 0.009375 0.009765625
6 0.3015625 0.4423828125 0.00625 0.021484375
6 0.3015625 0.4609375 0.00625 0.0078125
8 0.70234375 0.3798828125 0.0484375 0.068359375
8 0.61484375 0.443359375 0.0203125 0.0234375
8 0.590625 0.455078125 0.015625 0.01953125
0 0.7890625 0.5 0.0375 0.05078125
0 0.77265625 0.517578125 0.0234375 0.09765625
0 0.75859375 0.509765625 0.0234375 0.09375
0 0.7234375 0.51171875 0.028125 0.078125
0 0.6546875 0.4970703125 0.0125 0.041015625
0 0.62578125 0.5009765625 0.0171875 0.044921875
0 0.69453125 0.501953125 0.0078125 0.0625
0 0.59296875 0.4951171875 0.0078125 0.033203125
0 0.53359375 0.4990234375 0.0078125 0.013671875
0 0.08046875 0.4794921875 0.0171875 0.025390625
0 0.05703125 0.4736328125 0.0203125 0.037109375
0 0.1734375 0.48828125 0.01875 0.03515625
2 0.5734375 0.5439453125 0.03125 0.048828125
1 0.51875 0.4931640625 0.015625 0.017578125
1 0.48671875 0.51953125 0.0703125 0.07421875
