6 0.3671875 0.400390625 0.009375 0.0234375
6 0.428125 0.4033203125 0.009375 0.021484375
6 0.25234375 0.44921875 0.0046875 0.0234375
6 0.54921875 0.4814453125 0.0078125 0.017578125
6 0.5484375 0.4970703125 0.00625 0.005859375
6 0.48828125 0.44140625 0.0078125 0.015625
6 0.6484375 0.46875 0.00625 0.015625
6 0.315625 0.4765625 0.00625 0.015625
8 0.4140625 0.3984375 0.0125 0.015625
8 0.57734375 0.48046875 0.0109375 0.01171875
8 0.61875 0.4951171875 0.0125 0.009765625
1 0.46953125 0.5126953125 0.1140625 0.115234375
1 0.5890625 0.5078125 0.028125 0.03125
1 0.6328125 0.513671875 0.028125 0.01953125
1 0.74296875 0.5048828125 0.0859375 0.068359375
1 0.9546875 0.5361328125 0.090625 0.115234375
