0 0.7078125 0.4560546875 0.021875 0.048828125
0 0.41171875 0.47265625 0.0296875 0.1171875
0 0.1671875 0.4736328125 0.009375 0.041015625
2 0.9453125 0.5224609375 0.109375 0.271484375
2 0.903125 0.5625 0.125 0.26171875
2 0.77109375 0.5478515625 0.0828125 0.111328125
2 0.6203125 0.5078125 0.06875 0.109375
2 0.65078125 0.5087890625 0.0765625 0.111328125
2 0.684375 0.51171875 0.05625 0.09375
2 0.35078125 0.5029296875 0.0421875 0.080078125
2 0.43828125 0.5458984375 0.0734375 0.177734375
2 0.5515625 0.5556640625 0.090625 0.177734375
1 0.03203125 0.5068359375 0.0640625 0.138671875
1 0.28203125 0.4814453125 0.0734375 0.072265625
