6 0.10234375 0.349609375 0.0234375 0.06640625
6 0.1015625 0.419921875 0.021875 0.02734375
6 0.79921875 0.1767578125 0.0265625 0.080078125
8 0.88359375 0.4208984375 0.0171875 0.021484375
8 0.8453125 0.4501953125 0.021875 0.025390625
8 0.65859375 0.4658203125 0.0265625 0.009765625
8 0.69140625 0.4736328125 0.0078125 0.009765625
8 0.10546875 0.392578125 0.0359375 0.015625
0 0.2015625 0.4697265625 0.015625 0.033203125
0 0.21640625 0.48046875 0.0140625 0.05859375
0 0.23359375 0.484375 0.0140625 0.0546875
0 0.25234375 0.482421875 0.0171875 0.0546875
0 0.3171875 0.51953125 0.034375 0.12109375
0 0.53125 0.5107421875 0.021875 0.103515625
0 0.58984375 0.505859375 0.0296875 0.1171875
0 0.64140625 0.515625 0.0234375 0.09765625
0 0.62109375 0.5087890625 0.0328125 0.099609375
0 0.5046875 0.4921875 0.003125 0.015625
1 0.55625 0.423828125 0.009375 0.0078125
1 0.5421875 0.51953125 0.0125 0.015625
