4 0.67421875 0.4580078125 0.0453125 0.064453125
0 0.55703125 0.482421875 0.0109375 0.03125
0 0.54375 0.48046875 0.015625 0.0390625
0 0.4125 0.4873046875 0.0125 0.025390625
0 0.40390625 0.51953125 0.0171875 0.07421875
0 0.38828125 0.5078125 0.0140625 0.05859375
0 0.38125 0.51953125 0.021875 0.078125
0 0.77109375 0.45703125 0.0109375 0.03125
0 0.7609375 0.4599609375 0.009375 0.033203125
0 0.75 0.462890625 0.0125 0.0390625
0 0.92734375 0.478515625 0.0265625 0.08984375
0 0.43359375 0.49609375 0.0140625 0.0546875
3 0.8734375 0.47265625 0.015625 0.0390625
1 0.10703125 0.662109375 0.2140625 0.2734375
1 0.60625 0.46875 0.0125 0.015625
1 0.5953125 0.4716796875 0.015625 0.021484375
1 0.5796875 0.474609375 0.025 0.0234375
1 0.80703125 0.5244140625 0.1265625 0.111328125
