6 0.6859375 0.28515625 0.046875 0.05078125
6 0.7296875 0.3291015625 0.0125 0.041015625
6 0.73671875 0.3798828125 0.0109375 0.017578125
6 0.5609375 0.3486328125 0.009375 0.041015625
6 0.559375 0.3896484375 0.0125 0.013671875
8 0.6828125 0.1787109375 0.040625 0.080078125
8 0.7734375 0.3671875 0.025 0.0078125
0 0.81640625 0.466796875 0.0484375 0.20703125
0 0.64140625 0.4677734375 0.0546875 0.220703125
0 0.57890625 0.4521484375 0.0234375 0.072265625
0 0.2921875 0.4619140625 0.0125 0.041015625
0 0.66796875 0.4736328125 0.0453125 0.197265625
0 0.71640625 0.482421875 0.0328125 0.17578125
1 0.50234375 0.4599609375 0.0421875 0.041015625
1 0.24453125 0.4677734375 0.0609375 0.048828125
1 0.43515625 0.4541015625 0.0203125 0.021484375
1 0.40703125 0.4560546875 0.0296875 0.029296875
1 0.80625 0.447265625 0.134375 0.1015625
7 0.55078125 0.466796875 0.0109375 0.0390625
6 0.0921875 0.369140625 0.01875 0.05078125
6 0.115625 0.4072265625 0.015625 0.017578125
