4 0.65625 0.439453125 0.09375 0.11328125
8 0.8953125 0.3974609375 0.015625 0.017578125
8 0.08046875 0.49609375 0.0140625 0.0234375
8 0.08046875 0.4736328125 0.0171875 0.021484375
0 0.984375 0.4599609375 0.01875 0.048828125
0 0.97265625 0.458984375 0.0109375 0.04296875
0 0.990625 0.4541015625 0.009375 0.037109375
0 0.83359375 0.45703125 0.0109375 0.0234375
0 0.81875 0.458984375 0.0125 0.0234375
0 0.9484375 0.45703125 0.009375 0.03125
3 0.83125 0.4990234375 0.08125 0.060546875
3 0.8078125 0.4892578125 0.059375 0.060546875
3 0.784375 0.48828125 0.04375 0.0546875
1 0.0765625 0.5869140625 0.153125 0.115234375
1 0.22734375 0.5693359375 0.1671875 0.138671875
1 0.16015625 0.5390625 0.0640625 0.05859375
1 0.32578125 0.5390625 0.0859375 0.09375
1 0.38671875 0.525390625 0.0609375 0.06640625
1 0.46953125 0.537109375 0.1171875 0.12109375
1 0.53515625 0.51171875 0.0546875 0.05859375
1 0.57265625 0.5 0.0484375 0.05078125
1 0.58828125 0.4833984375 0.0265625 0.029296875
1 0.6015625 0.4716796875 0.015625 0.021484375
1 0.6515625 0.53515625 0.13125 0.140625
1 0.50859375 0.4814453125 0.0140625 0.009765625
1 0.540625 0.478515625 0.01875 0.01171875
1 0.55703125 0.4697265625 0.0171875 0.009765625
1 0.571875 0.4697265625 0.015625 0.009765625
1 0.58125 0.4658203125 0.0125 0.009765625
1 0.74609375 0.4775390625 0.0421875 0.041015625
