8 0.3640625 0.419921875 0.015625 0.0078125
0 0.2875 0.47265625 0.0125 0.05078125
0 0.30625 0.4736328125 0.009375 0.048828125
0 0.31484375 0.4736328125 0.0140625 0.048828125
0 0.38828125 0.45703125 0.0078125 0.02734375
0 0.3953125 0.45703125 0.009375 0.03125
0 0.403125 0.4580078125 0.009375 0.029296875
0 0.43515625 0.4501953125 0.0078125 0.021484375
0 0.546875 0.458984375 0.009375 0.0390625
0 0.42578125 0.447265625 0.0046875 0.015625
0 0.41796875 0.447265625 0.0046875 0.015625
0 0.41328125 0.4482421875 0.0046875 0.017578125
0 0.46015625 0.44921875 0.0046875 0.015625
1 0.49765625 0.4521484375 0.0203125 0.017578125
1 0.5140625 0.447265625 0.009375 0.01171875
1 0.52734375 0.4501953125 0.0171875 0.017578125
1 0.55546875 0.4560546875 0.0140625 0.021484375
1 0.56953125 0.4638671875 0.0265625 0.033203125
1 0.69296875 0.46484375 0.0484375 0.02734375
1 0.77734375 0.46875 0.0296875 0.02734375
1 0.80859375 0.462890625 0.0296875 0.04296875
1 0.63125 0.4833984375 0.065625 0.072265625
1 0.6375 0.4892578125 0.05625 0.072265625
1 0.6640625 0.5029296875 0.071875 0.072265625
1 0.68515625 0.5205078125 0.0703125 0.091796875
1 0.7546875 0.544921875 0.1375 0.12890625
1 0.92578125 0.66796875 0.1484375 0.33203125
1 0.12265625 0.4541015625 0.0421875 0.029296875
1 0.0796875 0.4599609375 0.028125 0.025390625
