8 0.334375 0.2822265625 0.034375 0.064453125
0 0.5328125 0.43359375 0.09375 0.07421875
0 0.45390625 0.42578125 0.0640625 0.07421875
0 0.34765625 0.416015625 0.0328125 0.10546875
0 0.01953125 0.4169921875 0.0390625 0.193359375
0 0.10546875 0.4326171875 0.0515625 0.177734375
0 0.1 0.376953125 0.0375 0.08984375
0 0.1328125 0.373046875 0.028125 0.078125
0 0.16640625 0.373046875 0.0296875 0.0703125
0 0.2015625 0.3984375 0.021875 0.0703125
0 0.20078125 0.376953125 0.0265625 0.05859375
0 0.2328125 0.4072265625 0.034375 0.119140625
0 0.33671875 0.388671875 0.0109375 0.04296875
0 0.384375 0.4140625 0.01875 0.0703125
0 0.42421875 0.408203125 0.0140625 0.0625
0 0.4078125 0.3984375 0.015625 0.0625
0 0.97421875 0.4755859375 0.0296875 0.123046875
0 0.98203125 0.474609375 0.0265625 0.12890625
0 0.9125 0.462890625 0.028125 0.10546875
0 0.9375 0.4658203125 0.028125 0.091796875
0 0.925 0.447265625 0.015625 0.0625
0 0.8734375 0.4658203125 0.034375 0.103515625
0 0.853125 0.4462890625 0.01875 0.068359375
0 0.83828125 0.4423828125 0.0171875 0.072265625
0 0.8171875 0.4453125 0.01875 0.078125
0 0.7984375 0.439453125 0.01875 0.0703125
0 0.77578125 0.4306640625 0.0171875 0.060546875
0 0.76015625 0.4267578125 0.0140625 0.056640625
0 0.7828125 0.4248046875 0.0125 0.052734375
0 0.68359375 0.421875 0.0109375 0.046875
0 0.690625 0.41796875 0.009375 0.046875
0 0.70546875 0.4208984375 0.0140625 0.052734375
0 0.71875 0.421875 0.0125 0.0546875
0 0.73203125 0.423828125 0.0140625 0.05078125
0 0.74375 0.423828125 0.009375 0.03515625
2 0.509375 0.4814453125 0.2875 0.419921875
2 0.5796875 0.4365234375 0.01875 0.044921875
