1 0.46171875 0.4697265625 0.0296875 0.033203125
1 0.48046875 0.4638671875 0.0109375 0.009765625
1 0.48984375 0.462890625 0.0109375 0.0078125
1 0.5 0.462890625 0.009375 0.0078125
1 0.446875 0.484375 0.0375 0.04296875
1 0.41875 0.458984375 0.0125 0.0078125
1 0.3953125 0.4580078125 0.0125 0.009765625
1 0.375 0.4599609375 0.015625 0.013671875
1 0.35234375 0.4580078125 0.0171875 0.009765625
1 0.421875 0.484375 0.03125 0.05078125
1 0.39453125 0.490234375 0.0546875 0.0625
1 0.34609375 0.5029296875 0.0671875 0.080078125
1 0.28671875 0.51171875 0.0765625 0.10546875
1 0.0359375 0.4462890625 0.071875 0.052734375
1 0.08828125 0.490234375 0.1359375 0.09765625
1 0.196875 0.5244140625 0.171875 0.130859375
1 0.603125 0.484375 0.034375 0.0546875
1 0.634375 0.4921875 0.06875 0.078125
1 0.659375 0.5126953125 0.05625 0.080078125
1 0.525 0.556640625 0.184375 0.1875
1 0.7265625 0.5244140625 0.134375 0.138671875
1 0.73828125 0.5625 0.1015625 0.1484375
1 0.86953125 0.5888671875 0.2609375 0.298828125
