0 0.54296875 0.4580078125 0.0109375 0.052734375
0 0.534375 0.4609375 0.009375 0.046875
0 0.52421875 0.4541015625 0.0109375 0.044921875
0 0.0125 0.4970703125 0.025 0.068359375
2 0.49140625 0.4375 0.0046875 0.0078125
1 0.884375 0.6904296875 0.23125 0.357421875
1 0.76796875 0.5947265625 0.1796875 0.185546875
1 0.7046875 0.5458984375 0.13125 0.123046875
1 0.65078125 0.5009765625 0.1234375 0.123046875
1 0.58359375 0.4716796875 0.0609375 0.072265625
1 0.55625 0.4521484375 0.01875 0.029296875
1 0.52109375 0.4365234375 0.0140625 0.017578125
1 0.51328125 0.4306640625 0.0109375 0.009765625
1 0.4984375 0.42578125 0.003125 0.00390625
1 0.4859375 0.427734375 0.00625 0.0078125
1 0.47734375 0.4326171875 0.0109375 0.013671875
1 0.4703125 0.4375 0.015625 0.01953125
1 0.459375 0.439453125 0.015625 0.01953125
1 0.4453125 0.443359375 0.01875 0.0234375
1 0.43828125 0.4501953125 0.0171875 0.025390625
1 0.4234375 0.44921875 0.025 0.03125
1 0.41171875 0.453125 0.0234375 0.0390625
1 0.40546875 0.4560546875 0.0203125 0.044921875
1 0.38828125 0.46484375 0.0453125 0.06640625
1 0.35859375 0.4755859375 0.0515625 0.060546875
1 0.33828125 0.4873046875 0.0421875 0.056640625
1 0.30546875 0.494140625 0.0609375 0.06640625
1 0.27734375 0.51171875 0.0703125 0.0859375
1 0.1859375 0.5302734375 0.16875 0.142578125
1 0.0625 0.623046875 0.125 0.1953125
1 0.13203125 0.4501953125 0.0515625 0.025390625
1 0.171875 0.4541015625 0.059375 0.029296875
1 0.2078125 0.4482421875 0.025 0.025390625
1 0.23125 0.4462890625 0.028125 0.025390625
1 0.32890625 0.44921875 0.0515625 0.0234375
1 0.30390625 0.443359375 0.0390625 0.03125
1 0.26484375 0.439453125 0.0359375 0.01953125
1 0.7359375 0.4609375 0.05625 0.02734375
1 0.80078125 0.4716796875 0.0484375 0.037109375
