6 0.10703125 0.30078125 0.0109375 0.02734375
6 0.93671875 0.296875 0.0078125 0.03125
6 0.89921875 0.30078125 0.0078125 0.03125
6 0.67421875 0.3916015625 0.0078125 0.029296875
6 0.61796875 0.357421875 0.0078125 0.03125
6 0.15546875 0.2294921875 0.0203125 0.076171875
6 0.15234375 0.318359375 0.0078125 0.03125
8 0.95703125 0.36328125 0.0234375 0.046875
8 0.9921875 0.3486328125 0.015625 0.048828125
1 0.59453125 0.4609375 0.0109375 0.01171875
0 0.48828125 0.4638671875 0.0046875 0.017578125
6 0.35546875 0.41015625 0.0109375 0.03125
6 0.3546875 0.435546875 0.009375 0.01171875
7 0.9625 0.529296875 0.0125 0.046875
