6 0.83125 0.3154296875 0.015625 0.083984375
6 0.70703125 0.3017578125 0.0171875 0.068359375
6 0.71796875 0.3818359375 0.0140625 0.025390625
6 0.62421875 0.390625 0.0078125 0.02734375
6 0.603125 0.3916015625 0.00625 0.025390625
6 0.6078125 0.423828125 0.00625 0.0078125
6 0.8390625 0.3916015625 0.009375 0.025390625
6 0.55390625 0.3955078125 0.0078125 0.025390625
6 0.41796875 0.33984375 0.0109375 0.03125
6 0.29765625 0.33203125 0.0078125 0.02734375
6 0.71328125 0.2421875 0.0109375 0.0390625
6 0.675 0.255859375 0.009375 0.03515625
6 0.0265625 0.20703125 0.01875 0.05859375
8 0.79375 0.2900390625 0.03125 0.029296875
8 0.47734375 0.3681640625 0.0328125 0.009765625
8 0.3140625 0.3291015625 0.0125 0.017578125
8 0.6953125 0.2470703125 0.00625 0.033203125
0 0.78046875 0.47265625 0.0484375 0.140625
0 0.753125 0.46875 0.040625 0.10546875
0 0.59453125 0.4609375 0.0140625 0.04296875
1 0.45703125 0.4814453125 0.1640625 0.177734375
1 0.31953125 0.462890625 0.0265625 0.02734375
1 0.2953125 0.46484375 0.034375 0.0390625
1 0.2703125 0.466796875 0.03125 0.0390625
1 0.240625 0.46875 0.04375 0.0390625
1 0.17890625 0.4853515625 0.0859375 0.080078125
1 0.075 0.4814453125 0.15 0.138671875
