0 0.66484375 0.49609375 0.0265625 0.09375
0 0.63515625 0.4990234375 0.0234375 0.087890625
1 0.95390625 0.6982421875 0.0921875 0.220703125
1 0.83515625 0.6171875 0.3078125 0.203125
1 0.85078125 0.498046875 0.1609375 0.06640625
1 0.678125 0.4921875 0.159375 0.0625
1 0.2265625 0.4736328125 0.090625 0.064453125
1 0.1625 0.4716796875 0.0625 0.041015625
1 0.1140625 0.466796875 0.0625 0.0390625
1 0.06171875 0.462890625 0.0703125 0.046875
1 0.0203125 0.462890625 0.040625 0.04296875
1 0.459375 0.439453125 0.053125 0.0234375
1 0.51484375 0.4404296875 0.0265625 0.017578125
1 0.39375 0.4375 0.04375 0.0234375
1 0.3375 0.4375 0.028125 0.01953125
8 0.90234375 0.380859375 0.0515625 0.01953125
