6 0.76015625 0.291015625 0.0234375 0.1015625
6 0.74609375 0.408203125 0.0140625 0.03125
6 0.96953125 0.16796875 0.0109375 0.05859375
6 0.92265625 0.396484375 0.0171875 0.03515625
8 0.92734375 0.3505859375 0.0171875 0.044921875
8 0.9046875 0.4716796875 0.034375 0.017578125
8 0.575 0.4033203125 0.065625 0.021484375
8 0.61015625 0.365234375 0.0609375 0.01171875
8 0.61015625 0.3818359375 0.0609375 0.013671875
8 0.61015625 0.423828125 0.0609375 0.01171875
1 0.6421875 0.521484375 0.215625 0.1171875
1 0.11484375 0.6259765625 0.2296875 0.345703125
1 0.5765625 0.7763671875 0.4375 0.447265625
