0 0.5828125 0.4306640625 0.009375 0.037109375
0 0.57421875 0.4306640625 0.0078125 0.037109375
0 0.06875 0.4365234375 0.0375 0.111328125
0 0.75703125 0.4150390625 0.0140625 0.029296875
5 0.3328125 0.4326171875 0.184375 0.224609375
1 0.7265625 0.474609375 0.128125 0.125
1 0.65703125 0.4609375 0.0578125 0.09765625
1 0.63203125 0.4462890625 0.0484375 0.068359375
1 0.03046875 0.6708984375 0.0609375 0.330078125
1 0.20078125 0.5234375 0.3171875 0.28125
1 0.44453125 0.4267578125 0.0578125 0.056640625
1 0.553125 0.4326171875 0.0375 0.048828125
1 0.5328125 0.43359375 0.0125 0.0390625
1 0.5203125 0.4375 0.021875 0.02734375
1 0.02578125 0.482421875 0.0515625 0.15234375
1 0.47890625 0.4228515625 0.0171875 0.029296875
