6 0.7765625 0.3291015625 0.0125 0.068359375
6 0.68203125 0.26171875 0.0109375 0.0390625
6 0.6484375 0.2724609375 0.009375 0.033203125
6 0.66328125 0.3251953125 0.0140625 0.060546875
6 0.6734375 0.390625 0.015625 0.0234375
6 0.784375 0.3984375 0.009375 0.0234375
6 0.60703125 0.392578125 0.0078125 0.0234375
6 0.5875 0.3935546875 0.00625 0.025390625
6 0.5921875 0.4228515625 0.00625 0.009765625
6 0.54296875 0.3974609375 0.0078125 0.029296875
6 0.415625 0.3447265625 0.009375 0.029296875
6 0.303125 0.3359375 0.009375 0.02734375
6 0.07421875 0.234375 0.0140625 0.046875
8 0.74921875 0.306640625 0.0265625 0.0234375
8 0.6671875 0.265625 0.00625 0.02734375
8 0.4703125 0.3720703125 0.03125 0.009765625
8 0.31796875 0.3330078125 0.0140625 0.017578125
0 0.85625 0.4462890625 0.0375 0.083984375
0 0.9296875 0.4462890625 0.025 0.083984375
0 0.6703125 0.4638671875 0.03125 0.099609375
0 0.628125 0.470703125 0.028125 0.08203125
0 0.5796875 0.458984375 0.0125 0.0390625
1 0.0140625 0.521484375 0.028125 0.07421875
1 0.021875 0.4716796875 0.04375 0.037109375
1 0.053125 0.478515625 0.025 0.0703125
1 0.12890625 0.4755859375 0.1390625 0.115234375
1 0.215625 0.4765625 0.065625 0.06640625
1 0.25078125 0.46484375 0.0359375 0.0390625
1 0.271875 0.462890625 0.028125 0.03515625
1 0.325 0.46484375 0.0875 0.04296875
1 0.45390625 0.4736328125 0.1296875 0.134765625
