6 0.64140625 0.177734375 0.0203125 0.0546875
6 0.79921875 0.1796875 0.0203125 0.05859375
6 0.89921875 0.34765625 0.0140625 0.0390625
6 0.509375 0.2412109375 0.0125 0.041015625
6 0.4015625 0.25390625 0.015625 0.0390625
6 0.121875 0.369140625 0.009375 0.03125
6 0.059375 0.365234375 0.009375 0.03125
6 0.025 0.2177734375 0.0125 0.044921875
8 0.7015625 0.1728515625 0.04375 0.033203125
8 0.96015625 0.2294921875 0.0390625 0.009765625
8 0.84296875 0.3505859375 0.0171875 0.021484375
8 0.84296875 0.3671875 0.0109375 0.01171875
8 0.4609375 0.2412109375 0.034375 0.025390625
8 0.30078125 0.28515625 0.0359375 0.015625
8 0.36484375 0.3720703125 0.0109375 0.025390625
6 0.1328125 0.3671875 0.009375 0.03125
0 0.21328125 0.4677734375 0.0421875 0.126953125
1 0.46875 0.42578125 0.034375 0.03515625
1 0.51484375 0.4228515625 0.0265625 0.037109375
1 0.490625 0.4228515625 0.021875 0.033203125
1 0.61015625 0.53515625 0.2734375 0.26171875
1 0.94140625 0.51953125 0.1171875 0.28125
6 0.0359375 0.39453125 0.015625 0.01953125
6 0.9125 0.3759765625 0.009375 0.009765625
8 0.92109375 0.345703125 0.0234375 0.03515625
8 0.1125 0.39453125 0.01875 0.0078125
