0 0.4515625 0.4658203125 0.0125 0.044921875
0 0.53671875 0.4560546875 0.0078125 0.029296875
0 0.54609375 0.45703125 0.0078125 0.02734375
0 0.54296875 0.4560546875 0.0046875 0.025390625
1 0.16953125 0.51953125 0.1609375 0.12109375
1 0.25234375 0.4921875 0.0984375 0.10546875
1 0.3078125 0.484375 0.04375 0.08203125
1 0.340625 0.484375 0.040625 0.05859375
1 0.36484375 0.4794921875 0.0390625 0.052734375
1 0.409375 0.47265625 0.05 0.04296875
1 0.4359375 0.462890625 0.025 0.0390625
1 0.46328125 0.4609375 0.0203125 0.03125
1 0.47265625 0.4580078125 0.0171875 0.025390625
1 0.48203125 0.4560546875 0.0140625 0.021484375
1 0.490625 0.455078125 0.015625 0.01953125
1 0.5 0.4501953125 0.015625 0.021484375
1 0.5140625 0.4501953125 0.015625 0.017578125
1 0.5234375 0.455078125 0.021875 0.0234375
1 0.56640625 0.458984375 0.0265625 0.0234375
1 0.95625 0.46484375 0.0875 0.11328125
1 0.84296875 0.455078125 0.1671875 0.09375
1 0.75703125 0.462890625 0.0546875 0.078125
1 0.715625 0.4619140625 0.05 0.068359375
11 0.34140625 0.5029296875 0.0265625 0.056640625
