6 0.44921875 0.451171875 0.0078125 0.0234375
6 0.4484375 0.4794921875 0.00625 0.017578125
6 0.4875 0.4755859375 0.00625 0.017578125
6 0.55859375 0.474609375 0.0078125 0.01953125
6 0.6015625 0.4892578125 0.00625 0.017578125
8 0.7046875 0.4345703125 0.01875 0.025390625
8 0.70546875 0.4580078125 0.0203125 0.021484375
8 0.7046875 0.4775390625 0.01875 0.017578125
0 0.76171875 0.513671875 0.0140625 0.05859375
0 0.7734375 0.5146484375 0.015625 0.060546875
0 0.74765625 0.5087890625 0.0203125 0.072265625
0 0.16875 0.5361328125 0.028125 0.044921875
2 0.5734375 0.5341796875 0.01875 0.041015625
2 0.6875 0.54296875 0.034375 0.08203125
2 0.8328125 0.5869140625 0.071875 0.138671875
1 0.6140625 0.5419921875 0.028125 0.025390625
1 0.5390625 0.533203125 0.028125 0.04296875
1 0.50078125 0.5244140625 0.0578125 0.060546875
1 0.38203125 0.5361328125 0.1734375 0.158203125
