0 0.34609375 0.4677734375 0.0171875 0.056640625
1 0.51796875 0.453125 0.0078125 0.01171875
1 0.51328125 0.4541015625 0.0078125 0.009765625
1 0.50625 0.455078125 0.009375 0.01171875
1 0.5 0.45703125 0.009375 0.015625
1 0.4875 0.4599609375 0.01875 0.021484375
1 0.45703125 0.45703125 0.0171875 0.01953125
1 0.42734375 0.4580078125 0.0296875 0.029296875
1 0.38203125 0.4599609375 0.0609375 0.041015625
1 0.29921875 0.4541015625 0.0484375 0.041015625
1 0.2421875 0.4560546875 0.075 0.068359375
1 0.19609375 0.4638671875 0.0890625 0.080078125
1 0.08203125 0.453125 0.0640625 0.078125
1 0.1421875 0.4697265625 0.128125 0.072265625
1 0.0328125 0.45703125 0.065625 0.1015625
1 0.55 0.466796875 0.03125 0.03125
1 0.5734375 0.4638671875 0.01875 0.033203125
1 0.584375 0.46484375 0.021875 0.03125
1 0.5890625 0.4716796875 0.028125 0.037109375
1 0.60859375 0.4765625 0.0421875 0.05859375
1 0.634375 0.4873046875 0.059375 0.068359375
1 0.65703125 0.50390625 0.0828125 0.078125
1 0.80078125 0.55859375 0.1828125 0.16015625
1 0.90859375 0.634765625 0.1828125 0.27734375
