6 0.309375 0.1787109375 0.01875 0.087890625
6 0.71484375 0.376953125 0.0203125 0.0546875
6 0.74765625 0.3759765625 0.0140625 0.056640625
6 0.79375 0.37890625 0.01875 0.0546875
6 0.7515625 0.4453125 0.0125 0.0234375
6 0.7859375 0.4462890625 0.015625 0.025390625
8 0.35390625 0.1708984375 0.0234375 0.033203125
2 0.70703125 0.541015625 0.0203125 0.05078125
2 0.72890625 0.5419921875 0.0359375 0.052734375
2 0.7953125 0.5439453125 0.021875 0.029296875
1 0.03046875 0.521484375 0.0609375 0.06640625
1 0.06953125 0.5166015625 0.0578125 0.072265625
1 0.1109375 0.529296875 0.025 0.046875
1 0.13125 0.53125 0.021875 0.046875
1 0.32109375 0.5400390625 0.2015625 0.193359375
1 0.2125 0.537109375 0.021875 0.03125
