6 0.584375 0.4599609375 0.00625 0.017578125
6 0.52265625 0.3876953125 0.0078125 0.025390625
6 0.48203125 0.46875 0.0046875 0.01171875
6 0.4609375 0.4560546875 0.00625 0.017578125
6 0.42421875 0.4736328125 0.0046875 0.017578125
6 0.40703125 0.4755859375 0.0046875 0.013671875
6 0.30703125 0.4794921875 0.0046875 0.013671875
6 0.29140625 0.44140625 0.0046875 0.01171875
8 0.58046875 0.4267578125 0.0109375 0.009765625
8 0.76796875 0.435546875 0.0171875 0.0234375
1 0.1375 0.498046875 0.0375 0.03515625
1 0.365625 0.501953125 0.01875 0.01953125
1 0.415625 0.498046875 0.04375 0.02734375
1 0.4984375 0.4892578125 0.01875 0.013671875
1 0.51953125 0.50390625 0.0234375 0.02734375
1 0.50234375 0.5166015625 0.0453125 0.044921875
