4 0.66171875 0.5419921875 0.0578125 0.068359375
8 0.34296875 0.4560546875 0.0203125 0.025390625
8 0.34296875 0.4765625 0.0234375 0.01171875
8 0.98203125 0.408203125 0.0359375 0.0546875
8 0.984375 0.4619140625 0.03125 0.052734375
0 0.015625 0.564453125 0.03125 0.13671875
0 0.1484375 0.580078125 0.03125 0.11328125
0 0.2984375 0.5673828125 0.021875 0.060546875
0 0.284375 0.556640625 0.028125 0.07421875
0 0.321875 0.5625 0.01875 0.07421875
0 0.40703125 0.55078125 0.0109375 0.05078125
0 0.41953125 0.5576171875 0.0171875 0.056640625
0 0.35703125 0.5595703125 0.0171875 0.052734375
0 0.3453125 0.5537109375 0.015625 0.056640625
0 0.4484375 0.55078125 0.009375 0.04296875
0 0.46484375 0.548828125 0.0109375 0.046875
0 0.45625 0.55078125 0.009375 0.04296875
0 0.50234375 0.5439453125 0.0109375 0.029296875
0 0.525 0.5419921875 0.009375 0.017578125
0 0.4765625 0.544921875 0.0125 0.02734375
0 0.621875 0.5390625 0.00625 0.01953125
0 0.609375 0.5380859375 0.003125 0.013671875
0 0.69921875 0.5498046875 0.0078125 0.025390625
0 0.79296875 0.5556640625 0.0171875 0.048828125
0 0.7421875 0.5498046875 0.009375 0.037109375
0 0.75078125 0.5556640625 0.0109375 0.048828125
0 0.75703125 0.560546875 0.0109375 0.03515625
5 0.5625 0.521484375 0.059375 0.05859375
1 0.5109375 0.6220703125 0.128125 0.142578125
1 0.56640625 0.5830078125 0.0515625 0.076171875
