8 0.1359375 0.345703125 0.04375 0.0546875
8 0.134375 0.3828125 0.03125 0.015625
0 0.78125 0.5654296875 0.040625 0.142578125
0 0.5 0.4541015625 0.009375 0.025390625
0 0.384375 0.4482421875 0.009375 0.013671875
1 0.26328125 0.51953125 0.1046875 0.08984375
1 0.31640625 0.5029296875 0.0546875 0.068359375
1 0.33671875 0.494140625 0.0421875 0.05859375
1 0.9203125 0.5224609375 0.159375 0.126953125
1 0.9015625 0.4931640625 0.15625 0.107421875
1 0.80859375 0.501953125 0.0578125 0.0859375
1 0.3546875 0.4873046875 0.03125 0.048828125
1 0.3734375 0.4814453125 0.028125 0.044921875
1 0.38984375 0.47265625 0.0359375 0.04296875
1 0.409375 0.4677734375 0.025 0.033203125
1 0.4234375 0.462890625 0.021875 0.02734375
1 0.4328125 0.4560546875 0.028125 0.033203125
1 0.44765625 0.4541015625 0.0140625 0.025390625
1 0.45234375 0.44921875 0.0171875 0.0234375
1 0.46015625 0.4453125 0.0140625 0.01953125
1 0.4671875 0.4443359375 0.0125 0.017578125
1 0.56953125 0.474609375 0.0484375 0.0546875
1 0.56328125 0.466796875 0.0453125 0.05078125
1 0.5421875 0.4619140625 0.021875 0.041015625
1 0.53203125 0.4541015625 0.0109375 0.021484375
1 0.5296875 0.44921875 0.01875 0.01953125
1 0.52578125 0.443359375 0.0171875 0.01953125
1 0.52109375 0.439453125 0.0078125 0.01171875
