0 0.55546875 0.498046875 0.0421875 0.140625
0 0.49609375 0.4892578125 0.0453125 0.150390625
0 0.46015625 0.4951171875 0.0421875 0.162109375
0 0.4078125 0.4599609375 0.021875 0.044921875
0 0.36640625 0.4599609375 0.0234375 0.041015625
1 0.928125 0.533203125 0.14375 0.2109375
1 0.86171875 0.498046875 0.2765625 0.20703125
1 0.66015625 0.4990234375 0.1796875 0.115234375
1 0.63515625 0.453125 0.1421875 0.06640625
1 0.33203125 0.470703125 0.0484375 0.046875
1 0.30078125 0.4677734375 0.0390625 0.041015625
1 0.27734375 0.466796875 0.0453125 0.04296875
1 0.24453125 0.46875 0.0296875 0.03515625
1 0.0875 0.4814453125 0.175 0.095703125
11 0.4140625 0.4521484375 0.14375 0.091796875
11 0.36796875 0.4990234375 0.0265625 0.041015625
11 0.41328125 0.498046875 0.0328125 0.04296875
