0 0.70390625 0.431640625 0.0171875 0.0625
0 0.71953125 0.4150390625 0.0140625 0.037109375
0 0.72109375 0.4443359375 0.0234375 0.072265625
0 0.7328125 0.4306640625 0.0125 0.052734375
0 0.7578125 0.439453125 0.01875 0.07421875
0 0.79921875 0.44921875 0.0265625 0.08203125
0 0.82734375 0.4482421875 0.0296875 0.083984375
0 0.84296875 0.4423828125 0.0140625 0.056640625
0 0.8515625 0.453125 0.01875 0.08203125
0 0.884375 0.4658203125 0.028125 0.095703125
0 0.91015625 0.44921875 0.0171875 0.06640625
0 0.92109375 0.4697265625 0.0296875 0.083984375
0 0.95234375 0.48046875 0.0328125 0.109375
0 0.9796875 0.443359375 0.01875 0.046875
0 0.33671875 0.404296875 0.0109375 0.0703125
0 0.284375 0.4091796875 0.021875 0.087890625
0 0.3078125 0.4189453125 0.03125 0.115234375
0 0.2359375 0.42578125 0.021875 0.12109375
0 0.253125 0.4091796875 0.034375 0.142578125
0 0.21484375 0.4189453125 0.0265625 0.146484375
0 0.1921875 0.416015625 0.046875 0.19921875
0 0.1234375 0.4287109375 0.05625 0.185546875
0 0.1609375 0.396484375 0.015625 0.078125
0 0.0609375 0.3935546875 0.0375 0.115234375
0 0.009375 0.3828125 0.01875 0.12109375
2 0.61640625 0.5009765625 0.2890625 0.408203125
5 0.44140625 0.380859375 0.1984375 0.31640625
