0 0.44453125 0.462890625 0.0109375 0.0390625
0 0.5328125 0.458984375 0.009375 0.02734375
0 0.525 0.45703125 0.009375 0.02734375
1 0.06640625 0.52734375 0.1328125 0.1796875
1 0.246875 0.5 0.1125 0.0859375
1 0.29609375 0.4833984375 0.0765625 0.083984375
1 0.33515625 0.4775390625 0.0296875 0.064453125
1 0.3546875 0.48046875 0.028125 0.05078125
1 0.384375 0.4775390625 0.0125 0.041015625
1 0.4078125 0.470703125 0.040625 0.03515625
1 0.43046875 0.4609375 0.0265625 0.03515625
1 0.4578125 0.4599609375 0.01875 0.029296875
1 0.46796875 0.4580078125 0.0140625 0.021484375
1 0.47578125 0.4541015625 0.0140625 0.017578125
1 0.503125 0.4580078125 0.021875 0.021484375
1 0.54765625 0.4609375 0.0234375 0.02734375
1 0.92109375 0.5322265625 0.1578125 0.205078125
1 0.87734375 0.4599609375 0.1390625 0.091796875
1 0.76015625 0.4560546875 0.1203125 0.072265625
1 0.70078125 0.4619140625 0.0421875 0.060546875
1 0.66875 0.4619140625 0.0375 0.056640625
