8 0.45390625 0.4345703125 0.0046875 0.001953125
0 0.68828125 0.470703125 0.0203125 0.05078125
0 0.58203125 0.4443359375 0.0078125 0.017578125
0 0.590625 0.4482421875 0.00625 0.021484375
0 0.67265625 0.4658203125 0.0171875 0.052734375
0 0.65546875 0.466796875 0.0140625 0.05078125
0 0.94609375 0.4912109375 0.0203125 0.083984375
0 0.9640625 0.48828125 0.015625 0.08203125
0 0.93671875 0.46484375 0.0109375 0.0390625
0 0.88359375 0.4462890625 0.0109375 0.013671875
0 0.35234375 0.4580078125 0.0109375 0.037109375
0 0.365625 0.4501953125 0.009375 0.021484375
0 0.378125 0.4443359375 0.00625 0.021484375
0 0.384375 0.4423828125 0.00625 0.021484375
0 0.509375 0.4541015625 0.009375 0.041015625
5 0.55234375 0.4296875 0.0234375 0.0234375
1 0.4609375 0.4443359375 0.025 0.017578125
1 0.478125 0.4453125 0.025 0.01953125
1 0.49765625 0.4501953125 0.0203125 0.025390625
1 0.43828125 0.4560546875 0.0296875 0.033203125
1 0.38359375 0.486328125 0.0703125 0.06640625
1 0.5515625 0.44921875 0.01875 0.0234375
1 0.5671875 0.4521484375 0.03125 0.017578125
1 0.5390625 0.44921875 0.01875 0.01953125
1 0.5265625 0.4501953125 0.0125 0.017578125
1 0.63359375 0.4501953125 0.0390625 0.025390625
1 0.82265625 0.556640625 0.2171875 0.1953125
1 0.5859375 0.5 0.18125 0.078125
1 0.884375 0.478515625 0.09375 0.05078125
1 0.7875 0.4638671875 0.090625 0.048828125
1 0.75390625 0.4658203125 0.0765625 0.044921875
