4 0.29609375 0.4677734375 0.1328125 0.123046875
8 0.2296875 0.412109375 0.009375 0.0234375
8 0.22734375 0.447265625 0.0078125 0.01953125
0 0.2125 0.4892578125 0.021875 0.064453125
1 0.69765625 0.5009765625 0.1109375 0.107421875
1 0.609375 0.4814453125 0.08125 0.076171875
1 0.55703125 0.4873046875 0.0390625 0.041015625
1 0.54140625 0.478515625 0.0296875 0.03515625
1 0.5171875 0.4853515625 0.01875 0.017578125
1 0.4265625 0.4873046875 0.01875 0.021484375
1 0.76171875 0.462890625 0.1015625 0.0546875
