6 0.15546875 0.3984375 0.0046875 0.015625
6 0.19609375 0.3994140625 0.0046875 0.013671875
8 0.87734375 0.3642578125 0.0265625 0.021484375
8 0.8765625 0.3251953125 0.040625 0.048828125
8 0.784375 0.3251953125 0.021875 0.037109375
8 0.425 0.3583984375 0.025 0.037109375
8 0.234375 0.4150390625 0.01875 0.005859375
8 0.26875 0.4287109375 0.009375 0.013671875
0 0.62265625 0.419921875 0.0203125 0.0546875
1 0.11953125 0.46484375 0.0296875 0.03125
1 0.16875 0.462890625 0.028125 0.03125
1 0.19296875 0.462890625 0.0203125 0.0234375
1 0.22421875 0.4638671875 0.0171875 0.021484375
1 0.2109375 0.462890625 0.015625 0.015625
