6 0.278125 0.4501953125 0.009375 0.025390625
6 0.2859375 0.4619140625 0.00625 0.021484375
6 0.2765625 0.4716796875 0.003125 0.009765625
6 0.384375 0.39453125 0.015625 0.02734375
6 0.4390625 0.4091796875 0.0125 0.021484375
6 0.4796875 0.4111328125 0.00625 0.017578125
8 0.31640625 0.4248046875 0.0359375 0.009765625
8 0.4578125 0.40625 0.009375 0.015625
8 0.503125 0.4296875 0.028125 0.0078125
8 0.58125 0.4326171875 0.01875 0.017578125
8 0.55078125 0.431640625 0.0078125 0.03515625
8 0.54375 0.447265625 0.00625 0.01171875
8 0.628125 0.404296875 0.009375 0.01953125
8 0.62890625 0.4189453125 0.0109375 0.009765625
8 0.3765625 0.4892578125 0.00625 0.005859375
8 0.3 0.4599609375 0.009375 0.009765625
8 0.3 0.466796875 0.00625 0.00390625
0 0.015625 0.5068359375 0.021875 0.076171875
0 0.0375 0.5078125 0.021875 0.07421875
0 0.0546875 0.5068359375 0.021875 0.072265625
0 0.0640625 0.5048828125 0.015625 0.064453125
0 0.08828125 0.513671875 0.0171875 0.05859375
0 0.08046875 0.5029296875 0.0171875 0.068359375
0 0.10625 0.5078125 0.0125 0.0625
0 0.0953125 0.5068359375 0.0125 0.064453125
0 0.26796875 0.5 0.0078125 0.0234375
0 0.275 0.5 0.00625 0.02734375
0 0.2828125 0.498046875 0.009375 0.02734375
0 0.25859375 0.4951171875 0.0078125 0.029296875
0 0.6796875 0.4638671875 0.009375 0.029296875
0 0.6859375 0.4638671875 0.009375 0.033203125
0 0.69296875 0.4599609375 0.0109375 0.037109375
5 0.46328125 0.4736328125 0.0484375 0.068359375
1 0.1765625 0.4951171875 0.134375 0.119140625
1 0.534375 0.5068359375 0.103125 0.111328125
1 0.425 0.4951171875 0.0375 0.041015625
1 0.4 0.501953125 0.015625 0.02734375
11 0.61875 0.4755859375 0.065625 0.037109375
