4 0.0765625 0.4306640625 0.153125 0.201171875
6 0.37578125 0.119140625 0.0171875 0.0625
6 0.68984375 0.3037109375 0.0171875 0.068359375
6 0.90859375 0.2744140625 0.0203125 0.080078125
6 0.69140625 0.376953125 0.0203125 0.01953125
6 0.91796875 0.359375 0.0265625 0.03515625
8 0.5375 0.4091796875 0.015625 0.025390625
8 0.67578125 0.3505859375 0.0421875 0.017578125
0 0.6921875 0.462890625 0.025 0.08203125
0 0.59921875 0.4716796875 0.0265625 0.087890625
0 0.62890625 0.4716796875 0.0234375 0.083984375
0 0.6484375 0.4736328125 0.01875 0.080078125
1 0.79765625 0.451171875 0.1140625 0.046875
1 0.75703125 0.4462890625 0.0703125 0.044921875
2 0.4109375 0.5107421875 0.015625 0.017578125
