0 0.66328125 0.505859375 0.0453125 0.1328125
0 0.71328125 0.4736328125 0.0265625 0.052734375
1 0.06484375 0.5634765625 0.1296875 0.201171875
1 0.221875 0.50390625 0.15625 0.16015625
1 0.34921875 0.4970703125 0.0984375 0.087890625
1 0.4015625 0.4794921875 0.059375 0.072265625
1 0.44296875 0.4716796875 0.0328125 0.056640625
1 0.48984375 0.462890625 0.0296875 0.03125
1 0.74296875 0.5341796875 0.1203125 0.123046875
1 0.83671875 0.5576171875 0.1890625 0.162109375
1 0.890625 0.6611328125 0.21875 0.318359375
0 0.79140625 0.466796875 0.0234375 0.03515625
0 0.81328125 0.466796875 0.0234375 0.03515625
