4 0.321875 0.4970703125 0.08125 0.111328125
4 0.5046875 0.5146484375 0.03125 0.033203125
8 0.7875 0.4814453125 0.015625 0.017578125
8 0.8453125 0.470703125 0.0125 0.01953125
0 0.61953125 0.525390625 0.0078125 0.02734375
0 0.715625 0.521484375 0.009375 0.03125
0 0.73125 0.5244140625 0.009375 0.021484375
0 0.775 0.529296875 0.0125 0.03125
0 0.73984375 0.5244140625 0.0078125 0.021484375
0 0.85703125 0.5283203125 0.0109375 0.021484375
0 0.75390625 0.525390625 0.0078125 0.015625
0 0.690625 0.5205078125 0.00625 0.021484375
0 0.78671875 0.53125 0.0078125 0.03125
1 0.1421875 0.705078125 0.284375 0.296875
1 0.29609375 0.6142578125 0.1640625 0.169921875
1 0.1390625 0.546875 0.028125 0.0234375
1 0.17421875 0.544921875 0.0484375 0.03125
1 0.45625 0.53125 0.025 0.02734375
1 0.4078125 0.529296875 0.028125 0.015625
1 0.36796875 0.5380859375 0.0234375 0.044921875
1 0.384375 0.5380859375 0.015625 0.037109375
1 0.425 0.5263671875 0.015625 0.013671875
1 0.4796875 0.5126953125 0.015625 0.021484375
1 0.43671875 0.5234375 0.0109375 0.01171875
1 0.5625 0.5244140625 0.021875 0.017578125
1 0.53203125 0.6181640625 0.1671875 0.177734375
1 0.528125 0.5244140625 0.025 0.017578125
1 0.6765625 0.5517578125 0.096875 0.044921875
1 0.90625 0.583984375 0.140625 0.09765625
1 0.9625 0.6552734375 0.075 0.169921875
1 0.821875 0.666015625 0.234375 0.23828125
