6 0.40078125 0.4208984375 0.0046875 0.009765625
6 0.43046875 0.4423828125 0.0046875 0.009765625
6 0.35234375 0.412109375 0.0046875 0.01171875
8 0.840625 0.154296875 0.1 0.1328125
8 0.840625 0.234375 0.071875 0.01953125
8 0.8421875 0.2734375 0.06875 0.0390625
8 0.41484375 0.427734375 0.0140625 0.00390625
8 0.128125 0.4208984375 0.0125 0.009765625
2 0.65703125 0.544921875 0.0546875 0.13671875
1 0.43515625 0.4677734375 0.0234375 0.029296875
1 0.421875 0.466796875 0.009375 0.02734375
1 0.39453125 0.466796875 0.0171875 0.01953125
1 0.34453125 0.470703125 0.0265625 0.03125
1 0.359375 0.4677734375 0.009375 0.017578125
1 0.3640625 0.4658203125 0.0125 0.021484375
1 0.37421875 0.4677734375 0.0109375 0.021484375
1 0.2515625 0.474609375 0.01875 0.0234375
1 0.23828125 0.4775390625 0.0171875 0.025390625
1 0.225 0.478515625 0.015625 0.02734375
1 0.2125 0.478515625 0.021875 0.02734375
1 0.19453125 0.48046875 0.0296875 0.03515625
1 0.1609375 0.4794921875 0.046875 0.044921875
1 0.128125 0.4833984375 0.04375 0.044921875
1 0.07578125 0.5751953125 0.1515625 0.291015625
11 0.2859375 0.4580078125 0.05 0.060546875
8 0.571875 0.3857421875 0.03125 0.013671875
