0 0.4921875 0.4501953125 0.0125 0.041015625
0 0.52265625 0.4560546875 0.0109375 0.033203125
2 0.403125 0.482421875 0.01875 0.0390625
2 0.45546875 0.462890625 0.0140625 0.02734375
1 0.30859375 0.4970703125 0.0984375 0.111328125
1 0.36640625 0.482421875 0.0421875 0.05859375
1 0.39609375 0.4677734375 0.0390625 0.041015625
1 0.409375 0.4580078125 0.03125 0.037109375
1 0.4234375 0.4482421875 0.034375 0.037109375
1 0.44296875 0.4453125 0.0140625 0.02734375
1 0.45859375 0.4375 0.0203125 0.01953125
1 0.50390625 0.4443359375 0.0171875 0.025390625
1 0.971875 0.814453125 0.05625 0.203125
1 0.86640625 0.6533203125 0.2671875 0.220703125
1 0.73671875 0.572265625 0.1609375 0.140625
1 0.63125 0.5087890625 0.0875 0.080078125
1 0.6015625 0.4912109375 0.053125 0.060546875
1 0.5984375 0.4716796875 0.059375 0.052734375
1 0.5671875 0.462890625 0.046875 0.05859375
1 0.53828125 0.451171875 0.0234375 0.04296875
1 0.259375 0.4521484375 0.053125 0.044921875
11 0.4921875 0.4736328125 0.00625 0.005859375
1 0.109375 0.4638671875 0.0875 0.052734375
1 0.86640625 0.4501953125 0.0453125 0.025390625
