6 0.7 0.2294921875 0.03125 0.083984375
6 0.715625 0.32421875 0.028125 0.0390625
6 0.365625 0.2626953125 0.01875 0.068359375
6 0.359375 0.337890625 0.025 0.03125
8 0.71015625 0.287109375 0.0359375 0.03125
8 0.775 0.3017578125 0.0625 0.021484375
8 0.753125 0.263671875 0.021875 0.05078125
8 0.29921875 0.361328125 0.0140625 0.0234375
0 0.9171875 0.47265625 0.1 0.34375
0 0.8140625 0.48046875 0.08125 0.2890625
0 0.83984375 0.47265625 0.0546875 0.27734375
0 0.7453125 0.486328125 0.09375 0.296875
0 0.56796875 0.4794921875 0.0609375 0.251953125
0 0.5140625 0.4765625 0.0625 0.26953125
0 0.47109375 0.4677734375 0.0390625 0.162109375
0 0.32734375 0.4482421875 0.0140625 0.048828125
0 0.11015625 0.4453125 0.0078125 0.02734375
0 0.10234375 0.4453125 0.0078125 0.02734375
0 0.0921875 0.4462890625 0.00625 0.025390625
1 0.91953125 0.48828125 0.1609375 0.16015625
1 0.2625 0.4560546875 0.05625 0.056640625
1 0.20078125 0.4462890625 0.0265625 0.033203125
1 0.13359375 0.447265625 0.0359375 0.03515625
1 0.05390625 0.4521484375 0.0484375 0.044921875
7 0.3390625 0.47265625 0.015625 0.0625
