6 0.25078125 0.384765625 0.0171875 0.0234375
6 0.253125 0.326171875 0.015625 0.0546875
6 0.55546875 0.17578125 0.0203125 0.05859375
6 0.7484375 0.306640625 0.015625 0.05078125
6 0.74375 0.3681640625 0.009375 0.021484375
0 0.04765625 0.509765625 0.0953125 0.23046875
0 0.21015625 0.4658203125 0.0203125 0.076171875
0 0.2265625 0.458984375 0.021875 0.078125
0 0.89765625 0.458984375 0.0328125 0.08203125
0 0.9328125 0.4462890625 0.034375 0.095703125
0 0.77578125 0.4404296875 0.0140625 0.037109375
0 0.70703125 0.4580078125 0.0140625 0.041015625
0 0.29921875 0.4541015625 0.0140625 0.048828125
2 0.7171875 0.46875 0.01875 0.046875
2 0.61328125 0.4736328125 0.0171875 0.041015625
2 0.64453125 0.4755859375 0.0140625 0.041015625
2 0.3359375 0.501953125 0.096875 0.07421875
1 0.39296875 0.4697265625 0.0265625 0.044921875
1 0.36875 0.46484375 0.04375 0.0703125
1 0.503125 0.4521484375 0.0375 0.060546875
1 0.471875 0.4619140625 0.0625 0.076171875
1 0.44375 0.474609375 0.078125 0.0703125
1 0.9328125 0.640625 0.134375 0.36328125
