4 0.18359375 0.384765625 0.3671875 0.48046875
4 0.425 0.375 0.046875 0.140625
6 0.83359375 0.33203125 0.0140625 0.05078125
6 0.77109375 0.34375 0.0140625 0.0390625
6 0.82109375 0.3427734375 0.0109375 0.033203125
0 0.834375 0.42578125 0.015625 0.0625
0 0.91953125 0.4638671875 0.0265625 0.119140625
0 0.39609375 0.4033203125 0.0109375 0.044921875
0 0.38515625 0.4052734375 0.0109375 0.048828125
0 0.3796875 0.4033203125 0.0125 0.044921875
0 0.36640625 0.4072265625 0.0109375 0.048828125
1 0.5953125 0.490234375 0.390625 0.54296875
1 0.8046875 0.455078125 0.065625 0.14453125
