4 0.8734375 0.42578125 0.253125 0.15625
4 0.5078125 0.435546875 0.0625 0.0546875
4 0.62265625 0.4248046875 0.0859375 0.037109375
4 0.425 0.4521484375 0.09375 0.037109375
0 0.8046875 0.505859375 0.084375 0.2578125
0 0.70078125 0.5146484375 0.0703125 0.259765625
0 0.63125 0.462890625 0.01875 0.0703125
0 0.60546875 0.466796875 0.0140625 0.0625
0 0.59296875 0.4677734375 0.0171875 0.060546875
0 0.6578125 0.4326171875 0.009375 0.021484375
0 0.54453125 0.458984375 0.0140625 0.0390625
0 0.57265625 0.45703125 0.0109375 0.03515625
0 0.5609375 0.45703125 0.009375 0.03515625
0 0.65078125 0.4326171875 0.0078125 0.021484375
0 0.3625 0.4658203125 0.00625 0.021484375
0 0.36796875 0.4658203125 0.0046875 0.021484375
0 0.28671875 0.4697265625 0.0078125 0.025390625
0 0.1359375 0.4892578125 0.015625 0.029296875
1 0.92578125 0.4619140625 0.1484375 0.138671875
1 0.90859375 0.4375 0.1828125 0.109375
1 0.49609375 0.5087890625 0.1109375 0.107421875
7 0.3359375 0.4775390625 0.00625 0.021484375
