6 0.809375 0.4228515625 0.01875 0.072265625
6 0.81015625 0.564453125 0.0140625 0.03515625
6 0.04765625 0.29296875 0.0265625 0.1015625
6 0.12265625 0.494140625 0.0078125 0.02734375
6 0.12890625 0.494140625 0.0046875 0.02734375
6 0.734375 0.4931640625 0.009375 0.029296875
8 0.7015625 0.4873046875 0.01875 0.021484375
8 0.7 0.5068359375 0.01875 0.021484375
8 0.7015625 0.52734375 0.01875 0.0234375
8 0.11875 0.5224609375 0.0125 0.013671875
8 0.04453125 0.43359375 0.0359375 0.046875
0 0.9640625 0.66796875 0.071875 0.19921875
0 0.63046875 0.5693359375 0.0234375 0.068359375
0 0.0640625 0.57421875 0.015625 0.0546875
1 0.50859375 0.5361328125 0.0171875 0.013671875
1 0.5328125 0.537109375 0.0125 0.01171875
1 0.521875 0.5361328125 0.009375 0.013671875
