8 0.5078125 0.40234375 0.028125 0.0390625
8 0.50703125 0.4326171875 0.0296875 0.021484375
8 0.5921875 0.41796875 0.01875 0.0390625
0 0.19765625 0.494140625 0.0296875 0.08984375
0 0.23046875 0.5029296875 0.0234375 0.095703125
0 0.71015625 0.4765625 0.0140625 0.0234375
1 0.63125 0.517578125 0.25 0.1484375
1 0.8140625 0.50390625 0.090625 0.046875
1 0.8703125 0.50390625 0.0375 0.0390625
1 0.93203125 0.53125 0.1359375 0.140625
1 0.684375 0.478515625 0.025 0.01953125
1 0.74609375 0.48046875 0.0546875 0.02734375
1 0.8015625 0.482421875 0.04375 0.0234375
