6 0.8640625 0.5087890625 0.00625 0.029296875
6 0.4703125 0.4306640625 0.01875 0.056640625
6 0.534375 0.3828125 0.025 0.07421875
6 0.33046875 0.4609375 0.0078125 0.02734375
8 0.8984375 0.5 0.015625 0.02734375
8 0.5375 0.451171875 0.0375 0.0546875
8 0.49375 0.42578125 0.015625 0.04296875
8 0.334375 0.4921875 0.015625 0.01953125
8 0.68828125 0.4931640625 0.0203125 0.025390625
0 0.73203125 0.5771484375 0.0328125 0.103515625
3 0.6125 0.5712890625 0.0875 0.064453125
3 0.68984375 0.57421875 0.0734375 0.04296875
1 0.353125 0.669921875 0.18125 0.16796875
1 0.5671875 0.564453125 0.025 0.0390625
1 0.5171875 0.5615234375 0.03125 0.037109375
1 0.61875 0.537109375 0.0125 0.015625
